1.2
1.20001
1.20002
1.20003
1.20005
1.20008
1.20011
1.20014
1.20018
1.20022
1.20026
1.20031
1.20037
1.20043
1.2005
1.20057
1.20064
1.20073
1.20081
1.2009
1.201
1.2011
1.20121
1.20132
1.20144
1.20156
1.20169
1.20183
1.20197
1.20212
1.20227
1.20243
1.20259
1.20276
1.20294
1.20312
1.20331
1.20351
1.20371
1.20392
1.20414
1.20436
1.2046
1.20484
1.20508
1.20534
1.2056
1.20587
1.20615
1.20644
1.20673
1.20704
1.20736
1.20769
1.20803
1.20838
1.20875
1.20913
1.20953
1.20994
1.21037
1.21082
1.21128
1.21177
1.21229
1.21283
1.21339
1.21399
1.21461
1.21526
1.21594
1.21664
1.21737
1.21811
1.21885
1.21956
1.22022
1.22077
1.22114
1.22125
1.22095
1.22008
1.21846
1.21591
1.21238
1.20802
1.20337
1.1994
1.19726
1.19781
1.20116
1.20655
1.21279
1.21872
1.22351
1.22661
1.22748
1.22544
1.21949
1.20865
1.19297
1.17561
1.16376
1.16453
1.17793
1.19692
1.21442
1.22741
1.23598
1.24124
1.24428
1.24577
1.246
1.24487
1.24196
1.23655
1.22781
1.21524
1.19945
1.18295
1.16957
1.16243
1.16247
1.16928
1.18188
1.19794
1.21377
1.22592
1.23236
1.23233
1.22592
1.21389
1.19812
1.18183
1.16887
1.16215
1.16222
1.16733
1.17497
1.18365
1.19342
1.20467
1.21693
1.22879
1.23886
1.2464
1.25128
1.25371
1.25395
1.2522
1.24864
1.2436
1.23778
1.23234
1.22873
1.22796
1.23
1.23361
1.237
1.23849
1.23692
1.23177
1.22317
1.21197
1.19981
1.18885
1.18102
1.17722
1.17712
1.17977
1.18445
1.19093
1.19916
1.20874
1.21884
1.22851
1.23698
1.24386
1.24905
1.25273
1.25513
1.25654
1.25723
1.25739
1.25719
1.25673
1.25606
1.2552
1.25411
1.25275
1.251
1.24876
1.24592
1.24242
1.2383
1.23376
1.22919
1.22506
1.22179
1.21945
1.21756
1.21505
1.21031
1.20159
1.18797
1.17122
1.15714
1.15254
1.1587
1.17041
1.18244
1.19365
1.2051
1.21708
1.22851
1.23805
1.24497
1.24926
1.25132
1.25167
1.25082
1.24918
1.24715
1.24509
1.24328
1.24197
1.24124
1.24106
1.24123
1.24152
1.24167
1.24152
1.241
1.24008
1.23872
1.23665
1.23331
1.22794
1.22
1.20999
1.20011
1.19335
1.19062
1.18852
1.18066
1.16151
1.13082
1.09897
1.08674
1.10725
1.14893
1.19083
1.22232
1.24286
1.25533
1.26259
1.2666
1.26861
1.26931
1.26906
1.26795
1.26589
1.26264
1.25784
1.25124
1.24291
1.23377
1.22579
1.22154
1.22264
1.2286
1.23708
1.24545
1.2519
1.2556
1.25631
1.25405
1.249
1.24169
1.23334
1.22593
1.22162
1.22158
1.22526
1.23091
1.23675
1.24178
1.24581
1.24904
1.25181
1.25431
1.25663
1.25878
1.26073
1.26249
1.26405
1.26547
1.26677
1.26797
1.26905
1.26995
1.27056
1.27073
1.27025
1.26888
1.26637
1.26255
1.25749
1.25171
1.24622
1.24238
1.24126
1.24299
1.24664
1.25073
1.25395
1.25551
1.2552
1.25324
1.25012
1.24654
1.2433
1.2412
1.24089
1.24267
1.24639
1.25149
1.25715
1.26247
1.26659
1.26877
1.26819
1.26391
1.25482
1.24034
1.22204
1.20567
1.19973
1.20823
1.22631
1.24557
1.26085
1.27109
1.27716
1.28028
1.28144
1.28124
1.28007
1.27813
1.27555
1.2724
1.26869
1.26445
1.25963
1.25423
1.24831
1.24217
1.23644
1.232
1.22971
1.22991
1.23223
1.2358
1.23972
1.24335
1.24648
1.24916
1.25159
1.254
1.25653
1.25924
1.26208
1.26494
1.26769
1.27025
1.27253
1.27453
1.27625
1.27771
1.27894
1.27995
1.28074
1.28126
1.28145
1.28119
1.28029
1.27854
1.2757
1.27159
1.26616
1.25967
1.25273
1.2462
1.24089
1.23716
1.23485
1.23357
1.23308
1.23356
1.23535
1.23867
1.24335
1.24888
1.25457
1.25983
1.26426
1.26768
1.27008
1.27155
1.27225
1.27234
1.272
1.27139
1.27066
1.26992
1.26927
1.26876
1.26839
1.26812
1.2679
1.26768
1.26739
1.26703
1.2666
1.26613
1.2657
1.26538
1.26525
1.26537
1.26577
1.26646
1.2674
1.26856
1.26987
1.27126
1.27268
1.27407
1.27539
1.2766
1.27764
1.2785
1.27909
1.27936
1.27916
1.27829
1.2764
1.27297
1.26726
1.2585
1.24643
1.23246
1.22066
1.21659
1.22301
1.23713
1.25327
1.26718
1.27734
1.28395
1.28776
1.28946
1.28952
1.28813
1.28529
1.28084
1.27454
1.26629
1.25648
1.24639
1.23843
1.23541
1.23881
1.24764
1.25906
1.27025
1.27952
1.28634
1.29088
1.29359
1.29493
1.29534
1.29516
1.29468
1.29411
1.2936
1.29327
1.29315
1.29325
1.29352
1.2939
1.29428
1.29458
1.29467
1.29449
1.294
1.29321
1.29224
1.29125
1.29048
1.29016
1.29041
1.29123
1.29246
1.29383
1.29504
1.29584
1.29606
1.29564
1.29466
1.29326
1.29172
1.29035
1.28948
1.2894
1.2903
1.2922
1.295
1.29846
1.30231
1.30624
1.31004
1.31352
1.31658
1.31917
1.32126
1.32284
1.3239
1.3244
1.32428
1.32346
1.32178
1.31908
1.31516
1.3099
1.30331
1.29574
1.28802
1.28148
1.27749
1.27691
1.27957
1.28442
1.29009
1.29545
1.29978
1.3027
1.30406
1.3038
1.30195
1.29876
1.29476
1.29088
1.28825
1.28782
1.28988
1.29395
1.29903
1.3041
1.30846
1.31176
1.31397
1.3152
1.31562
1.3154
1.31472
1.31372
1.31254
1.31131
1.31014
1.30913
1.30834
1.30782
1.30756
1.30755
1.30772
1.30802
1.30836
1.30867
1.30891
1.30901
1.30894
1.30866
1.30815
1.30739
1.3064
1.30519
1.3038
1.30231
1.30082
1.29946
1.29836
1.29764
1.29735
1.29749
1.29801
1.2988
1.29973
1.30068
1.30154
1.30225
1.30276
1.30305
1.30312
1.30298
1.30264
1.30211
1.30141
1.30052
1.29943
1.29812
1.29651
1.29449
1.2919
1.28853
1.2842
1.27887
1.27284
1.26699
1.26273
1.26149
1.264
1.26971
1.27718
1.2848
1.29148
1.29672
1.30045
1.30283
1.30408
1.30438
1.30389
1.3027
1.30089
1.29857
1.2959
1.29317
1.29082
1.28936
1.28925
1.29069
1.29355
1.2974
1.30165
1.30578
1.30938
1.3122
1.31408
1.31488
1.31444
1.3126
1.3092
1.3043
1.29843
1.29274
1.28895
1.2886
1.29217
1.29877
1.30669
1.31436
1.32087
1.3259
1.32949
1.33183
1.33305
1.33318
1.33212
1.32961
1.32525
1.31859
1.30931
1.29753
1.28422
1.27145
1.26176
1.25695
1.25697
1.26017
1.26453
1.26863
1.27211
1.2756
1.28015
1.28645
1.29432
1.30288
1.31104
1.31802
1.32347
1.32737
1.32991
1.33134
1.33193
1.33191
1.33148
1.33081
1.33
1.32912
1.3282
1.32725
1.32626
1.32523
1.32417
1.3231
1.32206
1.32111
1.32031
1.31973
1.31939
1.31933
1.31952
1.31993
1.32049
1.32114
1.32182
1.32245
1.32296
1.32329
1.32337
1.32314
1.32256
1.32163
1.32039
1.31894
1.31743
1.31602
1.31486
1.31396
1.31322
1.31246
1.31149
1.31023
1.30878
1.30738
1.3064
1.30624
1.30717
1.30928
1.31243
1.31627
1.32034
1.32418
1.32745
1.32992
1.33149
1.33214
1.3319
1.33084
1.32907
1.32674
1.32407
1.32129
1.31861
1.31625
1.31435
1.31309
1.31262
1.31311
1.31458
1.31688
1.31971
1.32269
1.3255
1.32793
1.3299
1.33143
1.33257
1.33335
1.33378
1.33384
1.33346
1.33258
1.33114
1.32916
1.32676
1.32419
1.32183
1.32009
1.31931
1.31961
1.3208
1.32242
1.32385
1.32443
1.32366
1.32144
1.31826
1.31536
1.31436
1.31645
1.32159
1.32853
1.33554
1.34129
1.34512
1.34695
1.34705
1.34588
1.34397
1.34183
1.33992
1.33856
1.33787
1.3378
1.33817
1.33876
1.33941
1.34002
1.34057
1.3411
1.34169
1.34244
1.34346
1.34482
1.34657
1.34869
1.35111
1.35368
1.35625
1.35866
1.36078
1.36253
1.36387
1.36478
1.36525
1.36526
1.36479
1.36376
1.36206
1.35953
1.35599
1.35132
1.34553
1.33897
1.33235
1.32675
1.32333
1.32287
1.32547
1.33054
1.33708
1.34405
1.35057
1.35604
1.36014
1.36278
1.364
1.36398
1.36289
1.36087
1.35801
1.35436
1.34994
1.34489
1.33954
1.33448
1.33049
1.32836
1.3286
1.33123
1.33577
1.34142
1.34735
1.35291
1.35772
1.36161
1.3646
1.36679
1.36831
1.3693
1.36986
1.37007
1.37001
1.36972
1.36922
1.36856
1.36776
1.36684
1.36585
1.36481
1.36372
1.36261
1.36145
1.36022
1.3589
1.35747
1.35592
1.35431
1.35272
1.35125
1.35005
1.34927
1.34905
1.34947
1.35058
1.35233
1.35459
1.35716
1.3598
1.36225
1.36427
1.36567
1.36633
1.36619
1.36535
1.36406
1.36272
1.36183
1.36177
1.36271
1.36443
1.36639
1.36792
1.3684
1.3674
1.36484
1.361
1.35658
1.35247
1.34951
1.34811
1.34815
1.34913
1.35054
1.35204
1.35344
1.3546
1.3553
1.35533
1.35451
1.35276
1.35015
1.34683
1.34291
1.33846
1.33352
1.32832
1.32331
1.31912
1.31626
1.31488
1.31491
1.31634
1.31937
1.32415
1.33046
1.33766
1.34495
1.35165
1.35731
1.36173
1.36487
1.36678
1.36759
1.36744
1.36648
1.36487
1.36279
1.36041
1.35792
1.35549
1.35324
1.35126
1.34959
1.34821
1.34707
1.34613
1.34538
1.34478
1.34436
1.34413
1.34409
1.34423
1.34454
1.34495
1.34538
1.34576
1.34597
1.3459
1.34544
1.34442
1.34268
1.33996
1.33602
1.33073
1.32425
1.31718
1.31061
1.30582
1.30385
1.30509
1.30923
1.31542
1.32256
1.32962
1.33588
1.34099
1.3449
1.34777
1.34982
1.35126
1.35226
1.35296
1.35345
1.35378
1.35402
1.35418
1.3543
1.35438
1.35444
1.35449
1.35452
1.35452
1.35447
1.35433
1.35407
1.35363
1.35295
1.35196
1.35058
1.34877
1.34648
1.34374
1.34063
1.33727
1.33386
1.33062
1.32771
1.32524
1.32325
1.32169
1.32054
1.31977
1.31943
1.31951
1.32003
1.32094
1.32213
1.3235
1.32495
1.32644
1.32802
1.32978
1.33187
1.33436
1.33727
1.3405
1.34389
1.34722
1.35032
1.35305
1.35533
1.35714
1.35852
1.3595
1.36015
1.36053
1.36072
1.36077
1.36074
1.36067
1.36059
1.36053
1.36052
1.36055
1.36064
1.36076
1.36091
1.36105
1.36117
1.36124
1.36123
1.36112
1.36088
1.36051
1.35999
1.35932
1.35848
1.35749
1.35632
1.35499
1.3535
1.35184
1.35005
1.34815
1.34622
1.34432
1.34255
1.34098
1.33965
1.33856
1.33762
1.33674
1.33588
1.33512
1.33469
1.33499
1.33638
1.33901
1.3427
1.34699
1.35127
1.35505
1.358
1.35998
1.36104
1.36127
1.36083
1.35989
1.35864
1.35722
1.35578
1.35445
1.3533
1.35241
1.35181
1.35149
1.35142
1.35155
1.35184
1.35222
1.35263
1.35304
1.35341
1.35373
1.35399
1.35419
1.35434
1.35444
1.35451
1.35455
1.35456
1.35454
1.35448
1.3544
1.35428
1.35413
1.35397
1.35381
1.35367
1.35358
1.35357
1.35364
1.35382
1.35408
1.35442
1.35481
1.35523
1.35566
1.35607
1.35649
1.3569
1.35734
1.35784
1.3584
1.35905
1.35979
1.3606
1.36146
1.36234
1.36322
1.36405
1.36481
1.36549
1.36605
1.3665
1.36682
1.36703
1.36715
1.3672
1.36725
1.36733
1.36752
1.36787
1.36842
1.36918
1.37013
1.37122
1.37238
1.37348
1.37443
1.37509
1.37536
1.37513
1.37434
1.37297
1.37109
1.36887
1.36659
1.3646
1.36324
1.36275
1.36317
1.36436
1.36604
1.36789
1.36964
1.3711
1.37215
1.37277
1.37295
1.37272
1.37211
1.37119
1.37007
1.36891
1.36796
1.36748
1.36775
1.36891
1.37096
1.37369
1.3768
1.37993
1.38277
1.3851
1.38679
1.38776
1.38802
1.38758
1.3865
1.38487
1.38281
1.3805
1.37817
1.37606
1.37444
1.37351
1.37335
1.37396
1.37519
1.37684
1.37869
1.38053
1.38221
1.38362
1.38469
1.38541
1.38578
1.38582
1.38554
1.38497
1.38416
1.38312
1.38189
1.38049
1.37893
1.37716
1.37514
1.37276
1.36993
1.36659
1.3628
1.35886
1.35528
1.35274
1.35186
1.3529
1.35564
1.35948
1.36373
1.36779
1.37129
1.37407
1.3761
1.37742
1.3781
1.37821
1.37783
1.37707
1.37606
1.37498
1.37403
1.37345
1.37341
1.37403
1.3753
1.3771
1.37922
1.38145
1.38357
1.38543
1.38692
1.38802
1.3887
1.38898
1.38889
1.38844
1.38764
1.38651
1.38507
1.38333
1.38138
1.37933
1.37732
1.37553
1.37415
1.3733
1.37304
1.37333
1.37406
1.37508
1.37629
1.37759
1.37898
1.38045
1.382
1.3836
1.38522
1.38678
1.38824
1.38955
1.39072
1.39173
1.3926
1.39334
1.39398
1.39453
1.39503
1.3955
1.39599
1.39652
1.3971
1.39775
1.39845
1.39918
1.3999
1.40057
1.40113
1.40155
1.40181
1.40192
1.4019
1.40178
1.40159
1.40137
1.40112
1.40081
1.40039
1.39979
1.3989
1.39757
1.39565
1.39299
1.38947
1.38518
1.38047
1.376
1.37263
1.37108
1.3716
1.37394
1.37752
1.38176
1.38623
1.39065
1.39474
1.39819
1.40068
1.40196
1.4019
1.40059
1.39828
1.3954
1.39241
1.38973
1.38765
1.38631
1.38576
1.38602
1.38702
1.38857
1.39035
1.39198
1.3931
1.39348
1.39302
1.39178
1.38994
1.38779
1.38563
1.38378
1.3825
1.38196
1.38222
1.3832
1.38475
1.38665
1.38869
1.39066
1.39241
1.39384
1.39492
1.39565
1.39607
1.39624
1.39623
1.39612
1.39599
1.3959
1.3959
1.39605
1.39634
1.39681
1.39742
1.39814
1.39893
1.39969
1.40035
1.40075
1.40076
1.40016
1.39873
1.39622
1.3924
1.38717
1.38067
1.37353
1.36687
1.36212
1.36047
1.36225
1.36679
1.37287
1.37931
1.3853
1.39048
1.39478
1.39831
1.40121
1.40362
1.40565
1.40735
1.40875
1.40984
1.41058
1.41092
1.4108
1.41016
1.40897
1.40719
1.40484
1.40198
1.39871
1.39525
1.39186
1.38895
1.38697
1.38636
1.38736
1.38994
1.39371
1.3981
1.40251
1.40649
1.40976
1.4122
1.41384
1.41477
1.41511
1.41499
1.41454
1.41391
1.4132
1.41252
1.41198
1.41162
1.4115
1.41162
1.41197
1.41252
1.41321
1.41397
1.41474
1.41546
1.41607
1.41651
1.41675
1.41675
1.41649
1.416
1.4153
1.41447
1.41361
1.41287
1.41239
1.41229
1.41264
1.41342
1.41456
1.41591
1.41731
1.4186
1.41966
1.42043
1.4209
1.42111
1.42113
1.42106
1.42098
1.42097
1.42106
1.42128
1.42161
1.42204
1.42256
1.42318
1.42392
1.42484
1.42596
1.42729
1.42882
1.43047
1.43216
1.43377
1.43521
1.43642
1.43738
1.43808
1.43856
1.43888
1.4391
1.43926
1.4394
1.43955
1.43971
1.43987
1.44001
1.44013
1.4402
1.44025
1.44028
1.44031
1.44034
1.44033
1.44021
1.43978
1.43877
1.43684
1.43365
1.42901
1.42308
1.41667
1.41112
1.40794
1.40801
1.41115
1.41639
1.42262
1.42907
1.43536
1.4413
1.44676
1.45156
1.45555
1.45863
1.46075
1.46197
1.46243
1.46233
1.46193
1.46146
1.46115
1.46112
1.46138
1.46178
1.46209
1.46197
1.46104
1.45889
1.45512
1.44946
1.442
1.43351
1.42558
1.42028
1.41913
1.42213
1.42782
1.43426
1.44008
1.44469
1.4481
1.45059
1.45245
1.45391
1.45511
1.45609
1.45686
1.4574
1.45768
1.45766
1.4573
1.45653
1.45525
1.45334
1.4506
1.44681
1.44173
1.43523
1.42741
1.41881
1.4105
1.40378
1.39971
1.39862
1.40015
1.40367
1.40859
1.41439
1.42043
1.42597
1.43039
1.43331
1.43466
1.43469
1.43391
1.43302
1.43276
1.43367
1.43596
1.43941
1.44352
1.44773
1.45159
1.45484
1.45742
1.45935
1.46074
1.4617
1.46232
1.46269
1.46287
1.46289
1.46277
1.46252
1.46216
1.46168
1.4611
1.46041
1.45964
1.45881
1.45793
1.45706
1.45621
1.45544
1.45478
1.45425
1.45389
1.45367
1.4536
1.45364
1.45376
1.45394
1.45416
1.4544
1.45468
1.45499
1.45536
1.45581
1.45633
1.4569
1.4575
1.45806
1.4585
1.45873
1.45868
1.45829
1.45757
1.4566
1.45555
1.45467
1.45424
1.45449
1.45556
1.4574
1.45988
1.46277
1.46583
1.46888
1.47174
1.47431
1.47652
1.4783
1.47965
1.48057
1.48109
1.48125
1.48113
1.4808
1.48032
1.47977
1.47918
1.47858
1.47799
1.47742
1.47687
1.47635
1.47586
1.47539
1.47492
1.47439
1.47378
1.4731
1.47237
1.47169
1.47116
1.47084
1.47076
1.47086
1.47101
1.47108
1.47094
1.47059
1.47012
1.46973
1.46971
1.4703
1.47164
1.47366
1.4761
1.4786
1.48077
1.48225
1.48282
1.4823
1.48066
1.47791
1.47417
1.46962
1.46453
1.45924
1.45416
1.44967
1.44612
1.44373
1.44257
1.44257
1.44352
1.44514
1.44712
1.44918
1.45107
1.45261
1.45368
1.45421
1.45419
1.45367
1.45272
1.45145
1.44998
1.44847
1.44704
1.44583
1.44492
1.44437
1.4442
1.44439
1.44489
1.44561
1.44648
1.4474
1.44831
1.44915
1.44986
1.45041
1.45078
1.45097
1.45098
1.4508
1.45044
1.4499
1.44918
1.44827
1.44717
1.44587
1.44437
1.44266
1.44076
1.43873
1.43662
1.43455
1.43263
1.43095
1.42962
1.42867
1.42811
1.42793
1.4281
1.42864
1.42958
1.43093
1.43268
1.43477
1.43705
1.43933
1.44139
1.44301
1.44396
1.44407
1.44322
1.44144
1.43896
1.43631
1.43421
1.43348
1.43464
1.43769
1.44214
1.44719
1.45212
1.45642
1.45984
1.46229
1.46382
1.46449
1.46441
1.46368
1.46245
1.46091
1.45928
1.45781
1.45666
1.45594
1.45563
1.45565
1.45587
1.4562
1.45659
1.45698
1.45731
1.45749
1.45736
1.45677
1.45561
1.4539
1.45177
1.44958
1.44772
1.44658
1.44638
1.44705
1.4483
1.44978
1.45117
1.45234
1.45327
1.454
1.45452
1.4547
1.45439
1.45352
1.45217
1.45053
1.4489
1.44753
1.44662
1.44629
1.44658
1.44748
1.44891
1.45072
1.45267
1.45449
1.45591
1.4567
1.45671
1.45593
1.45445
1.45243
1.45008
1.44759
1.44512
1.44278
1.44064
1.43876
1.4372
1.43603
1.43532
1.43514
1.43552
1.43645
1.4379
1.43977
1.44194
1.44429
1.44669
1.44901
1.45114
1.453
1.4545
1.45559
1.45622
1.45637
1.45601
1.45517
1.45385
1.45207
1.44985
1.44719
1.44408
1.44053
1.43652
1.43205
1.42712
1.42178
1.41616
1.4105
1.40519
1.40075
1.39774
1.39656
1.39724
1.39945
1.40257
1.40596
1.40909
1.41166
1.41357
1.41483
1.41551
1.41573
1.41557
1.41513
1.41447
1.41363
1.41268
1.41163
1.41053
1.40939
1.40825
1.40711
1.40601
1.40494
1.40393
1.40298
1.40209
1.40127
1.40052
1.39983
1.3992
1.39862
1.39809
1.3976
1.39714
1.39671
1.3963
1.3959
1.39551
1.39513
1.39474
1.39434
1.39393
1.3935
1.39304
1.39256
1.39205
1.39152
1.391
1.39053
1.39017
1.39
1.39011
1.3906
1.39155
1.39299
1.39492
1.39725
1.39988
1.40267
1.40548
1.40819
1.41071
1.41297
1.41494
1.41657
1.41787
1.41883
1.41943
1.41966
1.41954
1.41906
1.41824
1.41716
1.4159
1.41461
1.41349
1.41275
1.4126
1.41322
1.41471
1.41703
1.42009
1.42368
1.42754
1.43138
1.43491
1.43784
1.4399
1.44081
