1.19992
1.20007
1.20046
1.20111
1.20201
1.20314
1.20446
1.20594
1.20748
1.20902
1.21046
1.21175
1.21282
1.21367
1.21431
1.21479
1.21516
1.21551
1.21586
1.21625
1.21667
1.21709
1.2175
1.21792
1.21843
1.21914
1.22018
1.22165
1.22363
1.22607
1.22887
1.23189
1.23496
1.23795
1.24077
1.24335
1.24569
1.24781
1.24973
1.2515
1.25316
1.25475
1.2563
1.25783
1.25937
1.26091
1.26245
1.264
1.26554
1.26707
1.26858
1.27005
1.27146
1.27276
1.2739
1.27479
1.27531
1.27533
1.27469
1.27324
1.2709
1.26766
1.26366
1.25927
1.25504
1.25168
1.24984
1.24996
1.25203
1.25563
1.26001
1.26435
1.26795
1.27028
1.27108
1.27028
1.26801
1.26465
1.26089
1.25778
1.25655
1.25816
1.26275
1.26953
1.27711
1.28417
1.28984
1.29377
1.29603
1.29689
1.29673
1.29597
1.29498
1.29411
1.29358
1.29354
1.29403
1.29498
1.29628
1.29781
1.29941
1.30097
1.30238
1.30358
1.30453
1.30524
1.3057
1.30597
1.3061
1.30615
1.30619
1.30629
1.30652
1.30691
1.30746
1.30815
1.30889
1.30954
1.30992
1.30981
1.30897
1.30719
1.30432
1.30039
1.29565
1.29063
1.28606
1.28266
1.28088
1.28077
1.28198
1.28403
1.28644
1.28892
1.29129
1.29346
1.29541
1.29712
1.29862
1.29992
1.30103
1.30198
1.30276
1.30338
1.30384
1.30418
1.30442
1.30462
1.30483
1.30512
1.30553
1.30606
1.30664
1.3071
1.30721
1.3067
1.30544
1.30353
1.30142
1.29984
1.2996
1.30118
1.30459
1.30938
1.31491
1.32059
1.326
1.33087
1.33503
1.33837
1.34086
1.34249
1.34332
1.3434
1.34284
1.34172
1.34008
1.33795
1.33529
1.33205
1.32816
1.3236
1.3184
1.31261
1.30639
1.29995
1.29359
1.28773
1.28283
1.27934
1.27759
1.27767
1.27945
1.28258
1.2867
1.29144
1.29652
1.30174
1.30696
1.31205
1.31689
1.32132
1.32521
1.32837
1.33065
1.33189
1.33197
1.33077
1.32824
1.32437
1.31931
1.31333
1.30689
1.30058
1.29497
1.29043
1.28706
1.2847
1.28312
1.28216
1.28174
1.28188
1.28258
1.28374
1.28518
1.28664
1.28787
1.28867
1.28888
1.28847
1.28744
1.28588
1.28393
1.28175
1.27952
1.27742
1.27562
1.27424
1.27337
1.27306
1.27331
1.27409
1.27531
1.27688
1.27867
1.2805
1.28222
1.28363
1.28452
1.28465
1.28378
1.2816
1.2778
1.27208
1.26434
1.2549
1.2447
1.23527
1.22812
1.22385
1.22175
1.22041
1.21871
1.21642
1.21411
1.21261
1.21247
1.21376
1.21618
1.21931
1.22284
1.22657
1.23042
1.23429
1.23808
1.24168
1.24495
1.2478
1.25015
1.25198
1.25328
1.25408
1.25444
1.25441
1.25406
1.25348
1.25272
1.25185
1.25094
1.25004
1.24918
1.24841
1.24775
1.24722
1.24683
1.24659
1.2465
1.24657
1.24684
1.24735
1.24814
1.24927
1.25076
1.2526
1.25475
1.25711
1.25957
1.26199
1.26425
1.26623
1.26783
1.26896
1.26958
1.26965
1.26914
1.26809
1.26651
1.26447
1.26205
1.25938
1.25663
1.25406
1.25196
1.25063
1.25028
1.25098
1.25261
1.2549
1.2575
1.26007
1.26235
1.26419
1.26553
1.26643
1.26706
1.26765
1.26845
1.2697
1.27154
1.27399
1.27695
1.28019
1.28346
1.28649
1.28909
1.29113
1.29262
1.29361
1.29423
1.29465
1.29497
1.29529
1.29562
1.29593
1.29614
1.29616
1.29592
1.29539
1.29455
1.29342
1.29205
1.2905
1.28883
1.2871
1.28534
1.2836
1.28192
1.28032
1.27888
1.27764
1.27669
1.27613
1.27606
1.27657
1.27775
1.27964
1.28221
1.28538
1.28902
1.29294
1.29694
1.30083
1.30444
1.30764
1.31035
1.3125
1.31409
1.31509
1.31552
1.31537
1.31462
1.31328
1.31135
1.30893
1.30617
1.30332
1.30068
1.29857
1.29721
1.29674
1.29712
1.29816
1.29958
1.30104
1.30222
1.30289
1.30293
1.3023
1.30105
1.29929
1.29715
1.29478
1.29233
1.28993
1.28771
1.28578
1.28424
1.28314
1.28251
1.28232
1.28253
1.28309
1.28394
1.28504
1.28635
1.28784
1.28943
1.29102
1.29249
1.29368
1.29446
1.29475
1.29449
1.29369
1.29243
1.29085
1.28915
1.28757
1.28638
1.28583
1.28608
1.28721
1.28919
1.29185
1.29497
1.2983
1.30158
1.30462
1.30727
1.30946
1.31117
1.31242
1.31326
1.31372
1.31384
1.31366
1.31321
1.31256
1.31178
1.31099
1.31029
1.30977
1.30943
1.30917
1.30876
1.30791
1.3063
1.30374
1.30028
1.29636
1.29275
1.2903
1.28954
1.29042
1.29235
1.29457
1.29651
1.29789
1.29875
1.29926
1.2996
1.29989
1.30012
1.30015
1.29971
1.29842
1.29592
1.29202
1.28698
1.28172
1.27759
1.27582
1.27672
1.27957
1.28344
1.288
1.29342
1.29969
1.30602
1.31108
1.31377
1.31366
1.3111
1.30695
1.30225
1.29786
1.29425
1.29156
1.28978
1.28894
1.28911
1.29038
1.29273
1.29602
1.29997
1.30424
1.30847
1.31232
1.31548
1.31772
1.31883
1.31867
1.31713
1.31419
1.30996
1.30473
1.29901
1.29346
1.2887
1.28512
1.28271
1.28112
1.27988
1.27859
1.27704
1.27525
1.27339
1.27167
1.27028
1.26933
1.26886
1.2688
1.26905
1.26948
1.26996
1.27039
1.27067
1.27076
1.27062
1.27024
1.26961
1.26872
1.26757
1.26615
1.26447
1.2625
1.26024
1.2577
1.25486
1.25176
1.24841
1.24485
1.24115
1.23737
1.23357
1.22981
1.22615
1.22258
1.21909
1.21565
1.21226
1.20898
1.20596
1.20345
1.20173
1.20108
1.20165
1.20338
1.20606
1.20936
1.21293
1.2165
1.2199
1.22304
1.22591
1.22852
1.23089
1.23303
1.23494
1.23661
1.23803
1.23919
1.24006
1.24063
1.24089
1.24081
1.24036
1.2395
1.23819
1.23636
1.23396
1.23093
1.22726
1.22296
1.21817
1.2131
1.20809
1.20356
1.19991
1.1975
1.19648
1.19687
1.19851
1.20115
1.20451
1.20829
1.21225
1.21615
1.21981
1.22307
1.22579
1.22782
1.22903
1.22928
1.22845
1.2265
1.22351
1.2198
1.2159
1.21256
1.21047
1.21004
1.21124
1.21363
1.21659
1.21958
1.22222
1.22431
1.22581
1.22676
1.22726
1.22743
1.22737
1.22713
1.22673
1.22612
1.22525
1.22404
1.22247
1.22057
1.21844
1.21627
1.2143
1.2128
1.21204
1.21225
1.21355
1.21592
1.2192
1.2231
1.22723
1.23125
1.23486
1.2379
1.24033
1.24221
1.24368
1.24491
1.246
1.24703
1.24798
1.24881
1.24949
1.25003
1.2505
1.25096
1.25147
1.25202
1.25257
1.25299
1.25318
1.25304
1.25246
1.25141
1.24986
1.24785
1.24546
1.24287
1.24035
1.23823
1.23683
1.23644
1.23725
1.23928
1.24243
1.2465
1.25121
1.2563
1.26149
1.26658
1.27141
1.27585
1.27982
1.28326
1.28611
1.28836
1.28995
1.29089
1.29115
1.29072
1.28963
1.28786
1.28544
1.28241
1.27885
1.27487
1.27069
1.26657
1.26281
1.25967
1.25729
1.25569
1.25479
1.25442
1.2544
1.2546
1.25496
1.25547
1.25619
1.2572
1.2586
1.2604
1.26258
1.26501
1.26751
1.26987
1.27188
1.27337
1.27423
1.27445
1.27409
1.27326
1.27212
1.27086
1.26962
1.26852
1.26761
1.26688
1.26628
1.26571
1.26508
1.26429
1.26331
1.26212
1.26079
1.25939
1.25806
1.25691
1.25608
1.25568
1.25579
1.25645
1.25768
1.25944
1.26166
1.26426
1.26709
1.27003
1.27291
1.27559
1.27792
1.2798
1.28113
1.28187
1.28199
1.28148
1.28035
1.27862
1.2763
1.27344
1.2701
1.26641
1.26255
1.25879
1.25544
1.2528
1.25111
1.25049
1.25091
1.25219
1.25412
1.25644
1.25892
1.26138
1.26369
1.26577
1.26755
1.26898
1.27004
1.27067
1.27086
1.27054
1.26966
1.26813
1.26588
1.2628
1.25886
1.25414
1.24895
1.24399
1.24029
1.23888
1.2403
1.24421
1.24952
1.25488
1.25921
1.26193
1.2629
1.26224
1.26025
1.25725
1.25358
1.24958
1.24557
1.2419
1.23887
1.23672
1.23562
1.23559
1.23654
1.2383
1.24065
1.24342
1.24646
1.24968
1.25302
1.25643
1.25987
1.26324
1.26644
1.26938
1.27195
1.27405
1.27563
1.27666
1.27714
1.2771
1.27664
1.27584
1.27483
1.27375
1.27272
1.27186
1.27125
1.27097
1.27103
1.27142
1.2721
1.273
1.27406
1.27518
1.2763
1.27734
1.27824
1.27897
1.27948
1.27975
1.27975
1.27945
1.2788
1.27774
1.27614
1.27389
1.27089
1.26715
1.26294
1.25887
1.25586
1.25481
1.25612
1.25939
1.26361
1.26769
1.27086
1.2729
1.27401
1.27458
1.27504
1.27567
1.27659
1.27783
1.27935
1.28113
1.2832
1.28557
1.28826
1.29127
1.29453
1.29793
1.30137
1.30472
1.30792
1.31091
1.31366
1.31619
1.31848
1.32052
1.32228
1.32369
1.32468
1.32516
1.32503
1.3242
1.3226
1.32017
1.31693
1.31293
1.30832
1.3033
1.2981
1.29296
1.28808
1.28359
1.2795
1.27574
1.27222
1.26889
1.26589
1.2635
1.26206
1.26187
1.26294
1.2651
1.26797
1.27119
1.27445
1.27759
1.28053
1.28324
1.28576
1.28812
1.29037
1.29259
1.29484
1.29721
1.29976
1.30254
1.30549
1.30853
1.3115
1.31419
1.31638
1.31786
1.31845
1.31804
1.31654
1.3139
1.3101
1.30511
1.29895
1.29168
1.28347
1.27462
1.26563
1.25705
1.24942
1.24314
1.23848
1.23556
1.23447
1.23511
1.23726
1.24048
1.24427
1.24816
1.25182
1.25513
1.25808
1.26082
1.26349
1.26624
1.26913
1.27218
1.27532
1.27844
1.28143
1.28411
1.28632
1.28788
1.28862
1.28835
1.28686
1.28391
1.27924
1.27261
1.26393
1.25346
1.24204
1.2311
1.22251
1.21789
1.21795
1.22214
1.22893
1.23651
1.24344
1.2489
1.25274
1.25518
1.25665
1.25754
1.25815
1.25863
1.25896
1.25905
1.25873
1.25788
1.25639
1.25424
1.25145
1.24812
1.24438
1.24043
1.23658
1.23322
1.23078
1.2296
1.22978
1.23114
1.23324
1.2356
1.23774
1.23937
1.2403
1.24051
1.24004
1.239
1.23753
1.23575
1.23376
1.23167
1.22954
1.22742
1.2254
1.22356
1.22203
1.22099
1.22058
1.22094
1.22211
1.22403
1.22655
1.22945
1.23248
1.23539
1.23796
1.24002
1.24149
1.24234
1.24261
1.24236
1.24171
1.24075
1.23959
1.23831
1.23694
1.23548
1.23389
1.23213
1.23009
1.2277
1.22492
1.22171
1.21814
1.2143
1.21032
1.20638
1.20269
1.19953
1.19734
1.19658
1.19754
1.20016
1.20395
1.20815
1.212
1.21496
1.21673
1.21729
1.21685
1.21579
1.21462
1.21382
1.21374
1.21448
1.2159
1.21771
1.2196
1.22132
1.22278
1.22396
1.22493
1.22577
1.22656
1.22731
1.228
1.22859
1.22902
1.22925
1.22927
1.22913
1.22891
1.22871
1.22862
1.22867
1.22882
1.22899
1.22906
1.2289
1.22847
1.22774
1.22676
1.22561
1.22436
1.22307
1.22175
1.22039
1.21895
1.2174
1.21573
1.21401
1.21233
1.21086
1.2098
1.20933
1.20957
1.21052
1.21208
1.21407
1.21624
1.21835
1.22019
1.22162
1.22255
1.22293
1.22277
1.22209
1.22087
1.2191
1.21674
1.21375
1.21013
1.20594
1.20134
1.19661
1.19211
1.18826
1.18547
1.18403
1.18408
1.18561
1.18841
1.19214
1.1964
1.2008
1.20496
1.2086
1.21152
1.2136
1.2148
1.21513
1.21466
1.2135
1.21175
1.20953
1.20696
1.20411
1.20109
1.19798
1.19488
1.19192
1.18924
1.187
1.18536
1.18441
1.18421
1.18474
1.18589
1.18754
1.18949
1.19159
1.19366
1.1956
1.19729
1.1987
1.19977
1.2005
1.20089
1.20096
1.20073
1.20022
1.19947
1.19851
1.19739
1.19614
1.1948
1.19342
1.19204
1.19069
1.18939
1.18812
1.18685
1.18551
1.18399
1.18216
1.17989
1.17707
1.17364
1.16958
1.16496
1.15997
1.15491
1.15021
1.14639
1.14398
1.14338
1.14477
1.14804
1.15278
1.15845
1.16443
1.17025
1.17554
1.18011
1.18388
1.18688
1.18919
1.19092
1.19219
1.19311
1.19378
1.19431
1.19476
1.1952
1.19567
1.19619
1.19675
1.19735
1.19794
1.19847
1.19887
1.19905
1.19891
1.19834
1.19725
1.19556
1.19326
1.19042
1.18721
1.18394
1.18103
1.1789
1.1779
1.17821
1.17975
1.18224
1.18525
1.18837
1.19127
1.19379
1.19593
1.19783
1.19969
1.20168
1.20389
1.20628
1.20875
1.21112
1.21324
1.21503
1.21643
1.21746
1.21818
1.21864
1.21893
1.21909
1.21918
1.21922
1.2192
1.21908
1.2188
1.21828
1.21743
1.21616
1.21439
1.21207
1.20923
1.2059
1.20222
1.19831
1.1943
1.19034
1.18656
1.18319
1.18053
1.17903
1.17914
1.18122
1.18533
1.19122
1.19837
1.20614
1.21391
1.22118
1.22759
1.2329
1.23701
1.23986
1.24149
1.24197
1.24146
1.24017
1.23839
1.23646
1.23474
1.23356
1.23314
1.23358
1.23485
1.23675
1.23905
1.24145
1.24367
1.24546
1.2466
1.24685
1.24601
1.24393
1.24057
1.23611
1.231
1.2259
1.22145
1.21804
1.21577
1.21466
1.21492
1.21692
1.22086
1.22649
1.23306
1.23963
1.24541
1.24993
1.25304
1.25484
1.25556
1.25552
1.25502
1.25434
1.25368
1.25318
1.25287
1.2527
1.25258
1.25244
1.25221
1.25194
1.2517
1.25163
1.25185
1.25245
1.25347
1.25491
1.2567
1.25878
1.26102
1.26328
1.26541
1.26722
1.26859
1.26938
1.26954
1.26904
1.26792
1.2663
1.26432
1.26219
1.26015
1.25843
1.25721
1.25662
1.25667
1.25724
1.25812
1.25899
1.25953
1.25942
1.25837
1.2562
1.25284
1.24833
1.24287
1.23685
1.23082
1.22541
1.22128
1.21896
1.21881
1.22094
1.22534
1.23177
1.23981
1.2488
1.25793
1.2664
1.27358
1.27906
1.28271
1.28458
1.28485
1.28382
1.28181
1.27916
1.27624
1.27336
1.27082
1.26884
1.26754
1.26693
1.26696
1.26746
1.26824
1.26911
1.26986
1.27035
1.27047
1.27016
1.26938
1.26812
1.26638
1.26417
1.2615
1.25838
1.25485
1.25097
1.24684
1.24256
1.23829
1.23417
1.23034
1.22691
1.22397
1.22158
1.21975
1.2185
1.21785
1.21783
1.21849
1.21989
1.22208
1.22504
1.22871
1.23296
1.23758
1.24233
1.24695
1.2512
1.25486
1.25779
1.25987
1.26106
1.26133
1.26069
1.25919
1.25689
1.25386
1.25021
1.24609
1.24171
1.23732
1.23327
1.22992
1.2276
1.22652
1.22672
1.22803
1.23008
1.2324
1.23447
1.23581
1.23602
1.23486
1.23239
1.22904
1.22556
1.22292
1.22184
1.22246
1.22425
1.22636
1.22793
1.22845
1.22775
1.22601
1.22363
1.22117
1.21921
1.21821
1.21845
1.21987
1.22226
1.22527
1.22855
1.23184
1.23494
1.23771
1.24004
1.24186
1.24313
1.24382
1.24398
1.24368
1.24303
1.24221
1.24136
1.24065
1.24023
1.24016
1.2405
1.24121
1.24223
1.24347
1.24479
1.24605
1.24713
1.24793
1.24839
1.24854
1.24846
1.24826
1.24804
1.24786
1.24768
1.24739
1.24681
1.24574
1.24404
1.24168
1.23881
1.23573
1.23287
1.23066
1.22939
1.22914
1.22973
1.23089
1.23231
1.23378
1.2352
1.23657
1.23794
1.23942
1.24111
1.24311
1.2455
1.24833
1.25158
1.25519
1.25902
1.26293
1.26672
1.27024
1.27337
1.27602
1.27812
1.27964
1.28058
1.28093
1.28068
1.27983
1.2784
1.27639
1.2738
1.27065
1.267
1.26291
1.25855
1.25419
1.25026
1.2473
1.24586
1.2463
1.24866
1.25262
1.2576
1.26297
1.26818
1.2728
1.27655
1.27922
1.28066
1.28077
1.2795
1.27689
1.2731
1.26838
1.26317
1.25796
1.25323
1.24931
1.2463
1.24405
1.2423
1.24085
1.23973
1.23924
1.23978
1.24172
1.24513
1.2498
1.2553
1.26116
1.26697
1.27245
1.27741
1.28176
1.2854
1.28824
1.2902
1.29118
1.29115
1.29012
1.28823
1.28568
1.28274
1.27967
1.27669
1.27395
1.27153
1.26946
1.26775
1.26641
1.26547
1.26504
1.26522
1.26609
1.2676
1.26957
1.27171
1.27367
1.27513
1.27582
1.27559
1.27436
1.27214
1.269
1.26511
1.26071
1.25611
1.25165
1.24763
1.24426
1.24164
1.23972
1.2384
1.23763
1.23741
1.23782
1.23892
1.24068
1.24298
1.24555
1.24809
1.25032
1.25199
1.25293
1.25305
1.25234
1.25087
1.24873
1.24604
1.2429
1.23939
1.23549
1.23119
1.22644
1.22126
1.21582
1.21047
1.20569
1.20197
1.19959
1.19847
1.19815
1.19797
1.19727
1.19569
1.19327
1.1905
1.18809
1.1867
1.1866
1.18763
1.18934
1.19134
1.19342
1.19556
1.19777
1.19994
1.20176
1.20274
1.20238
1.20026
1.19615
1.1901
1.18245
1.17389
1.1654
1.15811
1.15305
1.15083
1.1515
1.15452
1.15905
1.16417
1.16908
1.17325
1.1764
1.17845
1.17944
1.17951
1.17882
1.17751
1.17575
1.17364
1.17128
1.16876
1.16612
1.16339
1.16062
1.15781
1.15501
1.15224
1.14955
1.14701
1.14471
1.14275
1.14123
1.14028
1.13997
1.14035
1.14139
1.14301
1.14507
1.14737
1.1497
1.15183
1.15356
1.15468
1.15499
1.15431
1.15246
1.14929
1.14474
1.13894
1.13228
1.12556
1.11989
1.1164
1.11578
1.11799
1.12229
1.12764
1.13312
1.13812
1.14235
1.14572
1.14828
1.15015
1.15146
1.15238
1.15303
1.15355
1.15405
1.15459
1.15522
1.15596
1.15677
1.15762
1.15846
1.15923
1.1599
1.16043
1.16082
1.16107
1.16121
1.16127
1.16128
1.16131
1.16139
1.16157
1.16189
1.16236
1.16299
1.16375
1.1646
1.16546
1.16628
1.16698
1.16748
1.16774
1.16771
1.16738
1.16675
1.16586
1.16478
1.16363
1.16252
1.16161
1.16103
1.16086
1.16116
1.16193
1.16319
1.1649
1.16704
1.16954
1.1723
1.17514
1.17787
1.18031
1.18229
1.18369
1.18446
1.18464
1.1843
1.18357
1.1826
1.18152
1.18044
1.17942
1.17853
1.17782
1.17733
1.1771
1.17711
1.17731
1.17761
1.17791
1.17817
1.17839
1.17863
1.17897
1.1795
1.18026
1.18126
1.18249
1.18399
1.18578
1.18791
1.19034
1.19294
1.19553
1.19794
1.20006
1.20196
1.20382
1.20587
1.20821
1.21082
1.21344
1.21574
1.21739
1.21817
1.21806
1.21712
1.21551
1.21334
1.21063
1.20731
1.20334
1.19878
1.1939
1.18923
1.18554
1.18362
1.18412
1.18726
1.19267
1.19954
1.20683
1.21362
1.21927
1.22347
1.22614
1.22734
1.22715
1.22568
1.22302
1.21929
1.21461
1.20923
1.20346
1.19776
1.19266
1.18872
1.18635
1.18573
1.18674
1.18908
1.19247
1.19678
1.20202
1.20821
1.21513
1.22229
1.22902
1.23464
1.23867
1.24086
1.24118
1.23976
1.23689
1.23298
1.22854
1.22416
1.22043
1.21785
1.21671
1.217
1.21845
1.22058
1.22287
1.22491
1.2264
1.22723
1.2274
1.22698
1.22605
1.2247
1.22297
1.22094
1.21873
1.21645
1.21426
1.21231
1.21067
1.20941
1.20848
1.20783
1.2074
1.20712
1.20697
1.20693
1.20705
1.20736
1.20795
1.20886
1.21012
1.21174
1.21363
1.21567
1.21769
1.21952
1.22099
1.222
1.22246
1.22234
1.22164
1.22037
1.21858
1.21631
1.21361
1.21056
1.20722
1.2037
1.20015
1.19679
1.19387
1.19168
1.19046
1.19033
1.19121
1.19289
1.19509
1.19753
1.20002
1.20244
1.20477
1.207
1.20917
1.21125
1.21322
1.21502
1.21658
1.21781
1.21864
1.21901
