1.19753
1.19484
1.19234
1.1903
1.18891
1.18826
1.18833
1.18898
1.19003
1.19128
1.19253
1.19367
1.1946
1.1953
1.19577
1.19602
1.19609
1.19603
1.19587
1.19564
1.19537
1.1951
1.19483
1.19459
1.19438
1.19423
1.19413
1.1941
1.19415
1.19428
1.1945
1.19481
1.19521
1.1957
1.19628
1.19692
1.19763
1.19838
1.19917
1.19999
1.20081
1.20164
1.20247
1.20328
1.20408
1.20486
1.20561
1.20634
1.20703
1.20769
1.20832
1.20891
1.20945
1.20996
1.21042
1.21084
1.21123
1.2116
1.21194
1.21228
1.21262
1.21298
1.21336
1.21378
1.21424
1.21473
1.21526
1.21582
1.2164
1.217
1.21761
1.2182
1.21876
1.21927
1.2197
1.22004
1.22027
1.22041
1.22048
1.22053
1.22062
1.22081
1.22116
1.22173
1.22253
1.22356
1.22478
1.22614
1.22755
1.22895
1.23026
1.23143
1.23242
1.23322
1.23385
1.23432
1.23466
1.23488
1.23496
1.23491
1.23472
1.23441
1.23406
1.23379
1.23376
1.23411
1.23497
1.23637
1.23828
1.24058
1.24312
1.24573
1.24821
1.25039
1.25213
1.2533
1.25385
1.25376
1.25307
1.25187
1.25026
1.24834
1.2462
1.24393
1.24161
1.23937
1.23737
1.23584
1.23498
1.23494
1.23574
1.23728
1.23937
1.24181
1.24447
1.24725
1.25011
1.253
1.25586
1.2586
1.2611
1.26327
1.26503
1.26635
1.26721
1.26762
1.26762
1.26721
1.26641
1.26521
1.26361
1.26158
1.25913
1.2563
1.25318
1.24997
1.24692
1.24432
1.24243
1.24144
1.24139
1.24218
1.24365
1.24554
1.24762
1.24963
1.25136
1.25263
1.25332
1.25338
1.25284
1.25186
1.2507
1.24971
1.24926
1.24961
1.25085
1.25287
1.25537
1.258
1.26045
1.2625
1.26403
1.26502
1.2655
1.26554
1.26525
1.2647
1.26397
1.26314
1.26226
1.26136
1.26047
1.25958
1.2587
1.25779
1.25683
1.25579
1.25463
1.25334
1.25188
1.25025
1.24843
1.24647
1.24438
1.24224
1.24012
1.23813
1.23635
1.23487
1.23376
1.23307
1.23279
1.23288
1.2333
1.23396
1.23477
1.23565
1.23652
1.23733
1.23801
1.23855
1.23893
1.23913
1.23917
1.23907
1.23885
1.23855
1.23821
1.23786
1.23755
1.2373
1.23713
1.23706
1.23707
1.23714
1.23727
1.23741
1.23753
1.23763
1.23766
1.2376
1.23745
1.23716
1.23674
1.23616
1.2354
1.23445
1.23327
1.23186
1.23019
1.22829
1.22618
1.22392
1.22162
1.21943
1.21753
1.21609
1.21525
1.21507
1.21551
1.21646
1.21776
1.21921
1.22066
1.222
1.22316
1.22413
1.22494
1.22566
1.22638
1.22717
1.22812
1.22929
1.23068
1.23231
1.23412
1.23607
1.23808
1.24007
1.24197
1.24373
1.24527
1.24654
1.2475
1.2481
1.24831
1.24812
1.24753
1.24657
1.24534
1.24395
1.24258
1.2414
1.24058
1.24023
1.24042
1.24112
1.24224
1.24369
1.24535
1.24714
1.24898
1.25083
1.25264
1.25435
1.25591
1.25727
1.25836
1.25915
1.25963
1.25982
1.25979
1.25964
1.25948
1.25943
1.25959
1.26003
1.2608
1.2619
1.26334
1.26509
1.26712
1.26942
1.27199
1.27485
1.27798
1.28135
1.28483
1.28825
1.29142
1.29417
1.29643
1.29816
1.29942
1.30024
1.30065
1.30058
1.29991
1.29847
1.2961
1.29272
1.2884
1.28339
1.27818
1.27341
1.26973
1.26767
1.2674
1.26874
1.2713
1.27459
1.2782
1.28183
1.28528
1.28843
1.29123
1.29366
1.29574
1.2975
1.299
1.30029
1.30143
1.30246
1.30339
1.30425
1.30505
1.30581
1.30656
1.30732
1.30811
1.30892
1.30974
1.31052
1.3112
1.31172
1.312
1.312
1.31169
1.31105
1.31011
1.30891
1.30753
1.30606
1.3046
1.30324
1.30209
1.30124
1.30075
1.30069
1.30106
1.30188
1.3031
1.30469
1.30654
1.30857
1.31064
1.31265
1.31448
1.31603
1.31722
1.318
1.31834
1.31825
1.31777
1.31694
1.31584
1.31454
1.31311
1.31161
1.31007
1.30849
1.30682
1.305
1.3029
1.30042
1.29745
1.29393
1.28987
1.28541
1.28073
1.27616
1.27205
1.26882
1.26694
1.26673
1.26833
1.27149
1.27571
1.28035
1.2849
1.28902
1.29259
1.29562
1.2982
1.30044
1.30245
1.30434
1.30619
1.30807
1.31004
1.31209
1.31422
1.31641
1.3186
1.32073
1.32276
1.32465
1.32636
1.32786
1.32915
1.3302
1.33102
1.3316
1.33191
1.33197
1.33175
1.33124
1.33046
1.32939
1.32806
1.32649
1.32473
1.32282
1.32083
1.31885
1.31694
1.31518
1.31362
1.3123
1.31123
1.31038
1.30975
1.30931
1.30907
1.30906
1.30935
1.31002
1.31117
1.31285
1.31509
1.31786
1.32104
1.32447
1.32797
1.33138
1.33456
1.33747
1.3401
1.34249
1.34472
1.34686
1.34899
1.35114
1.35331
1.35548
1.35765
1.35977
1.36183
1.3638
1.36567
1.36742
1.36901
1.37042
1.37163
1.37263
1.37345
1.37414
1.37477
1.3754
1.37604
1.37668
1.37724
1.37758
1.37757
1.37705
1.37589
1.374
1.37129
1.36774
1.36344
1.35868
1.35402
1.3502
1.34793
1.34747
1.34842
1.34983
1.35054
1.34961
1.34648
1.34099
1.3335
1.32497
1.31741
1.31367
1.31618
1.32495
1.33729
1.34972
1.3599
1.36711
1.37165
1.37417
1.3753
1.37553
1.37516
1.37435
1.3732
1.37174
1.36997
1.36789
1.36554
1.36296
1.36019
1.35734
1.35451
1.35182
1.34941
1.34736
1.34577
1.34465
1.344
1.34374
1.34379
1.34401
1.34432
1.34464
1.34489
1.34506
1.34513
1.34506
1.34481
1.34427
1.34329
1.34167
1.33923
1.33587
1.33166
1.32699
1.32257
1.31928
1.31785
1.31855
1.32115
1.32506
1.32961
1.33426
1.33863
1.34249
1.34572
1.34828
1.3502
1.35151
1.35228
1.35259
1.35254
1.35225
1.35192
1.35177
1.35207
1.35307
1.35495
1.35774
1.36126
1.36521
1.3692
1.37284
1.37589
1.37821
1.37982
1.38083
1.3814
1.38172
1.38196
1.38226
1.38267
1.38318
1.38373
1.38417
1.38432
1.38399
1.38298
1.38113
1.37833
1.37456
1.36989
1.36454
1.35887
1.35334
1.34843
1.34462
1.34222
1.34137
1.34199
1.34385
1.34661
1.34994
1.3535
1.35704
1.36033
1.3632
1.36555
1.36728
1.36838
1.36884
1.36872
1.36809
1.36709
1.36585
1.36453
1.36329
1.36224
1.36148
1.36102
1.36085
1.36091
1.36112
1.36142
1.36172
1.36199
1.36221
1.36235
1.36242
1.36244
1.36241
1.3623
1.36209
1.36171
1.36106
1.36006
1.35861
1.35662
1.3541
1.3511
1.34776
1.34431
1.34104
1.33823
1.33613
1.33489
1.3346
1.33524
1.33673
1.3389
1.34151
1.3443
1.34699
1.34938
1.35129
1.35265
1.3534
1.35354
1.35307
1.35199
1.3503
1.34798
1.34501
1.34137
1.33706
1.3321
1.32654
1.32049
1.31414
1.30772
1.30154
1.29595
1.29129
1.28785
1.28584
1.28533
1.28625
1.28839
1.29147
1.29515
1.29908
1.30299
1.30664
1.30987
1.31257
1.3147
1.31623
1.31716
1.31751
1.3173
1.31658
1.31535
1.31364
1.31143
1.30868
1.30535
1.30138
1.29673
1.29141
1.28555
1.27937
1.27325
1.26766
1.26312
1.26009
1.25884
1.25936
1.2613
1.26412
1.2672
1.27004
1.2724
1.27421
1.27557
1.27659
1.27732
1.27771
1.27769
1.27725
1.2765
1.27569
1.27518
1.27532
1.2763
1.27806
1.28037
1.28283
1.28508
1.28682
1.2879
1.28826
1.28795
1.28708
1.2858
1.28431
1.2828
1.28144
1.28037
1.27969
1.2794
1.27949
1.27989
1.2805
1.28124
1.28204
1.28284
1.2836
1.28429
1.28485
1.28524
1.28537
1.28517
1.28453
1.28337
1.28163
1.2793
1.27642
1.27311
1.26953
1.26592
1.26255
1.25967
1.25751
1.25617
1.25566
1.25588
1.25664
1.25773
1.25897
1.26022
1.2614
1.26251
1.26356
1.26461
1.26568
1.26676
1.2678
1.26871
1.26938
1.26968
1.26953
1.26887
1.2677
1.26609
1.26417
1.26215
1.26025
1.25872
1.25779
1.25762
1.25829
1.25976
1.26187
1.26437
1.267
1.26947
1.27159
1.27322
1.2743
1.27481
1.27478
1.27423
1.27322
1.27178
1.26996
1.26778
1.26529
1.26254
1.25957
1.25645
1.25328
1.25014
1.24713
1.24437
1.24192
1.23985
1.23819
1.23694
1.23607
1.2355
1.23517
1.235
1.23492
1.23483
1.23469
1.23444
1.23403
1.23341
1.23257
1.23148
1.23015
1.22861
1.22693
1.22523
1.22363
1.22227
1.22126
1.22069
1.22054
1.22076
1.22123
1.22183
1.22246
1.22302
1.22348
1.22381
1.22403
1.22415
1.22422
1.22427
1.22434
1.22446
1.22464
1.2249
1.22523
1.22562
1.22604
1.22646
1.22683
1.22712
1.22729
1.22733
1.22723
1.227
1.22664
1.2262
1.22571
1.22521
1.22472
1.22429
1.22392
1.22364
1.22343
1.22331
1.22327
1.22329
1.22337
1.2235
1.22365
1.22379
1.22389
1.2239
1.22376
1.22342
1.2228
1.22185
1.22049
1.2187
1.21647
1.21386
1.21099
1.20807
1.20536
1.20316
1.20173
1.20124
1.20172
1.20309
1.20515
1.20766
1.21039
1.21311
1.21568
1.21799
1.22001
1.22171
1.22314
1.22432
1.2253
1.22614
1.2269
1.22762
1.22835
1.22911
1.22993
1.23079
1.23171
1.23265
1.23361
1.23456
1.23549
1.23639
1.23725
1.23807
1.23887
1.23964
1.24041
1.24119
1.24199
1.24282
1.2437
1.24462
1.24558
1.24657
1.24756
1.24853
1.24945
1.25028
1.25096
1.25144
1.25169
1.25164
1.25128
1.25058
1.24955
1.24824
1.24671
1.24509
1.2435
1.2421
1.241
1.24029
1.24001
1.24014
1.24064
1.2415
1.24267
1.24418
1.24605
1.24831
1.25098
1.25407
1.25752
1.26125
1.26514
1.26904
1.27278
1.2762
1.27913
1.28147
1.28313
1.28406
1.28429
1.28389
1.28298
1.28174
1.2804
1.27917
1.27826
1.2778
1.27787
1.27846
1.27953
1.28095
1.28261
1.28434
1.286
1.28744
1.28856
1.2893
1.28967
1.28973
1.2896
1.28937
1.28906
1.28864
1.28801
1.28704
1.28563
1.28379
1.28164
1.27946
1.27758
1.27623
1.27542
1.27494
1.27441
1.27354
1.27229
1.27095
1.27
1.26995
1.2711
1.27342
1.27659
1.28012
1.28351
1.28644
1.28879
1.29066
1.29225
1.29384
1.2956
1.29763
1.29995
1.30247
1.30511
1.30777
1.31035
1.31276
1.31493
1.31681
1.31837
1.31959
1.32048
1.32106
1.32135
1.32139
1.32121
1.32085
1.32034
1.3197
1.31897
1.31813
1.31717
1.31609
1.31484
1.31338
1.31164
1.30956
1.30709
1.30417
1.30077
1.29693
1.29272
1.2883
1.28389
1.27978
1.27623
1.2735
1.27175
1.27108
1.27146
1.27282
1.27498
1.27775
1.2809
1.2842
1.28743
1.29041
1.29303
1.29521
1.2969
1.29814
1.29896
1.29942
1.2996
1.29958
1.29943
1.2992
1.29894
1.29869
1.29845
1.29824
1.29809
1.29805
1.29817
1.29854
1.29924
1.30034
1.30185
1.30371
1.3058
1.30795
1.30998
1.31171
1.31302
1.31382
1.31405
1.3137
1.31277
1.31131
1.30938
1.3071
1.30463
1.30219
1.30003
1.29845
1.29769
1.29793
1.29925
1.30156
1.30465
1.30826
1.31205
1.31573
1.31904
1.32178
1.32381
1.3251
1.32563
1.32545
1.32467
1.32336
1.32158
1.31928
1.31631
1.31241
1.30729
1.30076
1.29295
1.28445
1.27642
1.27038
1.26775
1.26926
1.27463
1.28273
1.29216
1.30169
1.31052
1.31825
1.32478
1.33016
1.33454
1.33807
1.34092
1.34325
1.34517
1.34677
1.34811
1.34921
1.35008
1.35072
1.35112
1.35129
1.35121
1.35089
1.35034
1.34957
1.34861
1.34749
1.34629
1.34508
1.34396
1.34307
1.34251
1.34238
1.34276
1.34365
1.34503
1.34681
1.34887
1.35107
1.35332
1.3555
1.35754
1.35939
1.36103
1.36242
1.36355
1.3644
1.36497
1.36524
1.36522
1.36492
1.36436
1.3636
1.36269
1.36171
1.3607
1.35973
1.35879
1.35785
1.35682
1.35561
1.35409
1.3522
1.3499
1.34724
1.34434
1.34138
1.33857
1.33613
1.33427
1.33317
1.33297
1.3337
1.33532
1.33767
1.34051
1.34356
1.34657
1.3493
1.35161
1.35341
1.35467
1.35538
1.35553
1.3551
1.35403
1.35228
1.3498
1.3466
1.34276
1.33846
1.33403
1.32988
1.32647
1.3242
1.3233
1.32379
1.32547
1.32796
1.33087
1.3338
1.33647
1.33867
1.34032
1.34138
1.34189
1.34195
1.34164
1.34104
1.34024
1.33928
1.3382
1.33702
1.33575
1.33444
1.33313
1.33188
1.33073
1.32971
1.32879
1.32794
1.32706
1.32608
1.32491
1.32351
1.32186
1.32002
1.31807
1.31615
1.31442
1.31301
1.31205
1.31159
1.31164
1.31216
1.31301
1.31408
1.31518
1.31618
1.31691
1.31727
1.31716
1.31656
1.31545
1.31389
1.31196
1.30976
1.30744
1.30515
1.30301
1.30115
1.29963
1.29846
1.2976
1.29696
1.2964
1.29581
1.29511
1.2943
1.29345
1.29273
1.29231
1.29234
1.2929
1.29391
1.29523
1.29666
1.29797
1.29901
1.29966
1.2999
1.29975
1.29933
1.29876
1.2982
1.29782
1.29775
1.29809
1.29889
1.30013
1.30172
1.30351
1.30531
1.30692
1.30817
1.30893
1.30915
1.30883
1.30804
1.30689
1.30553
1.30414
1.30287
1.30183
1.30109
1.30064
1.30044
1.30041
1.30047
1.30053
1.30053
1.30043
1.30017
1.29975
1.29913
1.29831
1.29728
1.29603
1.29458
1.29294
1.29113
1.28922
1.28727
1.28536
1.2836
1.28211
1.28097
1.28027
1.28006
1.28034
1.28106
1.28213
1.28342
1.28479
1.2861
1.28721
1.28808
1.28876
1.28938
1.2902
1.29147
1.29338
1.2959
1.2988
1.30169
1.30412
1.30569
1.30608
1.30512
1.30273
1.29894
1.29388
1.28781
1.28111
1.27426
1.26787
1.26254
1.25883
1.25712
1.25758
1.26008
1.26428
1.26968
1.27568
1.2817
1.28727
1.29205
1.29584
1.29858
1.3003
1.30109
1.3011
1.30052
1.29952
1.29827
1.29694
1.29561
1.29434
1.29313
1.29191
1.29064
1.28926
1.28778
1.28626
1.28485
1.28373
1.2831
1.28311
1.28382
1.2852
1.2871
1.28932
1.29166
1.29394
1.29605
1.29792
1.29953
1.30089
1.30204
1.30301
1.30383
1.30452
1.30508
1.30549
1.30574
1.30578
1.3056
1.30515
1.30442
1.30342
1.30215
1.30066
1.29903
1.29734
1.29569
1.2942
1.29293
1.29193
1.29119
1.29067
1.29026
1.28986
1.28937
1.28871
1.28786
1.28685
1.28576
1.28468
1.28373
1.28301
1.28257
1.28243
1.28254
1.28281
1.28315
1.28347
1.28372
1.28392
1.28415
1.28451
1.28513
1.28607
1.28732
1.28883
1.29049
1.2922
1.29392
1.29565
1.29746
1.29944
1.30169
1.30428
1.30719
1.31033
1.31354
1.3166
1.31927
1.32133
1.32258
1.3229
1.32223
1.32058
1.31805
1.31479
1.31102
1.307
1.30301
1.29928
1.29601
1.29334
1.29133
1.28998
1.28926
1.28909
1.28936
1.28995
1.29079
1.29182
1.293
1.29436
1.29591
1.2977
1.29974
1.30204
1.30456
1.30726
1.31005
1.31284
1.31556
1.31813
1.3205
1.32263
1.32451
1.32614
1.32752
1.32866
1.32956
1.33022
1.3306
1.33066
1.33034
1.32962
1.32843
1.32678
1.32465
1.32211
1.31921
1.31607
1.31284
1.30966
1.30669
1.30404
1.3018
1.29999
1.29856
1.29746
1.29657
1.29581
1.29506
1.29428
1.29339
1.2924
1.29127
1.29003
1.28867
1.28723
1.28577
1.28438
1.2832
1.28241
1.28221
1.2828
1.28427
1.28661
1.28965
1.29315
1.29682
1.30036
1.30359
1.30636
1.30864
1.31044
1.31183
1.3129
1.31374
1.31444
1.31506
1.31563
1.31614
1.31657
1.31688
1.31699
1.31685
1.3164
1.31558
1.31437
1.31279
1.31087
1.30871
1.30644
1.30422
1.30223
1.30065
1.29961
1.29916
1.29929
1.29992
1.3009
1.30205
1.30322
1.30426
1.30508
1.30567
1.30605
1.30634
1.30664
1.30709
1.30776
1.30871
1.30993
1.31139
1.31301
1.31473
1.31645
1.31808
1.31952
1.3207
1.32156
1.32213
1.32246
1.32261
1.32268
1.32275
1.32281
1.32282
1.32266
1.32216
1.32114
1.31945
1.31706
1.31403
1.31061
1.30721
1.30434
1.30251
1.30204
1.30296
1.30498
1.30761
1.31026
1.31242
1.31374
1.314
1.31317
1.31132
1.30865
1.30545
1.3021
1.29902
1.29662
1.29527
1.29518
1.29639
1.29876
1.30202
1.30581
1.30978
1.31362
1.31711
1.32013
1.32263
1.32463
1.32618
1.32737
1.32826
1.32893
1.32942
1.32977
1.32996
1.33
1.32985
1.32947
1.32882
1.32786
1.32657
1.32494
1.32299
1.3208
1.31849
1.3162
1.31411
1.3124
1.31118
1.3105
1.31036
1.31069
1.31145
1.31266
1.31436
1.31657
1.3193
1.32241
1.3257
1.32887
1.33165
1.33381
1.3352
1.33578
1.33557
1.33467
1.33319
1.33127
1.32904
1.32661
1.3241
1.32159
1.31919
1.31705
1.31532
1.31415
1.31366
1.3139
1.31484
1.31636
1.31829
1.32041
1.32252
1.32439
1.32586
1.32679
1.32709
1.32675
1.32586
1.32458
1.32313
1.32179
1.32083
1.32041
1.32063
1.32142
1.32264
1.32405
1.32543
1.3266
1.32742
1.32784
1.32788
1.32759
1.32708
1.32645
1.32578
1.32516
1.32458
1.32405
1.32352
1.32295
1.32232
1.32162
1.32087
1.32012
1.31941
1.31878
1.31828
1.31789
1.3176
1.31738
1.31717
1.3169
1.31653
1.31598
1.31521
1.31419
1.31292
1.31146
1.30992
1.3085
1.30744
1.30703
1.30749
1.30895
1.31135
1.31446
1.31794
1.32141
1.32452
1.32704
1.3288
1.32974
1.32986
1.32918
1.32775
1.32563
1.32287
1.31953
1.31566
1.31136
1.30678
1.30216
1.29789
1.29447
1.29243
1.29213
1.29357
1.29641
1.30005
1.30385
1.3073
1.3101
1.31213
1.31345
1.31417
1.3145
1.31462
1.31471
1.31483
1.3149
1.31467
1.31372
1.31165
1.30824
1.30371
1.29895
1.29539
1.29441
1.29652
1.30104
1.30657
1.31181
1.316
1.31897
1.32086
1.32197
1.32256
1.32282
1.32287
1.32277
1.32258
1.32233
1.32209
1.32191
1.32184
1.32188
1.322
1.32211
1.32208
1.32172
1.32081
1.31906
1.31609
1.31144
1.30468
1.29563
1.28485
1.27418
1.26659
1.26472
1.26897
1.27721
1.28641
1.29443
1.30044
1.3045
1.30702
1.30847
1.3092
1.3095
1.30956
1.30955
1.30958
1.30974
1.3101
1.31066
1.31137
1.31215
1.31288
1.31342
1.31365
1.31346
1.31278
1.31158
1.30989
1.30777
1.30535
1.30278
1.30026
1.29793
1.29594
1.29436
1.29318
1.29234
1.29175
1.2913
1.29089
1.29043
1.28983
1.28902
1.28795
1.28659
1.28494
1.28304
1.28101
1.27894
1.27698
1.27522
1.27373
1.27256
1.27172
1.27123
1.27113
1.27142
1.27213
1.27325
1.27473
1.27651
1.27852
1.28068
1.28291
1.28514
1.28733
1.28942
1.2914
1.29322
1.29486
1.29629
1.2975
1.29845
1.29913
1.29951
1.29957
1.29929
1.29867
1.29771
1.29644
1.29491
1.29322
1.2915
1.28994
1.28874
1.28809
1.28815
1.28899
1.29056
1.29275
1.29537
1.2982
1.30103
1.30367
1.30598
1.30783
1.30914
1.30987
1.31001
1.30959
1.30872
1.30752
1.30615
1.30473
1.30333
1.30194
1.30048
1.29882
1.29687
1.29463
1.29219
1.28978
1.28774
1.2864
1.28609
1.287
1.28914
1.29238
1.29639
1.30082
1.30529
1.30947
1.31313
1.3161
1.31831
1.31974
1.32042
