1.19971
1.19923
1.19856
1.19771
1.1967
1.19556
1.19436
1.19318
1.19215
1.19141
1.19114
1.1915
1.19261
1.19452
1.1972
1.20053
1.20432
1.20834
1.21241
1.21637
1.22009
1.22355
1.22674
1.22969
1.23245
1.23504
1.2375
1.23986
1.2421
1.24423
1.24622
1.24806
1.24974
1.25124
1.25257
1.25376
1.25483
1.25584
1.2568
1.25772
1.25858
1.25932
1.25987
1.26015
1.26012
1.25976
1.25907
1.25807
1.25677
1.25515
1.2532
1.25103
1.24896
1.24759
1.2478
1.25036
1.25554
1.26281
1.27105
1.27899
1.28565
1.29052
1.29353
1.29491
1.29509
1.29461
1.29402
1.29379
1.29417
1.29522
1.29676
1.29854
1.30026
1.30171
1.30273
1.30324
1.30322
1.30269
1.3017
1.30031
1.29859
1.29661
1.29441
1.29207
1.28966
1.28727
1.28507
1.2833
1.28225
1.2822
1.28339
1.28587
1.28951
1.29398
1.29887
1.30374
1.30822
1.31203
1.31503
1.31717
1.31848
1.31908
1.31912
1.31876
1.31816
1.31746
1.31675
1.3161
1.31556
1.31514
1.31484
1.31467
1.31459
1.31459
1.31463
1.31466
1.31462
1.31447
1.31416
1.31368
1.31305
1.31228
1.3114
1.31044
1.30942
1.30834
1.30717
1.30589
1.30443
1.30275
1.30077
1.29846
1.29582
1.2929
1.28981
1.28674
1.2839
1.28152
1.27975
1.27863
1.27807
1.2779
1.27792
1.27793
1.27779
1.27745
1.27688
1.27612
1.27524
1.27432
1.27343
1.27266
1.27207
1.27172
1.27163
1.27181
1.27225
1.2729
1.27372
1.27464
1.27561
1.27655
1.27742
1.27816
1.27874
1.27914
1.27932
1.27929
1.27904
1.27858
1.27794
1.27715
1.27626
1.27534
1.27446
1.27368
1.27309
1.27273
1.27263
1.2728
1.27321
1.27381
1.27453
1.27529
1.27601
1.2766
1.27701
1.27717
1.27705
1.27662
1.27589
1.27486
1.27358
1.2721
1.27047
1.26876
1.26702
1.2653
1.26363
1.26208
1.2607
1.2596
1.25889
1.25869
1.25908
1.26006
1.26156
1.26344
1.2655
1.26754
1.26938
1.27086
1.27186
1.27229
1.27209
1.27127
1.26991
1.26821
1.26646
1.26506
1.26438
1.2647
1.26605
1.26823
1.27087
1.27354
1.27591
1.27774
1.27895
1.27954
1.27961
1.27926
1.27866
1.27798
1.2774
1.27707
1.27707
1.27743
1.27808
1.27888
1.27967
1.2803
1.2807
1.28084
1.28077
1.28058
1.28038
1.28029
1.28037
1.2807
1.28125
1.28199
1.28282
1.28361
1.28423
1.28448
1.28422
1.2833
1.28168
1.27937
1.27651
1.27336
1.27025
1.26756
1.26564
1.26474
1.26499
1.26633
1.26861
1.27154
1.27484
1.27823
1.28148
1.28444
1.28699
1.28911
1.29079
1.29207
1.29301
1.29366
1.29411
1.29442
1.29465
1.29486
1.29506
1.29526
1.29542
1.29551
1.29545
1.29518
1.29466
1.29385
1.29275
1.29142
1.28994
1.28841
1.28696
1.28569
1.28465
1.28382
1.28317
1.28261
1.28206
1.28149
1.2809
1.28035
1.27989
1.27962
1.27958
1.27979
1.28023
1.28086
1.2816
1.28242
1.28326
1.2841
1.28495
1.28583
1.28678
1.28784
1.28908
1.29054
1.29227
1.29428
1.29658
1.29912
1.30183
1.30463
1.30741
1.31006
1.31246
1.31453
1.31621
1.31745
1.31823
1.31856
1.31845
1.31794
1.31705
1.31579
1.31418
1.31221
1.30988
1.30719
1.3042
1.30099
1.29771
1.29456
1.29179
1.28965
1.28835
1.28806
1.28885
1.2907
1.2935
1.29708
1.3012
1.30564
1.31013
1.31447
1.31847
1.32202
1.32505
1.32755
1.32957
1.33119
1.33255
1.33378
1.33503
1.33641
1.33797
1.33967
1.3414
1.34297
1.34417
1.34478
1.34466
1.34375
1.34214
1.34008
1.33795
1.33625
1.33544
1.33586
1.33761
1.34054
1.34424
1.34818
1.35181
1.35461
1.35618
1.35622
1.35456
1.35124
1.34655
1.34109
1.33575
1.33149
1.32894
1.32814
1.32859
1.32949
1.33017
1.33021
1.32952
1.3282
1.32647
1.32457
1.32275
1.32118
1.32001
1.31927
1.31893
1.31889
1.31899
1.31904
1.31886
1.31833
1.31739
1.31609
1.31457
1.313
1.31154
1.31029
1.30923
1.30827
1.30728
1.30613
1.30478
1.30325
1.30165
1.30013
1.29888
1.29808
1.29785
1.29827
1.29932
1.30095
1.30302
1.30539
1.30791
1.31046
1.31296
1.31534
1.31757
1.31962
1.32147
1.32311
1.32452
1.32567
1.32655
1.32714
1.32745
1.3275
1.32733
1.32698
1.3265
1.32592
1.32526
1.32448
1.32353
1.32233
1.32077
1.31879
1.31635
1.31347
1.31023
1.30678
1.30326
1.29983
1.29659
1.29358
1.29077
1.28812
1.28562
1.28335
1.2815
1.28033
1.28013
1.28114
1.28344
1.28696
1.29149
1.29668
1.30214
1.3075
1.31242
1.31663
1.31996
1.32227
1.32354
1.32377
1.32303
1.32143
1.31913
1.31629
1.31314
1.30995
1.30695
1.30437
1.30233
1.30084
1.29983
1.29918
1.29875
1.29843
1.29814
1.29786
1.29758
1.29734
1.29721
1.2973
1.29771
1.29851
1.2997
1.30118
1.30276
1.30422
1.30537
1.30606
1.30621
1.3058
1.30487
1.30346
1.30165
1.29951
1.29711
1.29456
1.29199
1.28958
1.28754
1.28611
1.2855
1.28582
1.28703
1.28895
1.29129
1.29371
1.29588
1.2975
1.29835
1.29825
1.29705
1.29467
1.2911
1.28649
1.28115
1.27565
1.27074
1.26718
1.26546
1.26558
1.26713
1.26946
1.27197
1.27428
1.27625
1.27798
1.27964
1.28151
1.28382
1.28673
1.29033
1.29459
1.29938
1.30449
1.30972
1.31481
1.31953
1.32367
1.327
1.32927
1.33014
1.32917
1.32575
1.3191
1.30847
1.29364
1.27599
1.25945
1.24954
1.24968
1.25838
1.27095
1.28324
1.29322
1.30048
1.30536
1.30843
1.31025
1.3113
1.31194
1.31241
1.31284
1.31333
1.31391
1.3146
1.31541
1.31632
1.3173
1.3183
1.31925
1.32008
1.32078
1.32131
1.32172
1.32207
1.32244
1.32289
1.32349
1.32423
1.32508
1.32595
1.32677
1.32744
1.32789
1.32809
1.32803
1.32772
1.32719
1.32648
1.32565
1.32475
1.32384
1.32295
1.32213
1.3214
1.32082
1.32042
1.32025
1.32038
1.32083
1.32165
1.32284
1.32435
1.32615
1.32816
1.33028
1.33241
1.33445
1.33632
1.33792
1.3392
1.34009
1.34059
1.34066
1.34034
1.33967
1.33869
1.33748
1.33611
1.33466
1.33316
1.33166
1.33015
1.32862
1.32706
1.32546
1.32384
1.32224
1.32074
1.31942
1.31838
1.31767
1.31735
1.31746
1.318
1.31894
1.32025
1.32183
1.32358
1.3254
1.32716
1.32881
1.33029
1.3316
1.33276
1.3338
1.33474
1.33562
1.33642
1.33715
1.33777
1.33824
1.33855
1.33869
1.33869
1.33866
1.33873
1.33911
1.33999
1.3415
1.34366
1.34637
1.34939
1.35239
1.35504
1.35706
1.35824
1.35851
1.35792
1.35664
1.35493
1.35304
1.35124
1.34971
1.34851
1.34767
1.34712
1.34681
1.34669
1.34674
1.34693
1.34728
1.34778
1.34847
1.34937
1.35055
1.35204
1.35388
1.3561
1.35869
1.36164
1.36487
1.3683
1.3718
1.37523
1.37845
1.38134
1.38379
1.38576
1.3872
1.38814
1.38859
1.38864
1.38836
1.38788
1.38737
1.38698
1.38684
1.38704
1.38758
1.38841
1.3894
1.39044
1.3914
1.39222
1.39292
1.39358
1.39439
1.39553
1.39712
1.39912
1.40124
1.40302
1.40396
1.4036
1.40167
1.39815
1.39334
1.38783
1.38237
1.37771
1.3744
1.37263
1.37238
1.37346
1.37569
1.37887
1.38272
1.38689
1.39109
1.39522
1.39957
1.40469
1.41105
1.41873
1.42729
1.436
1.44418
1.4514
1.45748
1.46244
1.46635
1.46924
1.47111
1.4719
1.47157
1.47015
1.46782
1.46494
1.46204
1.45964
1.45811
1.45748
1.4574
1.45725
1.45636
1.45418
1.45042
1.44523
1.43938
1.43426
1.43149
1.43212
1.43595
1.44164
1.44748
1.45213
1.45492
1.45577
1.45492
1.4528
1.44995
1.44697
1.44449
1.44314
1.44337
1.44538
1.44902
1.45383
1.45919
1.46451
1.46931
1.47329
1.47628
1.47822
1.47913
1.47901
1.47794
1.47599
1.47328
1.47
1.46635
1.46262
1.45908
1.45601
1.4536
1.45193
1.45101
1.45075
1.45109
1.45194
1.45324
1.45488
1.45677
1.45878
1.46081
1.46276
1.4646
1.4663
1.46788
1.46938
1.47086
1.47239
1.47402
1.4758
1.47773
1.47977
1.48184
1.48382
1.48556
1.48693
1.4878
1.48806
1.48764
1.48651
1.48471
1.4823
1.47941
1.47616
1.47274
1.46933
1.46611
1.46324
1.46086
1.45897
1.45753
1.45641
1.45551
1.45472
1.454
1.45328
1.45246
1.45147
1.45022
1.44872
1.44704
1.44527
1.44353
1.44186
1.44025
1.43862
1.43683
1.43478
1.43244
1.42987
1.42731
1.42512
1.42372
1.42349
1.42469
1.42742
1.43164
1.43713
1.44359
1.4506
1.45769
1.46441
1.4704
1.47543
1.47938
1.4822
1.48393
1.48459
1.48421
1.48276
1.48021
1.47649
1.47153
1.4653
1.45785
1.44931
1.43995
1.43011
1.42022
1.4107
1.40195
1.39421
1.38755
1.38191
1.37729
1.37401
1.37294
1.3753
1.38191
1.39252
1.40563
1.41923
1.43158
1.4417
1.44925
1.45428
1.45708
1.45796
1.45725
1.45528
1.45238
1.44892
1.44529
1.44185
1.43887
1.43645
1.43453
1.4329
1.43131
1.42951
1.42738
1.42491
1.42221
1.41947
1.41691
1.41472
1.41305
1.41198
1.41151
1.41158
1.41205
1.41273
1.41334
1.41354
1.41297
1.41131
1.40847
1.40471
1.40079
1.39782
1.39688
1.39843
1.40207
1.40683
1.41165
1.41576
1.41876
1.42049
1.4209
1.41997
1.4177
1.41411
1.4093
1.40343
1.39673
1.38949
1.38202
1.37466
1.36781
1.36201
1.35785
1.35584
1.35623
1.35884
1.3632
1.36874
1.37497
1.38151
1.38807
1.39447
1.40054
1.40618
1.4113
1.41582
1.41964
1.42264
1.42473
1.42581
1.42584
1.42482
1.42277
1.41977
1.4159
1.4113
1.40612
1.40058
1.39497
1.38957
1.38462
1.3803
1.37692
1.37511
1.37582
1.37974
1.38657
1.3949
1.40292
1.40924
1.41318
1.41475
1.41428
1.41228
1.40928
1.40579
1.40225
1.39903
1.39639
1.39449
1.39339
1.39307
1.39346
1.39442
1.39578
1.39733
1.39885
1.40016
1.40109
1.40153
1.40144
1.40082
1.39975
1.39836
1.39677
1.39513
1.39354
1.39208
1.39078
1.38963
1.38859
1.38763
1.38674
1.38594
1.38529
1.38486
1.38478
1.38518
1.38621
1.38797
1.39052
1.39378
1.39759
1.40165
1.40566
1.4093
1.41231
1.41452
1.41581
1.41615
1.41554
1.41405
1.4118
1.40896
1.40573
1.40234
1.39901
1.3959
1.39309
1.39065
1.38858
1.3869
1.38563
1.38475
1.38426
1.38409
1.38418
1.38445
1.38478
1.38507
1.38518
1.38499
1.38438
1.38329
1.38173
1.37978
1.37761
1.37541
1.37335
1.37157
1.37012
1.36895
1.36799
1.36714
1.36636
1.3657
1.3653
1.36533
1.36594
1.36721
1.36908
1.37136
1.3738
1.37612
1.37813
1.3797
1.38082
1.38158
1.38212
1.38262
1.38321
1.38401
1.38503
1.38623
1.38749
1.38867
1.38966
1.3904
1.39085
1.39106
1.39109
1.391
1.39084
1.39067
1.39055
1.39051
1.39061
1.39086
1.39122
1.39162
1.39194
1.39204
1.3918
1.39111
1.3899
1.38814
1.38586
1.3831
1.37996
1.37657
1.3731
1.36971
1.36657
1.36381
1.3615
1.35964
1.35814
1.35687
1.3557
1.35452
1.35325
1.35191
1.35055
1.34926
1.34814
1.34726
1.34664
1.34619
1.34579
1.34526
1.34445
1.34329
1.34184
1.34034
1.33911
1.33852
1.33885
1.3402
1.34243
1.34526
1.34832
1.35126
1.3538
1.35579
1.35721
1.35811
1.35864
1.35895
1.3592
1.3595
1.35994
1.36052
1.36121
1.36196
1.36272
1.36343
1.36404
1.36453
1.36486
1.36502
1.36496
1.36463
1.36394
1.36281
1.36114
1.35887
1.35602
1.35273
1.3493
1.34612
1.34362
1.34214
1.34186
1.34283
1.34499
1.3482
1.35225
1.35678
1.36139
1.36567
1.36931
1.37211
1.37399
1.37494
1.37502
1.37427
1.37279
1.37068
1.36809
1.36526
1.36251
1.36021
1.35873
1.35837
1.3592
1.36112
1.36386
1.36709
1.37046
1.37372
1.37667
1.37921
1.38128
1.38289
1.38408
1.38494
1.38556
1.38609
1.38666
1.38743
1.38853
1.39008
1.39213
1.39469
1.3977
1.40103
1.4045
1.40788
1.41097
1.4136
1.41562
1.41699
1.41767
1.41772
1.41722
1.41625
1.41493
1.41334
1.41155
1.40959
1.4075
1.40528
1.40297
1.40065
1.39847
1.39666
1.39552
1.39539
1.39657
1.39927
1.40347
1.40898
1.41544
1.4224
1.42941
1.43607
1.44206
1.44715
1.45117
1.454
1.4556
1.45594
1.4551
1.45322
1.45054
1.44731
1.44379
1.44017
1.43658
1.4331
1.42986
1.42706
1.425
1.42398
1.42422
1.42578
1.42851
1.43218
1.43647
1.44107
1.44563
1.4498
1.4532
1.45545
1.45626
1.45547
1.45315
1.44967
1.44571
1.44217
1.43987
1.43931
1.44041
1.44255
1.44486
1.44647
1.44673
1.44534
1.44237
1.43832
1.43406
1.4306
1.42876
1.4288
1.4303
1.43242
1.4343
1.43536
1.4353
1.43409
1.43179
1.42855
1.42451
1.41995
1.41528
1.41114
1.40829
1.40734
1.40842
1.41105
1.41435
1.41743
1.41975
1.42126
1.42221
1.42299
1.42391
1.42502
1.42619
1.42714
1.42761
1.42742
1.42658
1.42528
1.42395
1.42312
1.42335
1.42504
1.4283
1.4329
1.43836
1.4441
1.4496
1.45447
1.45845
1.46146
1.46349
1.46463
1.46499
1.46469
1.46384
1.46253
1.46082
1.45879
1.45655
1.45422
1.45199
1.45002
1.44843
1.4473
1.44668
1.44658
1.44701
1.44798
1.44949
1.45151
1.45395
1.45663
1.45934
1.46184
1.4639
1.46535
1.46612
1.46623
1.46579
1.46504
1.46425
1.46373
1.46376
1.4645
1.466
1.46816
1.47081
1.47368
1.47655
1.47918
1.48144
1.48324
1.48459
1.48553
1.48613
1.48647
1.48658
1.48645
1.48603
1.48523
1.48394
1.48205
1.4795
1.47631
1.47261
1.46862
1.46466
1.46107
1.45808
1.45579
1.45407
1.45264
1.45117
1.44937
1.44707
1.44425
1.441
1.4375
1.43402
1.43084
1.42824
1.42642
1.4255
1.4255
1.42632
1.42784
1.42986
1.43219
1.4346
1.43688
1.43882
1.44022
1.44091
1.44078
1.43977
1.43791
1.4354
1.43257
1.42995
1.42809
1.42739
1.4279
1.42933
1.43114
1.43289
1.43428
1.43525
1.43586
1.43621
1.43633
1.43609
1.43525
1.43353
1.43075
1.42699
1.4226
1.41809
1.41397
1.41057
1.40797
1.40606
1.40464
1.40349
1.40241
1.40119
1.39964
1.39766
1.3952
1.39232
1.38914
1.38579
1.3824
1.37909
1.3761
1.37374
1.37244
1.37253
1.37416
1.37717
1.38118
1.38572
1.39039
1.39491
1.39911
1.40292
1.40629
1.4092
1.4116
1.41338
1.41443
1.41456
1.41361
1.41145
1.40817
1.40413
1.40005
1.39689
1.39546
1.396
1.39809
1.40081
1.40316
1.40441
1.40414
1.40218
1.39854
1.39334
1.3868
1.37925
1.37119
1.36334
1.35646
1.35118
1.34772
1.34572
1.34452
1.34352
1.3425
1.34171
1.34157
1.34228
1.3437
1.34539
1.34691
1.34798
1.34851
1.3486
1.34839
1.34802
1.3476
1.34719
1.3468
1.34639
1.34588
1.34519
1.34429
1.34319
1.34206
1.34115
1.34078
1.34119
1.34248
1.34452
1.34703
1.34967
1.35215
1.35426
1.35588
1.35699
1.3576
1.35776
1.3575
1.35687
1.35589
1.35458
1.35297
1.35107
1.34889
1.34645
1.34376
1.34083
1.33768
1.33432
1.33078
1.32712
1.32346
1.32005
1.31722
1.31538
1.31487
1.31581
1.318
1.32099
1.32424
1.32726
1.32972
1.33148
1.33251
1.33289
1.33273
1.33217
1.33131
1.33026
1.32912
1.32798
1.3269
1.32595
1.32519
1.32467
1.32443
1.32447
1.32478
1.32534
1.32606
1.32687
1.32764
1.32827
1.32864
1.32865
1.32824
1.32735
1.32597
1.3241
1.32181
1.31914
1.31619
1.31304
1.30977
1.30642
1.30307
1.29981
1.29685
1.29444
1.29286
1.29226
1.29251
1.29323
1.29385
1.29384
1.29276
1.29038
1.28668
1.28191
1.27665
1.27179
1.26843
1.26755
1.26972
1.27485
1.2823
1.29106
1.30012
1.30873
1.31637
1.32281
1.328
1.33198
1.33483
1.33667
1.33761
1.33778
1.33729
1.33625
1.33478
1.333
1.33102
1.32892
1.32679
1.32468
1.32261
1.32059
1.31861
1.31662
1.3146
1.31249
1.31023
1.30777
1.30504
1.302
1.29863
1.29496
1.29105
1.28701
1.28299
1.27915
1.27571
1.2729
1.27097
1.27014
1.27053
1.27216
1.27487
1.27844
1.28256
1.28693
1.2913
1.29546
1.29925
1.30258
1.30539
1.30765
1.30936
1.31054
1.31121
1.31143
1.31123
1.31067
1.30982
1.30875
1.30751
1.30618
1.30482
1.30349
1.30222
1.30106
1.30003
1.29913
1.29837
1.29774
1.29722
1.29681
1.29648
1.29622
1.29598
1.29575
1.29552
1.2953
1.29511
1.29504
1.29518
1.29563
1.29646
1.29771
1.29931
1.30117
1.30314
1.30507
1.30683
1.3083
1.30941
1.31012
1.3104
1.31025
1.30964
1.3086
1.30714
1.30529
1.30315
1.30082
1.29847
1.29632
1.29459
1.2935
1.29322
1.29379
1.29519
1.29727
1.29981
1.30257
1.30531
1.30785
1.31006
1.3119
1.31337
1.31452
1.31542
1.31613
1.31671
1.31719
1.31757
1.31787
1.31806
1.31815
1.31815
1.31803
1.31776
1.31726
1.31644
1.31517
1.31333
1.31082
1.30759
1.30364
1.29907
1.29404
1.28885
1.28385
1.27947
1.27613
1.27413
1.27359
1.2744
1.27625
1.27873
1.28146
1.28411
1.28648
1.2885
1.29016
1.29153
1.29269
1.29371
1.29466
1.29558
1.29645
1.29729
1.29806
1.29875
1.29935
1.29987
1.30037
1.30092
1.30163
1.30264
1.30404
1.30591
1.30822
1.31087
1.31368
1.31645
1.31897
1.32108
1.32262
1.32346
1.32348
1.32258
1.32064
1.31762
1.31353
1.30853
1.3029
1.297
1.29111
1.28531
1.27964
1.27446
1.27079
1.27003
1.27305
1.27943
1.28771
1.29629
1.30414
1.31088
1.31652
1.32123
1.32512
1.32828
1.33075
1.33253
1.3336
1.33393
1.33341
1.33188
1.32909
1.32468
1.31832
1.30988
1.29976
1.28929
1.28069
1.27623
1.27692
1.28191
1.28923
1.29703
1.30421
1.31035
1.3154
1.3194
1.32243
1.32459
1.32595
1.32662
1.32668
1.32623
1.32534
1.32405
1.32241
1.32046
1.31828
1.31594
1.31356
1.31126
1.30913
1.30722
1.30551
1.30392
1.30235
1.30067
1.29877
1.29663
1.29429
1.29184
1.28947
1.28736
1.28567
1.28454
1.284
1.28403
1.28453
1.28539
1.28646
1.28764
1.28885
1.29007
1.29132
1.29265
1.29412
1.29577
1.29757
1.29946
1.30134
1.30308
1.30456
1.30572
1.3065
1.30692
1.30699
1.30679
1.30636
1.30577
1.30511
1.30441
1.30372
1.30307
1.30246
1.30189
1.30134
1.30077
1.30018
1.29952
1.29881
1.29804
1.2972
1.2963
1.29531
1.2942
1.29292
1.29145
1.28979
1.288
1.28623
1.28465
1.28345
1.28274
1.28254
1.28277
1.28323
1.28375
1.28411
1.28418
1.28384
1.28301
1.28165
1.27976
1.2774
1.27464
1.27163
1.26851
1.26548
1.26268
1.26026
1.2583
1.25686
1.25601
1.25579
1.25624
1.25737
1.25918
1.26161
1.2646
1.26802
1.27181
1.27587
1.28013
1.28454
1.28899
1.29339
