1.20026
1.19969
1.19863
1.19735
1.19605
1.19484
1.19378
1.1929
1.1922
1.19164
1.19119
1.1908
1.19042
1.19001
1.18952
1.18894
1.18827
1.18751
1.18669
1.18585
1.18505
1.18437
1.18391
1.18377
1.18403
1.18472
1.1858
1.18714
1.1886
1.19002
1.19127
1.19226
1.19296
1.19336
1.19348
1.19334
1.19295
1.19232
1.19147
1.19039
1.18915
1.1878
1.18645
1.1852
1.18419
1.18355
1.18338
1.18374
1.18468
1.18615
1.18811
1.19046
1.19307
1.19581
1.19855
1.20116
1.20354
1.20564
1.20742
1.20885
1.20996
1.21078
1.21136
1.21174
1.212
1.2122
1.21241
1.2127
1.21311
1.2137
1.21448
1.21546
1.21659
1.21783
1.21909
1.22027
1.22126
1.22196
1.22226
1.22211
1.22148
1.22041
1.219
1.21743
1.21588
1.21455
1.21356
1.21292
1.21259
1.21243
1.21236
1.21236
1.2125
1.21299
1.21406
1.21589
1.21854
1.22192
1.22577
1.2298
1.23369
1.23723
1.24026
1.2427
1.2445
1.24559
1.24587
1.24516
1.24322
1.23978
1.23467
1.22794
1.22019
1.21265
1.20697
1.20447
1.20543
1.20894
1.21356
1.21816
1.22223
1.22575
1.22895
1.23206
1.23523
1.23846
1.24171
1.2449
1.24792
1.25072
1.25322
1.25537
1.25716
1.25856
1.25958
1.26023
1.26056
1.26058
1.26035
1.25989
1.25924
1.25843
1.25749
1.25642
1.25522
1.2539
1.25245
1.25086
1.24915
1.24732
1.24541
1.24347
1.24156
1.23978
1.23821
1.23695
1.23608
1.23567
1.23575
1.2363
1.23726
1.23852
1.23994
1.24134
1.24253
1.24332
1.24353
1.24304
1.24177
1.23977
1.23727
1.23465
1.23247
1.23134
1.23172
1.23369
1.23694
1.24091
1.24495
1.24859
1.25157
1.25384
1.25545
1.25655
1.25725
1.25769
1.25791
1.25797
1.25786
1.25756
1.25703
1.25625
1.25518
1.25383
1.25223
1.25043
1.24854
1.24666
1.24492
1.2434
1.24215
1.24116
1.24033
1.23954
1.23865
1.23754
1.23613
1.23441
1.23245
1.2304
1.22848
1.22693
1.22598
1.22576
1.22627
1.22742
1.229
1.23079
1.23259
1.23425
1.23569
1.23688
1.23783
1.23857
1.23914
1.23961
1.24001
1.24039
1.24076
1.24115
1.24156
1.24199
1.24244
1.24289
1.24334
1.24379
1.24425
1.24471
1.24519
1.2457
1.24624
1.24683
1.24746
1.24812
1.24881
1.24951
1.25021
1.25089
1.25155
1.25217
1.25274
1.25325
1.25371
1.25411
1.25444
1.25469
1.25484
1.25488
1.25477
1.25447
1.25394
1.25312
1.25194
1.25035
1.24829
1.24577
1.24284
1.2397
1.23668
1.23424
1.2329
1.23305
1.23483
1.23799
1.24204
1.24641
1.25058
1.25421
1.25713
1.25931
1.2608
1.26167
1.26203
1.26196
1.26156
1.26091
1.26008
1.25916
1.2582
1.25727
1.25642
1.2557
1.25512
1.2547
1.25441
1.25424
1.25415
1.25411
1.25409
1.25407
1.25403
1.25398
1.25392
1.25384
1.25376
1.25367
1.2536
1.25354
1.25351
1.25356
1.25372
1.25404
1.25456
1.25532
1.25635
1.25763
1.25914
1.26081
1.26258
1.26435
1.26603
1.26757
1.26891
1.27
1.27084
1.27142
1.27175
1.27184
1.27169
1.27128
1.27061
1.26963
1.26832
1.26664
1.26458
1.2622
1.25959
1.25693
1.25447
1.25245
1.25109
1.25053
1.25075
1.25166
1.25304
1.25471
1.25648
1.25825
1.26001
1.26181
1.26377
1.26597
1.26848
1.27127
1.27424
1.27722
1.27999
1.28237
1.28418
1.2853
1.28568
1.28536
1.28447
1.28326
1.28208
1.28127
1.28112
1.28175
1.28307
1.28485
1.28679
1.28861
1.2901
1.29115
1.2917
1.29177
1.29139
1.29061
1.2895
1.28815
1.28666
1.28519
1.28386
1.28285
1.28227
1.28221
1.28271
1.28372
1.28514
1.28683
1.28863
1.29036
1.29186
1.29301
1.2937
1.29387
1.29349
1.29257
1.29124
1.28972
1.28839
1.28772
1.2882
1.29011
1.29345
1.29787
1.30283
1.30775
1.31217
1.31581
1.31857
1.32046
1.32157
1.32205
1.32204
1.32169
1.32116
1.32058
1.32005
1.31964
1.3194
1.31931
1.31932
1.31935
1.31929
1.31902
1.31842
1.3174
1.31592
1.31397
1.3116
1.30888
1.30593
1.30284
1.29966
1.29644
1.29321
1.29016
1.28773
1.2866
1.28746
1.29061
1.29579
1.3022
1.30887
1.315
1.32012
1.32403
1.32674
1.32835
1.32902
1.32889
1.32815
1.32694
1.32545
1.32382
1.32221
1.32073
1.31946
1.31845
1.31771
1.31727
1.3171
1.31723
1.31766
1.31839
1.31944
1.32079
1.32238
1.32417
1.32605
1.32792
1.32966
1.33116
1.33232
1.33304
1.33326
1.33293
1.33203
1.33055
1.32853
1.32601
1.32309
1.31988
1.31655
1.3133
1.31037
1.30799
1.30641
1.30582
1.30632
1.3079
1.31044
1.31371
1.3174
1.32122
1.32489
1.32819
1.33096
1.33308
1.33451
1.3352
1.33515
1.33437
1.33289
1.33077
1.3281
1.32502
1.3217
1.31835
1.31516
1.31235
1.31003
1.3083
1.30712
1.30639
1.30596
1.30563
1.30523
1.30467
1.30394
1.30313
1.30234
1.30168
1.30127
1.30116
1.30141
1.30209
1.30322
1.3048
1.3067
1.30866
1.3103
1.31115
1.3107
1.30851
1.30421
1.29766
1.28914
1.27958
1.27071
1.26464
1.26292
1.2656
1.27122
1.27773
1.28345
1.28754
1.28984
1.29069
1.29061
1.29016
1.28975
1.2896
1.28972
1.28999
1.29026
1.2904
1.29037
1.29015
1.28981
1.28942
1.28908
1.28889
1.28891
1.2892
1.28978
1.29059
1.29155
1.29258
1.29354
1.29434
1.29489
1.29512
1.29499
1.29446
1.29354
1.29222
1.29056
1.28862
1.28653
1.28446
1.28264
1.28123
1.28033
1.27989
1.27968
1.27932
1.27838
1.27646
1.27334
1.26908
1.2641
1.25917
1.25528
1.25333
1.25377
1.25647
1.26081
1.26595
1.27112
1.27573
1.27946
1.28218
1.28392
1.28477
1.28487
1.28435
1.28334
1.28196
1.2803
1.27844
1.27647
1.27445
1.27248
1.27064
1.26901
1.26768
1.26671
1.26615
1.266
1.26623
1.26677
1.26752
1.26836
1.26916
1.26979
1.27013
1.27009
1.26961
1.26868
1.26732
1.2656
1.26363
1.26155
1.25953
1.25774
1.25634
1.25542
1.25503
1.25511
1.25559
1.25636
1.25731
1.25838
1.25951
1.26069
1.26189
1.26309
1.26427
1.26537
1.26635
1.26717
1.26778
1.26816
1.26827
1.2681
1.26767
1.26698
1.26605
1.2649
1.26358
1.26211
1.26053
1.25889
1.25722
1.25559
1.25403
1.2526
1.25134
1.25027
1.24943
1.24882
1.24843
1.24828
1.24833
1.24858
1.24902
1.24963
1.25039
1.25127
1.25224
1.25329
1.25438
1.25549
1.2566
1.25769
1.25875
1.25977
1.26075
1.26168
1.26256
1.26336
1.26409
1.26473
1.26525
1.26564
1.26587
1.26591
1.26572
1.26526
1.26446
1.26327
1.26164
1.25952
1.25695
1.25407
1.25115
1.24861
1.24697
1.24668
1.24803
1.25099
1.2553
1.2605
1.26609
1.27164
1.27686
1.28153
1.28558
1.28899
1.2918
1.29405
1.29582
1.29717
1.29816
1.29884
1.29928
1.29953
1.29964
1.29967
1.29967
1.29968
1.29972
1.29982
1.29995
1.30008
1.30017
1.30015
1.29996
1.2995
1.29873
1.29758
1.296
1.29397
1.29148
1.28851
1.28511
1.28128
1.2771
1.27266
1.26812
1.26369
1.25965
1.25629
1.25387
1.25259
1.25255
1.25378
1.25622
1.25971
1.26404
1.2689
1.27399
1.27901
1.28369
1.28783
1.29127
1.29395
1.29583
1.29695
1.29741
1.29733
1.29687
1.29622
1.29556
1.29503
1.29475
1.29476
1.29508
1.29568
1.29651
1.29752
1.29868
1.29994
1.30126
1.30262
1.30398
1.3053
1.30652
1.30758
1.3084
1.3089
1.30898
1.3085
1.30731
1.30525
1.30215
1.29785
1.29227
1.28549
1.27785
1.26998
1.26286
1.25762
1.25532
1.2565
1.26096
1.26778
1.27566
1.28338
1.29009
1.29536
1.29907
1.30129
1.30214
1.30178
1.30032
1.29789
1.29461
1.29061
1.28609
1.28128
1.27643
1.27186
1.26784
1.26464
1.26243
1.26129
1.26119
1.262
1.26351
1.26549
1.26771
1.26997
1.27215
1.27417
1.27599
1.27764
1.27913
1.2805
1.28176
1.28293
1.28399
1.28493
1.2857
1.28628
1.28661
1.28669
1.28648
1.28599
1.28525
1.28432
1.28327
1.2822
1.28119
1.28027
1.27942
1.27855
1.2775
1.27603
1.27387
1.27075
1.26644
1.26074
1.25364
1.24539
1.23662
1.22842
1.22215
1.21902
1.21953
1.22326
1.22914
1.23592
1.24263
1.24868
1.25381
1.25801
1.26138
1.26408
1.26626
1.26807
1.26958
1.27086
1.27192
1.27277
1.27342
1.27386
1.27411
1.27416
1.27403
1.27373
1.27328
1.27268
1.27194
1.27107
1.27007
1.26897
1.26776
1.26648
1.26514
1.26377
1.26238
1.26101
1.25963
1.25822
1.25677
1.25523
1.25358
1.25184
1.25008
1.24842
1.24703
1.24608
1.24571
1.24593
1.24671
1.24788
1.24924
1.25063
1.25187
1.25287
1.25357
1.25397
1.25405
1.25384
1.25334
1.25256
1.25153
1.25026
1.24878
1.24715
1.24541
1.24362
1.24185
1.24013
1.23852
1.23706
1.23579
1.23477
1.23404
1.23367
1.23372
1.2342
1.23511
1.2364
1.238
1.2398
1.24168
1.24355
1.24533
1.24694
1.24837
1.24958
1.25058
1.25138
1.252
1.25245
1.25275
1.2529
1.25292
1.25281
1.25254
1.25212
1.2515
1.25066
1.24953
1.24804
1.24614
1.24372
1.24072
1.2371
1.23292
1.22835
1.22375
1.21962
1.21651
1.21483
1.21476
1.21614
1.21865
1.22193
1.22568
1.22972
1.23387
1.23801
1.24196
1.2456
1.24882
1.25155
1.25379
1.25556
1.25691
1.25789
1.25857
1.25897
1.25914
1.25909
1.25883
1.25834
1.25761
1.25663
1.25536
1.25381
1.25199
1.24994
1.24775
1.24553
1.24344
1.24165
1.24033
1.23961
1.23953
1.24008
1.24119
1.24274
1.24459
1.24659
1.24863
1.25063
1.25249
1.25419
1.25569
1.25699
1.25808
1.259
1.25975
1.26038
1.26091
1.26136
1.26175
1.26208
1.26233
1.26249
1.26251
1.26236
1.262
1.2614
1.26059
1.25962
1.25861
1.2577
1.25704
1.25671
1.25671
1.25692
1.25713
1.25714
1.25683
1.25623
1.25555
1.25519
1.2556
1.25718
1.26005
1.26405
1.26877
1.27368
1.27831
1.28234
1.28559
1.28801
1.28964
1.29053
1.29078
1.29045
1.28962
1.28835
1.28668
1.28467
1.28238
1.27986
1.27718
1.27446
1.2718
1.26935
1.26729
1.26578
1.26498
1.26498
1.26581
1.26743
1.2697
1.27249
1.27563
1.27896
1.28231
1.28556
1.28856
1.29121
1.29342
1.29515
1.29637
1.29711
1.29737
1.29721
1.29664
1.29569
1.2944
1.29278
1.2909
1.28882
1.28668
1.28464
1.28292
1.28173
1.28127
1.28165
1.28286
1.28478
1.28721
1.2899
1.29261
1.29517
1.29745
1.29938
1.30095
1.30215
1.30299
1.30349
1.30368
1.30359
1.30325
1.3027
1.30198
1.30106
1.29992
1.29846
1.29653
1.29398
1.29062
1.28634
1.28111
1.27509
1.26866
1.26244
1.25721
1.25375
1.25253
1.25362
1.25668
1.26116
1.26646
1.27211
1.27774
1.28311
1.28802
1.29235
1.29603
1.29902
1.30135
1.30305
1.30419
1.30483
1.30505
1.30489
1.30443
1.30368
1.30269
1.30148
1.30009
1.29856
1.29694
1.29531
1.29375
1.29233
1.29114
1.29021
1.28956
1.28918
1.28902
1.28904
1.28919
1.28945
1.28983
1.29032
1.29094
1.29169
1.29254
1.29344
1.29432
1.2951
1.29568
1.29596
1.29584
1.29522
1.29404
1.29226
1.28991
1.28708
1.28399
1.28093
1.27829
1.27639
1.27543
1.27543
1.27616
1.27733
1.2786
1.27976
1.28068
1.28135
1.28183
1.28218
1.28246
1.28268
1.28284
1.28291
1.28284
1.2826
1.28214
1.28145
1.2805
1.27931
1.27791
1.27637
1.27475
1.27315
1.2716
1.27012
1.26867
1.26718
1.26559
1.26384
1.26192
1.25992
1.25799
1.25634
1.25518
1.25471
1.25503
1.25611
1.25787
1.26014
1.26273
1.26545
1.26813
1.27065
1.27292
1.27489
1.27654
1.27786
1.27887
1.27958
1.28002
1.2802
1.28015
1.27987
1.27941
1.27877
1.278
1.27713
1.27621
1.27529
1.2744
1.2736
1.2729
1.27234
1.27191
1.27161
1.2714
1.27124
1.27107
1.27081
1.27036
1.26959
1.26836
1.26651
1.26386
1.26027
1.25573
1.25043
1.24491
1.24008
1.23698
1.2364
1.23848
1.24261
1.24778
1.25302
1.25766
1.26137
1.26406
1.26577
1.26657
1.26658
1.26588
1.26459
1.26284
1.26081
1.2587
1.2567
1.255
1.25372
1.25291
1.25256
1.25258
1.25289
1.25345
1.25422
1.25521
1.25644
1.2579
1.25959
1.26144
1.26332
1.26506
1.26643
1.26716
1.26697
1.26557
1.26279
1.2587
1.25381
1.24909
1.24587
1.24526
1.24758
1.25218
1.25785
1.26346
1.26828
1.27203
1.27476
1.27665
1.27794
1.27885
1.27956
1.28019
1.28081
1.28138
1.28179
1.28188
1.28146
1.28041
1.27868
1.27645
1.27411
1.27227
1.27153
1.27228
1.27447
1.27759
1.28093
1.28378
1.28558
1.28599
1.28486
1.28218
1.27811
1.27297
1.26732
1.26191
1.25754
1.25487
1.25419
1.2554
1.25808
1.26166
1.26562
1.26951
1.27306
1.27608
1.2785
1.28032
1.28161
1.28245
1.28294
1.28321
1.28331
1.28328
1.28312
1.28276
1.28214
1.28122
1.27997
1.27845
1.27676
1.27501
1.27337
1.27195
1.27082
1.26999
1.26937
1.26883
1.26817
1.26722
1.2658
1.26385
1.26138
1.25857
1.25579
1.25351
1.2522
1.25219
1.2535
1.25582
1.25867
1.26153
1.26401
1.26586
1.267
1.26746
1.26735
1.26683
1.26605
1.26518
1.26433
1.2636
1.26302
1.26257
1.26222
1.26189
1.26151
1.26105
1.26045
1.25971
1.25883
1.25782
1.25673
1.25559
1.25447
1.25343
1.25255
1.25192
1.2516
1.25163
1.25201
1.25274
1.25374
1.25493
1.25625
1.2576
1.25892
1.26018
1.26135
1.26243
1.26343
1.26436
1.26524
1.2661
1.26694
1.26779
1.26862
1.26945
1.27024
1.27097
1.27162
1.27216
1.27259
1.2729
1.2731
1.2732
1.27325
1.27327
1.27328
1.27328
1.27326
1.27314
1.27286
1.27232
1.27144
1.27021
1.26869
1.267
1.26535
1.26393
1.26288
1.26217
1.26168
1.26123
1.26074
1.26027
1.26003
1.26025
1.26114
1.26274
1.26495
1.26757
1.27037
1.27316
1.27581
1.27826
1.28047
1.28245
1.28419
1.28568
1.28693
1.28797
1.28883
1.28957
1.29022
1.29083
1.29141
1.29198
1.29255
1.29312
1.29372
1.29434
1.29503
1.29577
1.29657
1.29741
1.29825
1.29906
1.29979
1.3004
1.30085
1.30112
1.30122
1.30115
1.30097
1.30074
1.30051
1.30036
1.30032
1.30041
1.30061
1.30088
1.30115
1.30137
1.30152
1.30159
1.3016
1.30161
1.30169
1.30188
1.30225
1.30279
1.30347
1.30424
1.30503
1.30577
1.30643
1.30698
1.30746
1.30791
1.3084
1.30898
1.30969
1.31054
1.31151
1.31256
1.31362
1.31463
1.31552
1.31624
1.31673
1.31696
1.3169
1.31656
1.31596
1.31516
1.31423
1.31324
1.31228
1.31143
1.3107
1.31012
1.30962
1.30915
1.3086
1.30791
1.30703
1.30597
1.3048
1.30366
1.3027
1.3021
1.302
1.30246
1.3035
1.30508
1.30714
1.30956
1.3122
1.31492
1.31752
1.31982
1.32159
1.32263
1.32273
1.3217
1.31943
1.31594
1.31151
1.30671
1.30231
1.29908
1.2974
1.29712
1.29773
1.29859
1.29924
1.29948
1.29934
1.29896
1.29858
1.29852
1.29912
1.30063
1.30313
1.30641
1.31001
1.31342
1.31618
1.318
1.31878
1.3186
1.31765
1.31619
1.31447
1.31271
1.3111
1.30971
1.30857
1.30765
1.3069
1.30628
1.30573
1.30521
1.3047
1.30418
1.30363
1.30305
1.30243
1.30178
1.30112
1.30045
1.29979
1.29915
1.29853
1.29792
1.29731
1.29669
1.29603
1.29533
1.2946
1.29383
1.29304
1.29225
1.2915
1.29081
1.29022
1.28975
1.28943
1.28927
1.28929
1.28949
1.28986
1.29039
1.29106
1.29186
1.29275
1.29371
1.2947
1.29571
1.29669
1.29761
1.29842
1.29909
1.29956
1.29975
1.2996
1.29901
1.29792
1.29625
1.29399
1.29119
1.28801
1.28471
1.28166
1.27925
1.27785
1.27767
1.27872
1.28081
1.28361
1.28675
1.28991
1.29284
1.29542
1.29758
1.29932
1.30064
1.30157
1.30212
1.30231
1.30217
1.30172
1.30098
1.30002
1.29886
1.29756
1.29617
1.29473
1.2933
1.29192
1.29067
1.28962
1.28886
1.28844
1.28841
1.28876
1.28944
1.29038
1.29151
1.29273
1.29396
1.29514
1.29622
1.29718
1.29798
1.29864
1.29914
1.2995
1.29972
1.29981
1.29978
1.29963
1.29936
1.299
1.29853
1.29797
1.29733
1.29658
1.29572
1.29472
1.29358
1.29229
1.2909
1.28945
1.28804
1.28673
1.28562
1.28475
1.28416
1.28385
1.2838
1.28401
1.28446
1.28511
1.28597
1.28699
1.28815
1.2894
1.29069
1.29196
1.29316
1.29421
1.29508
1.29573
1.29613
1.29626
1.29611
1.29571
1.29506
1.29422
1.29323
1.29215
1.29106
1.29003
1.28913
1.28841
1.28791
1.28763
1.28756
1.28767
1.28791
1.28824
1.28862
1.28903
1.28945
1.28985
1.29021
1.29053
1.29079
1.29097
1.29105
1.29101
1.29084
1.29053
1.29009
1.28952
1.28886
1.28814
1.28742
1.28675
1.2862
1.28583
1.28568
1.28578
1.28611
1.28666
1.28735
1.28814
1.28895
1.28973
1.29046
1.29111
1.29169
1.29223
1.29277
1.29334
1.29398
1.29472
1.29558
1.29657
1.29768
1.2989
1.3002
1.30155
1.30289
1.30419
1.30537
1.30639
1.30717
1.30764
1.30774
1.30742
1.30665
1.30541
1.30374
1.30167
1.29928
1.29667
1.29396
1.29128
1.28874
1.28643
1.28443
1.28285
1.28191
1.28199
1.28349
1.28661
1.29119
1.29666
1.30225
1.3072
1.31098
1.31325
1.3139
1.31295
1.31061
1.30723
1.30339
1.29977
1.29702
1.29549
1.29516
1.29563
1.29642
1.29712
1.29755
1.29771
1.29772
1.29773
1.29786
1.29815
1.29857
1.29903
1.2994
1.29955
1.29938
1.29883
1.2979
1.29666
1.2952
1.29364
1.29209
1.29066
1.28942
1.28839
1.28758
1.28697
1.28654
1.28629
1.28625
1.28647
1.28699
1.28784
1.28902
1.29044
1.29201
1.29356
1.29495
1.29606
1.2968
1.29716
1.29717
1.29691
1.29651
1.29603
1.2955
1.29488
1.29407
1.29293
1.29131
1.28916
1.2865
1.28349
1.2804
1.27759
1.27533
1.27376
1.27283
1.27231
1.27193
1.27147
1.27081
1.26994
1.2689
1.26773
1.2664
1.26478
1.26263
1.25963
1.25542
1.24967
1.24221
1.23318
1.22328
1.21384
1.20667
1.20348
1.20509
1.21096
1.21954
1.229
1.23786
1.2453
1.25108
1.25532
1.25835
1.26052
1.26219
1.26359
1.26491
1.26622
1.26755
1.26886
1.27011
1.27122
1.27216
1.27289
1.2734
1.27366
1.27369
1.27348
1.27306
1.27243
1.27161
1.27062
1.26948
1.26822
1.26688
1.26551
1.26418
1.26294
1.26184
1.26093
1.26024
1.25977
1.25952
1.25944
1.2595
1.25965
1.25984
1.26002
1.26019
1.26034
1.26054
1.26089
1.26152
1.26254
1.26405
1.26605
1.26845
1.27106
1.27365
1.27594
1.27771
1.27875
1.27893
1.27816
1.27638
1.2736
1.26986
1.26529
1.26005
1.2544
1.24864
1.24313
1.2382
1.23413
1.23106
1.22903
1.22791
