0.89873
0.898723
0.898718
0.898719
0.898716
0.898721
0.898721
0.898716
0.898719
0.898719
0.898719
0.898716
0.898716
0.898714
0.898721
0.898716
0.898718
0.898716
0.898714
0.898712
0.898707
0.898712
0.898712
0.898724
0.898722
0.898726
0.898714
0.898712
0.898712
0.898707
0.898702
0.898702
0.898707
0.898704
0.898709
0.898709
0.898707
0.898702
0.898702
0.898707
0.898704
0.898702
0.898697
0.898702
0.898699
0.898697
0.898699
0.898694
0.898694
0.898692
0.898697
0.898688
0.898688
0.898681
0.89868
0.898675
0.898675
0.898677
0.898665
0.898672
0.898673
0.898667
0.898665
0.898663
0.89867
0.898672
0.898672
0.898666
0.898663
0.898665
0.898672
0.898667
0.898667
0.898672
0.898668
0.898663
0.898665
0.898661
0.898661
0.898658
0.898656
0.898659
0.898652
0.89865
0.89865
0.898641
0.898636
0.898619
0.89861
0.898607
0.898602
0.898604
0.898607
0.898607
0.898612
0.898602
0.898602
0.8986
0.898596
0.898588
0.898584
0.898588
0.898586
0.898586
0.898581
0.898569
0.898559
0.898559
0.898557
0.898557
0.898548
0.898555
0.898545
0.898538
0.898548
0.898547
0.898545
0.898545
0.89854
0.898538
0.898547
0.89855
0.898554
0.898552
0.898548
0.898546
0.898551
0.898561
0.898556
0.898551
0.898546
0.898548
0.898548
0.898548
0.89854
0.898538
0.898538
0.898538
0.898526
0.898521
0.898522
0.898524
0.898526
0.898531
0.898524
0.898524
0.898524
0.898527
0.898529
0.898522
0.898522
0.898522
0.89852
0.89852
0.89852
0.898512
0.898515
0.898512
0.898507
0.8985
0.898495
0.89849
0.898494
0.898501
0.898504
0.898499
0.898499
0.898495
0.898499
0.898492
0.898497
0.898498
0.898497
0.898484
0.898486
0.898481
0.89848
0.898486
0.898484
0.898483
0.898478
0.898471
0.898462
0.898459
0.898465
0.898458
0.898453
0.898441
0.898442
0.898447
0.89845
0.898446
0.898447
0.898442
0.898442
0.898434
0.898436
0.898441
0.89844
0.898436
0.89844
0.898445
0.898455
0.89845
0.898445
0.898448
0.898446
0.898446
0.898446
0.898439
0.898446
0.898441
0.898439
0.898445
0.898455
0.89845
0.898452
0.898445
0.898441
0.898432
0.898429
0.898434
0.898439
0.898437
0.898437
0.898439
0.898439
0.898436
0.898427
0.898431
0.898422
0.898417
0.898412
0.898405
0.898403
0.898398
0.898398
0.898408
0.898403
0.898413
0.898415
0.898417
0.898417
0.898417
0.898417
0.898422
0.898415
0.898422
0.898415
0.898418
0.898418
0.898418
0.898408
0.89841
0.89841
0.898408
0.89841
0.898408
0.898412
0.89841
0.898403
0.898398
0.898403
0.898393
0.898403
0.898405
0.898413
0.898415
0.89842
0.898418
0.898415
0.898425
0.898413
0.898408
0.898404
0.898408
0.89841
0.898408
0.898401
0.898403
0.898396
0.898403
0.898398
0.898398
0.89839
0.898388
0.898388
0.898386
0.898381
0.898381
0.898382
0.898382
0.898378
0.89838
0.898369
0.898371
0.898366
0.898372
0.898374
0.898374
0.898369
0.898362
0.898366
0.898371
0.898369
0.898381
0.898374
0.898372
0.898374
0.898379
0.898384
0.898384
0.898382
0.898384
0.898382
0.898379
0.898384
0.898377
0.89837
0.89837
0.898367
0.89837
0.898377
0.898384
0.898382
0.898384
0.898384
0.898384
0.898388
0.898388
0.898386
0.898381
0.898376
0.898381
0.898379
0.898377
0.898374
0.898372
0.898376
0.898378
0.898379
0.898369
0.898361
0.898364
0.898362
0.898362
0.898371
0.898368
0.898379
0.898374
0.898369
0.898371
0.898379
0.898381
0.898372
0.898372
0.898372
0.898372
0.898363
0.898368
0.898368
0.898377
0.898382
0.89838
0.898373
0.898373
0.898368
0.898368
0.898373
0.898368
0.898363
0.898365
0.898367
0.898365
0.898367
0.898379
0.898377
0.898379
0.898376
0.898379
0.898379
0.898384
0.898372
0.898372
0.898375
0.898373
0.898378
0.898381
0.898383
0.898371
0.898375
0.898377
0.898374
0.898372
0.898367
0.898357
0.898355
0.89836
0.898364
0.898364
0.898364
0.898367
0.898367
0.898371
0.898376
0.898375
0.898373
0.898368
0.898373
0.898383
0.898388
0.898389
0.898395
0.898386
0.898381
0.898385
0.898382
0.898381
0.898383
0.898383
0.898395
0.8984
0.898397
0.898406
0.898413
0.898403
0.898408
0.898409
0.898412
0.898419
0.898427
0.898423
0.898418
0.898411
0.898401
0.898408
0.898401
0.8984
0.8984
0.898404
0.898407
0.898404
0.898409
0.898414
0.898414
0.898419
0.898414
0.898424
0.898429
0.898434
0.898429
0.898436
0.898436
0.898436
0.898441
0.898446
0.898457
0.898462
0.898467
0.898474
0.898471
0.898469
0.898478
0.898476
0.898473
0.898478
0.898481
0.898486
0.898488
0.898484
0.898482
0.898468
0.898468
0.898456
0.898458
0.89845
0.898454
0.898451
0.898451
0.898453
0.898456
0.898461
0.89845
0.898441
0.898448
0.898439
0.898432
0.898428
0.89843
0.898425
0.898439
0.898441
0.898446
0.898445
0.898438
0.898443
0.898441
0.898443
0.898445
0.898445
0.898443
0.898455
0.898452
0.89845
0.898453
0.898446
0.898446
0.898448
0.898443
0.898447
0.89845
0.898452
0.898457
0.89846
0.89846
0.898462
0.898462
0.898464
0.898462
0.898462
0.898457
0.898448
0.898455
0.898446
0.898448
0.898453
0.89846
0.898467
0.898462
0.898457
0.898457
0.898466
0.898468
0.898473
0.898478
0.898471
0.898467
0.89847
0.898472
0.89847
0.898477
0.898475
0.898474
0.898476
0.898479
0.898483
0.898492
0.898492
0.898499
0.898499
0.898506
0.898513
0.898509
0.898516
0.898523
0.898531
0.898539
0.898536
0.898529
0.898524
0.898531
0.898538
0.898535
0.898538
0.898535
0.898538
0.898535
0.898531
0.89854
0.898536
0.898538
0.898536
0.898533
0.898538
0.89854
0.89854
0.898542
0.898544
0.898544
0.898558
0.898551
0.898553
0.898558
0.898556
0.898561
0.898563
0.898568
0.898571
0.898576
0.89858
0.898566
0.898568
0.898565
0.89857
0.898582
0.89858
0.898581
0.898583
0.898586
0.89859
0.898593
0.898592
0.898596
0.898605
0.898605
0.8986
0.898608
0.898615
0.898624
0.898625
0.898622
0.89862
0.898625
0.898628
0.898632
0.898637
0.89863
0.898637
0.898632
0.898626
0.898619
0.89862
0.898633
0.898637
0.898638
0.898637
0.898636
0.898636
0.898638
0.898638
0.898641
0.898636
0.898639
0.898639
0.89864
0.898631
0.898631
0.898631
0.898633
0.89863
0.898633
0.898642
0.898645
0.898644
0.898644
0.898643
0.898641
0.898647
0.898652
0.89866
0.898663
0.898671
0.898672
0.898675
0.898679
0.898681
0.898675
0.89867
0.898669
0.898674
0.898677
0.898682
0.898677
0.898675
0.89867
0.898668
0.898652
0.898647
0.898647
0.898649
0.898651
0.898651
0.898653
0.898653
0.898654
0.898654
0.898667
0.89867
0.898672
0.898673
0.898667
0.898674
0.898671
0.898666
0.898667
0.898667
0.898667
0.898663
0.898666
0.898664
0.898671
0.898664
0.898666
0.898669
0.898671
0.898669
0.898667
0.898664
0.898664
0.898659
0.898663
0.89866
0.898658
0.898651
0.898651
0.898659
0.898671
0.898678
0.898685
0.898694
0.898694
0.898698
0.898693
0.898691
0.898688
0.898686
0.898688
0.89869
0.898681
0.898676
0.898664
0.898672
0.898675
0.898673
0.898674
0.898681
0.898682
0.898686
0.898684
0.898688
0.898696
0.898701
0.898697
0.898695
0.898694
0.898689
0.8987
0.898709
0.898718
0.898723
0.898725
0.898714
0.898705
0.898699
0.898695
0.898679
0.898684
0.898679
0.898688
0.898694
0.898684
0.898681
0.898686
0.898688
0.898698
0.8987
0.898703
0.898707
0.898707
0.898714
0.898709
0.898709
0.898699
0.898706
0.898697
0.898694
0.898692
0.89869
0.898694
0.898694
0.898692
0.898689
0.898697
0.898685
0.898685
0.898695
0.898695
0.8987
0.898702
0.89871
0.89871
0.898709
0.898712
0.898714
0.898718
0.898713
0.898711
0.898713
0.898715
0.898722
0.898725
0.89872
0.898718
0.898712
0.898719
0.898722
0.898727
0.898726
0.898726
0.898726
0.898718
0.898708
0.89871
0.898712
0.898712
0.898712
0.898707
0.898717
0.898722
0.898725
0.898727
0.898726
0.898733
0.898738
0.898736
0.898738
0.898738
0.89874
0.898732
0.898729
0.898731
0.898743
0.898748
0.898744
0.898732
0.89873
0.898727
0.89873
0.898728
0.898728
0.898725
0.898728
0.898732
0.898732
0.89873
0.898725
0.898735
0.89873
0.898737
0.898746
0.898746
0.898751
0.898751
0.898751
0.898751
0.898747
0.89874
0.898742
0.89874
0.898738
0.898738
0.898743
0.898743
0.898745
0.898737
0.898751
0.898756
0.898756
0.898765
0.898758
0.89876
0.898758
0.898763
0.898763
0.89877
0.898772
0.89878
0.89878
0.898787
0.898778
0.898783
0.898788
0.898788
0.898797
0.898804
0.898809
0.898804
0.898796
0.898796
0.898801
0.898803
0.898808
0.898811
0.898815
0.898818
0.898818
0.898818
0.89882
0.898822
0.898827
0.898822
0.898827
0.898834
0.89883
0.898835
0.898835
0.898835
0.898833
0.898833
0.89884
0.898844
0.898847
0.898844
0.898844
0.898844
0.898846
0.898849
0.898851
0.898856
0.898856
0.898854
0.898854
0.898847
0.898844
0.89884
0.898828
0.898837
0.898832
0.898832
0.898841
0.898836
0.898832
0.898829
0.898827
0.898825
0.89883
0.898832
0.89883
0.89883
0.898826
0.89884
0.898838
0.898845
0.89884
0.898844
0.898854
0.898861
0.89886
0.898865
0.898863
0.898867
0.898875
0.898868
0.898865
0.898875
0.898877
0.898882
0.898882
0.898885
0.898889
0.898897
0.898899
0.898901
0.898901
0.898897
0.898892
0.898894
0.898892
0.898892
0.898887
0.898887
0.898891
0.898894
0.898899
0.898901
0.898896
0.898901
0.898896
0.898889
0.898891
0.898891
0.898891
0.898896
0.898896
0.898901
0.898901
0.898903
0.898906
0.898913
0.898911
0.898911
0.898916
0.898916
0.898923
0.898913
0.898918
0.898917
0.898922
0.898924
0.898926
0.898929
0.898919
0.898921
0.898926
0.898917
0.898915
0.89891
0.898908
0.898909
0.898907
0.898909
0.898904
0.898906
0.898906
0.898908
0.89891
0.898915
0.898908
0.898905
0.898891
0.898901
0.898896
0.898896
0.898903
0.898905
0.898905
0.898905
0.898912
0.898905
0.898903
0.898915
0.898913
0.898918
0.898918
0.898909
0.898902
0.898909
0.898901
0.898904
0.898903
0.898906
0.898911
0.89892
0.898915
0.898913
0.89891
0.898913
0.89891
0.898905
0.898915
0.898919
0.898926
0.898922
0.898924
0.898931
0.898928
0.898928
0.898928
0.898931
0.898931
0.898931
0.898931
0.898929
0.898937
0.89893
0.898925
0.898928
0.89893
0.898925
0.898923
0.898922
0.898924
0.898922
0.898914
0.898905
0.898905
0.898902
0.898898
0.898905
0.898905
0.898903
0.898903
0.898894
0.898894
0.898892
0.898885
0.898878
0.898873
0.898871
0.898871
0.898868
0.898868
0.898875
0.898866
0.89887
0.898858
0.898858
0.898864
0.898862
0.898857
0.898853
0.898861
0.898864
0.898859
0.898862
0.898866
0.898868
0.898865
0.898874
0.898874
0.898869
0.898867
0.89886
0.898841
0.898841
0.898844
0.898837
0.898832
0.898837
0.898834
0.898832
0.898832
0.898832
0.89883
0.898828
0.898825
0.898825
0.898828
0.898827
0.898827
0.898829
0.898824
0.898822
0.89882
0.898817
0.898827
0.898822
0.898813
0.898813
0.898815
0.898813
0.89881
0.898808
0.898808
0.898803
0.898797
0.898802
0.898797
0.898793
0.8988
0.898808
0.898803
0.898802
0.898795
0.898792
0.898787
0.898789
0.898786
0.8988
0.8988
0.898812
0.898819
0.898822
0.898826
0.898829
0.898827
0.898827
0.898837
0.898838
0.898836
0.898843
0.898836
0.898833
0.89884
0.898844
0.898843
0.898845
0.898847
0.898849
0.898849
0.898854
0.89885
0.898843
0.898844
0.898828
0.898837
0.898841
0.89884
0.898826
0.89883
0.898824
0.898829
0.89883
0.898833
0.898823
0.898823
0.89882
0.898818
0.898813
0.898813
0.898815
0.89881
0.898813
0.89881
0.898813
0.898817
0.898817
0.898822
0.898817
0.898824
0.898817
0.898822
0.898836
0.898831
0.898831
0.898821
0.898821
0.898817
0.898818
0.898816
0.898817
0.898813
0.898818
0.898819
0.898814
0.898815
0.898822
0.898817
0.898815
0.898819
0.898817
0.898815
0.898813
0.89882
0.898815
0.898813
0.898825
0.898816
0.898813
0.898813
0.898813
0.898806
0.898806
0.898802
0.898802
0.898804
0.898804
0.898808
0.898815
0.898813
0.898815
0.898806
0.898809
0.898809
0.898811
0.898809
0.898809
0.898811
0.89881
0.898817
0.898822
0.898815
0.89881
0.89881
0.898813
0.898808
0.898813
0.898813
0.898811
0.898808
0.898811
0.898816
0.898818
0.898818
0.89882
0.898808
0.898806
0.898813
0.898822
0.898825
0.898827
0.898825
0.89882
0.898816
0.898813
0.89881
0.89882
0.898822
0.898819
0.898822
0.898829
0.898829
0.898826
0.898828
0.898828
0.898818
0.898814
0.898816
0.898826
0.898832
0.898826
0.89882
0.898816
0.89881
0.898812
0.898818
0.898819
0.898816
0.898807
0.898802
0.898795
0.898805
0.89881
0.898817
0.898815
0.898813
0.898815
0.898806
0.898804
0.898804
0.898792
0.898789
0.898789
0.898782
0.89878
0.898777
0.89877
0.898768
0.898773
0.89877
0.898773
0.898773
0.898763
0.898758
0.898756
0.898751
0.898746
0.898751
0.898746
0.898744
0.898742
0.898739
0.89874
0.898742
0.89873
0.898733
0.898726
0.898726
0.898728
0.898723
0.898711
0.898718
0.898718
0.898718
0.898718
0.89872
0.898723
0.898723
0.898735
0.898739
0.898734
0.898741
0.898741
0.898739
0.898744
0.898751
0.89876
0.898761
0.898766
0.898769
0.898764
0.898767
0.898771
0.898771
0.898771
0.898766
0.898759
0.898758
0.898761
0.89876
0.898765
0.89877
0.898763
0.89876
0.898756
0.898756
0.898753
0.898753
0.898744
0.898742
0.898751
0.898739
0.898739
0.898746
0.898751
0.898754
0.898751
0.898759
0.898769
0.898767
0.898769
0.898775
0.898763
0.898769
0.898778
0.898783
0.898771
0.898767
0.898757
0.898755
0.898763
0.898766
0.898766
0.898776
0.898786
0.898795
0.898798
0.8988
0.898804
0.898804
0.898811
0.898813
0.89881
0.898801
0.898801
0.898799
0.898797
0.898797
0.898797
0.898799
0.8988
0.898797
0.898797
0.898795
0.898788
0.898792
0.898794
0.898794
0.898797
0.898799
0.898799
0.898797
0.898799
0.898807
0.898809
0.898811
0.898814
0.898816
0.898818
0.898821
0.898818
0.898818
0.898823
0.898818
0.898813
0.898818
0.898816
0.898811
0.898813
0.898811
0.898811
0.898806
0.898806
0.898806
0.898808
0.898806
0.898804
0.898797
0.898795
0.898797
0.898795
0.89879
0.898794
0.898796
0.898798
0.898803
0.898803
0.898803
0.8988
0.898807
0.898803
0.898801
0.898785
0.898785
0.898785
0.898785
0.898782
0.898782
0.898782
0.898787
0.898789
0.898785
0.898787
0.898785
0.898787
0.898775
0.898782
0.898777
0.898777
0.898779
0.898787
0.898789
0.898792
0.89879
0.898785
0.898787
0.898785
0.89879
0.89879
0.898789
0.898787
0.898782
0.898787
0.898787
0.898792
0.898789
0.898792
0.898794
0.898787
0.898792
0.898792
0.898797
0.898801
0.898799
0.898794
0.898787
0.89879
0.898799
0.898794
0.898791
0.898789
0.898791
0.898789
0.898791
0.898799
0.898804
0.898807
0.898807
0.898807
0.898807
0.898806
0.898813
0.898813
0.89882
0.898815
0.898811
0.898808
0.898801
0.898799
0.898797
0.898801
0.898797
0.898797
0.898799
0.898797
0.898797
0.898801
0.898801
0.898797
0.898808
0.898808
0.898811
0.898806
0.898813
0.898811
0.898818
0.898822
0.89882
0.898818
0.898813
0.898813
0.89882
0.898828
0.898823
0.898823
0.898828
0.89883
0.898827
0.898823
0.89883
0.898834
0.898835
0.898832
0.898832
0.898825
0.898825
0.898823
0.898818
0.89882
0.89882
0.89882
0.898825
0.89882
0.898818
0.898818
0.898818
0.898823
0.898823
0.898818
0.898815
0.898813
0.898813
0.898806
0.898815
0.898818
0.898813
0.898808
0.898809
0.898804
0.898795
0.898783
0.898785
0.898785
0.898781
0.898783
0.898785
0.898792
0.898797
0.898806
0.898804
0.898806
0.898801
0.898796
0.898799
0.898804
0.898801
0.898799
0.898799
0.898804
0.898801
0.898797
0.898797
0.898794
0.898799
0.898799
0.898799
0.898802
0.898792
0.89879
0.898788
0.898792
0.898788
0.898787
0.89879
0.898785
0.898787
0.898787
0.898786
0.898786
0.89879
0.89879
0.898786
0.898785
0.898795
0.898794
0.898791
0.89879
0.898787
0.898789
0.898788
0.898786
0.898788
0.898786
0.898786
0.898784
0.898786
0.898789
0.898779
0.898782
0.898782
0.898785
0.898788
0.898788
0.898786
0.898793
0.89879
0.898802
0.898811
0.898808
0.898803
0.898801
0.898789
0.898784
0.898779
0.898781
0.898784
0.898787
0.898785
0.89878
0.898788
0.89879
0.898795
0.898797
0.898799
0.898804
0.898808
0.898811
0.898804
0.898801
0.898804
0.898799
0.898797
0.898799
0.898806
0.898806
0.898809
0.898809
0.898811
0.898811
0.898802
0.898799
0.898797
0.898795
0.898795
0.898795
0.898797
0.898797
0.898802
0.898804
0.898802
0.8988
0.898797
0.898797
0.898799
0.898794
0.898799
0.898799
0.898813
0.89881
0.898812
0.898805
0.898815
0.898817
0.898815
0.898815
0.898816
0.898811
0.898816
0.898804
0.898806
0.898803
0.8988
0.898803
0.898798
0.898806
0.898809
0.898806
0.898795
0.898799
0.898795
0.898799
0.898801
0.898794
0.898799
0.898801
0.89881
0.898813
0.898813
0.898815
0.898813
0.898815
0.89882
0.898822
0.898832
0.898829
0.898825
0.89882
0.898815
0.898813
0.898815
0.898817
0.898822
0.89882
0.898819
0.898815
0.898814
0.898819
0.898805
0.898803
0.898803
0.898806
0.898809
0.898802
0.898796
0.898789
0.898786
0.898778
0.898779
0.898771
0.898764
0.898763
0.898768
0.898768
0.898771
0.898774
0.898773
0.89878
0.898776
0.898775
0.898768
0.89877
0.898772
0.898767
0.898767
0.898774
0.89877
0.89876
0.898758
0.898763
0.898761
0.898761
0.898761
0.898766
0.898758
0.898761
0.898765
0.898772
0.898767
0.89876
0.898752
0.89875
0.898757
0.898745
0.898743
0.898749
0.898751
0.898757
0.898745
0.898748
0.898748
0.898757
0.898755
0.898757
0.898754
0.898759
0.898763
0.898765
0.898773
0.898775
0.898775
0.898772
0.898763
0.898761
0.898758
0.898763
0.898766
0.898768
0.898771
0.898773
0.898778
0.898771
0.898776
0.898773
0.898775
0.89878
0.898785
0.898787
0.898792
0.898792
0.898799
0.898794
0.898792
0.89879
0.898797
0.89879
0.898788
0.89879
0.898792
0.898788
0.898788
0.898788
0.898785
0.898785
0.89878
0.89878
0.898778
0.898787
0.898787
0.898794
0.898792
0.898792
0.898796
0.898792
0.898784
0.898787
0.898794
0.898789
0.898796
0.898794
0.898796
0.89879
0.898792
0.89879
0.89879
0.898779
0.898776
0.898771
0.898769
0.898771
0.898778
0.898777
0.898784
0.898786
0.898791
0.898793
0.898793
0.898791
0.898794
0.898799
0.898799
0.898797
0.898805
0.898802
0.898807
0.898809
0.898804
0.898799
0.898801
0.89881
0.898805
0.898808
0.898803
0.898805
0.898815
0.898808
0.898808
0.898813
0.898813
0.898807
0.898807
0.898807
0.898802
0.898804
0.898811
0.898813
0.898815
0.89881
0.89881
0.898822
0.898817
0.89881
0.898805
0.898805
0.898798
0.898798
0.898801
0.898801
0.898794
0.898801
0.898804
0.898802
0.898802
0.898802
0.898795
0.898791
0.898793
0.898799
0.898803
0.898808
0.898805
0.898815
0.898817
0.898817
0.898817
0.898817
0.898818
0.898822
0.898815
0.898815
0.898813
0.898815
0.898818
0.89882
0.898825
0.898832
0.89883
0.898837
0.898839
0.898848
0.89886
0.898867
0.898869
0.898867
0.898858
0.898856
0.898849
0.89885
0.898857
0.898857
0.898856
0.898858
0.898848
0.898848
0.898851
0.898849
0.898849
0.898854
0.898856
0.898861
0.898858
0.898855
0.898848
0.898843
0.898839
0.898846
0.898839
0.898851
0.898851
0.898848
0.898839
