0.797835
0.79512
0.792324
0.789722
0.787517
0.785904
0.785098
0.785335
0.786832
0.789719
0.793974
0.799448
0.805905
0.812978
0.820139
0.826782
0.832278
0.836007
0.837599
0.837024
0.834577
0.830824
0.826398
0.821877
0.817668
0.813936
0.810593
0.807385
0.803994
0.800084
0.795427
0.78989
0.783525
0.776526
0.769181
0.761827
0.754782
0.748379
0.742936
0.738741
0.736019
0.734906
0.735488
0.737723
0.741476
0.746524
0.752613
0.759497
0.766949
0.77471
0.782479
0.789846
0.796364
0.801537
0.804912
0.806194
0.805309
0.802535
0.798437
0.793777
0.789479
0.786479
0.785405
0.786545
0.789787
0.794708
0.800654
0.806924
0.812846
0.81785
0.821491
0.823449
0.823558
0.821799
0.818343
0.813545
0.807901
0.802001
0.796453
0.791848
0.788623
0.78698
0.786846
0.787894
0.789608
0.791379
0.792582
0.792757
0.791617
0.789127
0.785456
0.781004
0.776284
0.771909
0.768449
0.766359
0.765864
0.766975
0.769477
0.77297
0.77696
0.780942
0.78449
0.787281
0.789174
0.790208
0.790505
0.790223
0.789477
0.788314
0.786735
0.784798
0.78261
0.780322
0.778092
0.776062
0.774302
0.772906
0.772018
0.771754
0.772216
0.773444
0.775421
0.778094
0.78143
0.785416
0.790063
0.795356
0.801162
0.80722
0.813166
0.818533
0.822869
0.825847
0.827321
0.827345
0.826123
0.823901
0.820922
0.817292
0.813026
0.808098
0.802566
0.796762
0.791208
0.786578
0.783556
0.782496
0.78328
0.785308
0.787749
0.789783
0.790769
0.790364
0.788538
0.785523
0.781732
0.777793
0.774502
0.772658
0.772894
0.775422
0.779973
0.785891
0.792379
0.798682
0.804223
0.808663
0.811791
0.813443
0.813512
0.811975
0.8089
0.804496
0.799102
0.793097
0.786855
0.780638
0.77461
0.768887
0.763565
0.758762
0.754702
0.751636
0.749932
0.749997
0.752217
0.756901
0.764117
0.773605
0.784709
0.796444
0.807627
0.817104
0.823924
0.827482
0.827601
0.824496
0.818703
0.810995
0.802249
0.793355
0.785148
0.778329
0.77342
0.77077
0.770528
0.772628
0.776759
0.782354
0.788687
0.794942
0.800351
0.804292
0.806343
0.806337
0.804331
0.800633
0.795729
0.79018
0.784636
0.779773
0.7761
0.773877
0.773017
0.773232
0.774197
0.775715
0.777846
0.780908
0.785229
0.79087
0.7975
0.804425
0.810868
0.816172
0.819949
0.822076
0.822641
0.821802
0.819732
0.8166
0.812533
0.807741
0.802548
0.797391
0.792817
0.789375
0.787472
0.787262
0.788493
0.790574
0.792739
0.794253
0.794594
0.793588
0.791434
0.78855
0.785402
0.782381
0.779708
0.777444
0.77553
0.773866
0.77231
0.770795
0.769318
0.767968
0.766946
0.766452
0.766599
0.767335
0.768476
0.769762
0.77106
0.772493
0.774551
0.777946
0.783277
0.790721
0.799886
0.809888
0.819655
0.828217
0.834805
0.838969
0.840582
0.839778
0.836861
0.832213
0.826229
0.819245
0.811518
0.803339
0.795053
0.787015
0.779681
0.773438
0.768616
0.765378
0.763674
0.763243
0.763654
0.764404
0.765013
0.765134
0.764747
0.764144
0.763886
0.76461
0.766805
0.770629
0.775821
0.781856
0.788077
0.793879
0.79882
0.802621
0.805171
0.806523
0.806856
0.806421
0.805685
0.805187
0.805498
0.807082
0.810109
0.81441
0.819441
0.824439
0.82855
0.830996
0.831273
0.829145
0.824703
0.818208
0.810014
0.800492
0.789962
0.778733
0.767229
0.756052
0.745983
0.737941
0.732794
0.731128
0.73312
0.738401
0.746147
0.755289
0.764693
0.773332
0.780511
0.785942
0.789663
0.791977
0.793333
0.794313
0.795528
0.797572
0.800906
0.805761
0.812173
0.819902
0.828448
0.837059
0.844871
0.850924
0.854352
0.854466
0.8508
0.843277
0.832185
0.818156
0.802178
0.78546
0.76929
0.754943
0.743398
0.735299
0.730853
0.729914
0.731964
0.736269
0.742029
0.74849
0.755089
0.761453
0.767332
0.772576
0.777075
0.780741
0.783593
0.785772
0.78752
0.789166
0.791035
0.793427
0.796533
0.800449
0.805152
0.810465
0.816074
0.82153
0.82628
0.829743
0.831323
0.830516
0.827052
0.820931
0.812528
0.802565
0.792007
0.781966
0.773548
0.767684
0.764922
0.765316
0.768422
0.773375
0.779027
0.784142
0.787717
0.789046
0.787898
0.784547
0.77963
0.773976
0.768439
0.763676
0.760127
0.758043
0.757529
0.75862
0.761274
0.76535
0.770578
0.776512
0.782682
0.788688
0.794225
0.799172
0.803561
0.807453
0.810921
0.813912
0.816271
0.817756
0.818108
0.81712
0.814663
0.810868
0.80618
0.801265
0.79686
0.793545
0.791591
0.790916
0.791236
0.792209
0.793638
0.795499
0.797753
0.80026
0.802711
0.804679
0.805706
0.805517
0.803978
0.801177
0.797431
0.793156
0.788837
0.784968
0.782018
0.780348
0.780251
0.781817
0.784905
0.789077
0.793686
0.797964
0.801123
0.802517
0.801756
0.798788
0.793878
0.787506
0.780341
0.773182
0.766879
0.762271
0.760048
0.760628
0.764048
0.769878
0.777294
0.785285
0.792772
0.798819
0.802728
0.804129
0.803034
0.799811
0.795085
0.789613
0.784218
0.779676
0.776606
0.775421
0.776312
0.779187
0.783743
0.789511
0.795897
0.802296
0.808119
0.812863
0.816087
0.817455
0.816694
0.813698
0.808526
0.801529
0.793299
0.784589
0.77627
0.769169
0.763988
0.761225
0.761082
0.763464
0.76802
0.774258
0.781587
0.789479
0.797516
0.805362
0.812782
0.819554
0.825387
0.829964
0.832889
0.833784
0.832297
0.828174
0.82134
0.811935
0.800418
0.787584
0.774606
0.762966
0.754152
0.749257
0.748719
0.752226
0.758856
0.767362
0.776458
0.784915
0.791776
0.796363
0.798347
0.797713
0.794798
0.790241
0.784936
0.779937
0.776257
0.774678
0.775602
0.779022
0.784482
0.791182
0.798188
0.804532
0.809349
0.812012
0.812217
0.809992
0.805668
0.799875
0.793467
0.787355
0.78245
0.779428
0.778733
0.780357
0.783936
0.788802
0.794123
0.79899
0.80265
0.804551
0.804388
0.802171
0.798246
0.793217
0.787908
0.78323
0.780054
0.778952
0.780151
0.783405
0.788088
0.793324
0.798154
0.801731
0.803524
0.80343
0.801749
0.799057
0.796071
0.793424
0.791462
0.790239
0.789533
0.788999
0.788337
0.787446
0.786535
0.786045
0.786495
0.788276
0.791465
0.795759
0.800563
0.805086
0.808541
0.810277
0.8099
0.807322
0.802723
0.796632
0.789815
0.783269
0.778084
0.77523
0.775289
0.778302
0.783763
0.790727
0.798019
0.804489
0.809248
0.811714
0.811677
0.809267
0.804944
0.799429
0.793612
0.788435
0.784744
0.783101
0.783718
0.786413
0.790576
0.795388
0.799962
0.803524
0.805532
0.80571
0.803989
0.800419
0.795164
0.788388
0.780304
0.771239
0.761694
0.75254
0.745069
0.740886
0.741369
0.746911
0.756314
0.767231
0.777206
0.784633
0.789082
0.790995
0.791223
0.790684
0.790117
0.790087
0.791012
0.793259
0.797025
0.802217
0.808442
0.815077
0.821356
0.826543
0.83005
0.831502
0.83084
0.828222
0.824001
0.818518
0.812115
0.80518
0.798095
0.791238
0.784898
0.779247
0.774365
0.770301
0.767218
0.765411
0.765251
0.76702
0.770808
0.776357
0.783069
0.790088
0.796487
0.801391
0.80407
0.804101
0.801497
0.796741
0.790777
0.784875
0.780391
0.778438
0.779622
0.78391
0.790685
0.798919
0.807432
0.815122
0.821069
0.824629
0.82549
0.823611
0.819306
0.81314
0.805826
0.7981
0.790569
0.783609
0.777434
0.772167
0.767983
0.765058
0.76356
0.76349
0.764593
0.766468
0.768698
0.770971
0.773173
0.775402
0.777831
0.780633
0.783952
0.787816
0.792121
0.796596
0.800891
0.804672
0.807631
0.809524
0.810196
0.809602
0.807772
0.80481
0.800882
0.796231
0.791208
0.78629
0.782034
0.779067
0.778007
0.779168
0.78239
0.787041
0.792041
0.796204
0.798563
0.798569
0.796168
0.791731
0.785942
0.779649
0.773703
0.768818
0.765514
0.764036
0.764349
0.766197
0.769148
0.772718
0.776486
0.780174
0.783688
0.787039
0.790326
0.793612
0.796813
0.799749
0.802203
0.803972
0.804951
0.805171
0.80473
0.803762
0.802453
0.800975
0.799517
0.798327
0.797653
0.797694
0.798497
0.79995
0.801804
0.803727
0.805307
0.806087
0.805603
0.803446
0.799354
0.793311
0.785567
0.776624
0.767247
0.758336
0.750819
0.745573
0.743196
0.743999
0.747896
0.754483
0.763075
0.772829
0.782869
0.792334
0.800489
0.806768
0.810843
0.812531
0.811919
0.809266
0.80508
0.80002
0.794832
0.790257
0.786912
0.785235
0.785506
0.787831
0.792094
0.797874
0.80447
0.810947
0.81632
0.819736
0.820657
0.818862
0.814411
0.807555
0.798616
0.788078
0.776646
0.76531
0.755354
0.748211
0.745208
0.747251
0.754497
0.766291
0.781201
0.797368
0.812943
0.826405
0.836749
0.843557
0.846857
0.847
0.84452
0.83999
0.833906
0.826587
0.818229
0.808942
0.798855
0.78831
0.777981
0.768843
0.761984
0.758303
0.758323
0.76199
0.768707
0.777486
0.787102
0.796293
0.803909
0.809045
0.811152
0.810104
0.806172
0.800007
0.792532
0.784728
0.777497
0.771538
0.767242
0.764749
0.763904
0.764341
0.7656
0.767226
0.768871
0.770415
0.771998
0.773973
0.776799
0.780892
0.786438
0.793279
0.800986
0.809015
0.816711
0.823411
0.828548
0.831711
0.832658
0.831447
0.828499
0.824438
0.819966
0.815674
0.811843
0.808351
0.804834
0.800918
0.796333
0.791028
0.785207
0.779333
0.773991
0.76973
0.766905
0.765657
0.765866
0.767215
0.769292
0.771757
0.774366
0.77708
0.779964
0.783161
0.786774
0.790823
0.795224
0.799803
0.804262
0.80834
0.811802
0.814408
0.815966
0.816302
0.815347
0.813123
0.809754
0.805502
0.800746
0.795824
0.790988
0.786379
0.781983
0.777694
0.773443
0.769207
0.76505
0.761144
0.757743
0.755111
0.753528
0.753301
0.754776
0.758241
0.763784
0.771223
0.780035
0.789434
0.798526
0.80651
0.812857
0.817363
0.820089
0.821289
0.821251
0.820166
0.818094
0.814994
0.810905
0.80607
0.801062
0.796664
