0.800604
0.801039
0.801653
0.802676
0.804343
0.807118
0.811682
0.818621
0.827854
0.838429
0.848729
0.856991
0.861859
0.8626
0.859054
0.851562
0.840876
0.828104
0.814605
0.801906
0.791456
0.784385
0.781241
0.781889
0.785561
0.791089
0.79721
0.802917
0.807632
0.811274
0.814233
0.817086
0.820395
0.82443
0.828958
0.833283
0.836518
0.8379
0.837064
0.834234
0.830186
0.826022
0.822805
0.821035
0.820515
0.820306
0.819118
0.815775
0.809556
0.800397
0.788908
0.776109
0.763367
0.752174
0.744135
0.740733
0.743047
0.751368
0.765055
0.782741
0.802551
0.822434
0.840515
0.855436
0.866531
0.873886
0.878091
0.879991
0.880359
0.879684
0.878119
0.875573
0.871791
0.866459
0.859452
0.85075
0.840554
0.829374
0.817989
0.807372
0.798548
0.792446
0.789612
0.790042
0.793102
0.79766
0.802368
0.805944
0.8074
0.80623
0.802485
0.796722
0.789978
0.783512
0.778677
0.776568
0.777683
0.781879
0.788423
0.796191
0.804019
0.810928
0.81628
0.819844
0.82175
0.822439
0.822423
0.822128
0.821855
0.821647
0.821278
0.820346
0.81838
0.81511
0.810618
0.805557
0.80105
0.79841
0.798653
0.801981
0.807654
0.814309
0.820438
0.824881
0.827033
0.826833
0.824603
0.820921
0.81642
0.811749
0.80753
0.80433
0.802574
0.802486
0.803983
0.806722
0.810149
0.813677
0.816785
0.819207
0.820895
0.821998
0.822803
0.823561
0.824435
0.825412
0.82638
0.827073
0.827231
0.826683
0.825434
0.823774
0.822176
0.82112
0.820948
0.821752
0.823302
0.825157
0.826799
0.827812
0.827943
0.827175
0.825582
0.823273
0.820283
0.816544
0.811947
0.806367
0.799781
0.792307
0.784227
0.775895
0.767813
0.76054
0.754673
0.750793
0.74942
0.750935
0.755536
0.763121
0.773402
0.785744
0.79931
0.813134
0.826226
0.837724
0.846911
0.853284
0.856554
0.856663
0.853805
0.848389
0.840994
0.832348
0.823243
0.814464
0.806701
0.800532
0.796326
0.794257
0.794371
0.79654
0.80046
0.805639
0.811473
0.817366
0.822851
0.827646
0.831546
0.834376
0.836029
0.836398
0.835393
0.832931
0.828998
0.82372
0.817452
0.810943
0.805219
0.80135
0.800079
0.801521
0.80509
0.80971
0.814318
0.818083
0.820596
0.821847
0.822154
0.82197
0.8216
0.821278
0.821036
0.820787
0.82028
0.819249
0.817461
0.814735
0.811071
0.806585
0.801561
0.796472
0.791933
0.788587
0.786991
0.787473
0.790033
0.794497
0.800641
0.808212
0.816878
0.826189
0.835603
0.844504
0.852162
0.857817
0.860695
0.860104
0.85566
0.84751
0.836379
0.823562
0.810693
0.79947
0.791303
0.786951
0.786417
0.789074
0.793889
0.799737
0.805745
0.811425
0.816716
0.82187
0.827173
0.832588
0.837713
0.841748
0.843717
0.842726
0.838289
0.830529
0.820235
0.808747
0.797753
0.788829
0.782881
0.77991
0.779031
0.778883
0.778241
0.776458
0.773638
0.770599
0.768533
0.768644
0.771822
0.778326
0.787771
0.799205
0.811402
0.823175
0.833535
0.841792
0.84763
0.850987
0.852033
0.851081
0.848584
0.845144
0.841391
0.837903
0.835164
0.833422
0.832744
0.833059
0.834136
0.835689
0.837424
0.839069
0.840417
0.841343
0.84173
0.841484
0.84057
0.838989
0.836781
0.833966
0.830414
0.825948
0.820338
0.813502
0.805522
0.796693
0.787392
0.777966
0.768639
0.759615
0.751246
0.744227
0.739566
0.738335
0.741263
0.748504
0.759618
0.773696
0.789559
0.805926
0.821535
0.835242
0.846076
0.853317
0.856617
0.856053
0.85215
0.845825
0.838154
0.83016
0.822562
0.815689
0.809504
0.803856
0.79868
0.794129
0.790582
0.788625
0.788766
0.791207
0.795738
0.801798
0.808603
0.815362
0.821499
0.826663
0.830673
0.833438
0.834984
0.835373
0.834702
0.833125
0.830801
0.8279
0.824562
0.820993
0.81744
0.814246
0.811765
0.810368
0.810302
0.811585
0.813971
0.816967
0.819977
0.822422
0.823884
0.824106
0.82301
0.820589
0.81693
0.812209
0.806673
0.80064
0.79444
0.788392
0.78283
0.778186
0.774801
0.77287
0.772326
0.772923
0.774406
0.776627
0.779528
0.783154
0.787541
0.792572
0.798001
0.803432
0.808446
0.812768
0.81634
0.81934
0.822096
0.824988
0.828294
0.832083
0.836076
0.839772
0.842517
0.843704
0.842954
0.840172
0.835612
0.829838
0.823566
0.81755
0.812403
0.808557
0.806206
0.805416
0.806163
0.808468
0.812376
0.817848
0.824642
0.832204
0.83966
0.846057
0.850438
0.852014
0.850316
0.845202
0.836863
0.825901
0.813284
0.800263
0.788217
0.778467
0.772006
0.769368
0.770641
0.775469
0.783198
0.792994
0.80397
0.815294
0.826191
0.835983
0.84406
0.849902
0.853192
0.853735
0.851481
0.846521
0.83911
0.829636
0.81869
0.80713
0.796032
0.786598
0.77994
0.776853
0.777596
0.781822
0.788687
0.797027
0.805455
0.812687
0.817731
0.819972
0.819276
0.815958
0.810626
0.804124
0.797417
0.791444
0.787109
0.785191
0.786221
0.790377
0.79736
0.806364
0.816233
0.825758
0.833989
0.840359
0.844667
0.846926
0.84721
0.845612
0.842188
0.837013
0.830336
0.822631
0.814629
0.80721
0.801225
0.797255
0.795551
0.796015
0.798189
0.801398
0.804993
0.808492
0.811678
0.8146
0.817567
0.820972
0.825081
0.830038
0.835691
0.841628
0.847225
0.851773
0.854702
0.855649
0.854454
0.851213
0.846135
0.839542
0.831749
0.823032
0.813636
0.803837
0.793949
0.784401
0.775755
0.768711
0.763995
0.762128
0.763278
0.76712
0.772911
0.779691
0.786582
0.792931
0.798374
0.802877
0.806678
0.810173
0.813812
0.817988
0.822932
0.828625
0.83482
0.841151
0.847108
0.852124
0.855579
0.856832
0.855251
0.850372
0.841984
0.830361
0.816222
0.800717
0.78527
0.771453
0.760743
0.754261
0.752508
0.755279
0.761712
0.770521
0.780332
0.789979
0.798649
0.805995
0.81204
0.817029
0.821289
0.825114
0.828682
0.832037
0.835184
0.838195
0.8412
0.844373
0.847839
0.851581
0.855348
0.858662
0.860869
0.861175
0.858884
0.853547
0.845091
0.833949
0.82094
0.807158
0.793744
0.781765
0.772118
0.76544
0.762101
0.76221
0.765583
0.771801
0.780174
0.789767
0.799578
0.808662
0.816242
0.82174
0.824838
0.825448
0.823787
0.820351
0.815946
0.811604
0.808355
0.807013
0.807995
0.811233
0.816254
0.822371
0.828893
0.835251
0.841006
0.845803
0.849302
0.851161
0.851013
0.848596
0.843821
0.836864
0.828152
0.818333
0.808214
0.79866
0.790571
0.784841
0.78228
0.783432
0.788458
0.797069
0.808525
0.821738
0.835447
0.848383
0.859377
0.867509
0.87216
0.873068
0.870192
0.863586
0.853433
0.840167
0.824496
0.807506
0.79055
0.775145
0.762736
0.754627
0.751668
0.754095
0.761386
0.772382
0.785505
0.798977
0.811145
0.820603
0.826421
0.828174
0.825937
0.820343
0.812473
0.803681
0.795318
0.788435
0.783642
0.781117
0.78065
0.781799
0.784064
0.786926
0.789913
0.792602
0.794658
0.795909
0.79645
0.796705
0.797353
0.799176
0.80281
0.80854
0.816312
0.825707
0.83608
0.846615
0.856506
0.86498
0.871463
0.8756
0.87717
0.876057
0.872293
0.866011
0.85744
0.846955
0.835054
0.822471
0.810101
0.798912
0.789876
0.783824
0.781251
0.78233
0.786825
0.794048
0.802928
0.812196
0.820498
0.826718
0.830075
0.83022
0.827185
0.821258
0.812996
0.8031
0.792358
0.781648
0.771943
0.764305
0.759748
0.759069
0.762564
0.769954
0.780437
0.79292
0.806259
0.819392
0.831393
0.841501
0.849215
0.854341
0.856925
0.857131
0.855159
0.851199
0.845653
0.839151
0.832516
0.826629
0.822238
0.819811
0.819525
0.821187
0.824321
0.828295
0.832431
0.836098
0.838811
0.840255
0.84023
0.838684
0.835661
0.83131
0.825882
0.819777
0.813676
0.808376
0.804611
0.802817
0.802958
0.804544
0.80675
0.808612
0.809227
0.807969
0.804613
0.799414
0.792988
0.786232
0.780056
0.775153
0.771853
0.770073
0.769427
0.769448
0.769839
0.770689
0.772445
0.775744
0.781157
0.78898
0.799065
0.81086
0.823436
0.835665
0.846309
0.854271
0.85881
0.859766
0.857581
0.853018
0.846948
0.840126
0.833074
0.826117
0.81949
0.813361
0.807885
0.803245
0.799693
0.797473
0.796807
0.797777
0.800288
0.804073
0.808704
0.813695
0.818562
0.8229
0.826412
0.828966
0.830614
0.831526
0.831936
0.832047
0.83199
0.831721
0.831048
0.829663
0.827284
0.823677
0.818757
0.81267
0.805823
0.798917
0.792892
0.78872
0.787186
0.788656
0.793027
0.799732
0.807871
0.816399
0.82431
0.830776
0.835242
0.83744
0.837358
0.83525
0.831475
0.826395
0.820395
0.813889
0.807302
0.801041
0.795447
0.790734
0.786992
0.78422
0.782501
0.781995
0.783004
0.78584
0.790671
0.797382
0.805462
0.81413
0.822487
0.829697
0.835254
0.839043
0.84127
0.842328
0.842624
0.842377
0.841602
0.840069
0.837525
0.833807
0.828949
0.823207
0.817023
0.811003
0.805746
0.801797
0.79969
0.799791
0.80228
0.807023
0.813563
0.821215
0.829113
0.836277
0.841755
0.844757
0.844832
0.841985
0.836724
0.829956
0.822799
0.816204
0.810694
0.806311
0.802619
0.799029
0.795128
0.790962
0.787047
0.784213
0.78333
0.784936
0.788935
0.794743
0.801428
0.807986
0.81356
0.817559
0.819694
0.819901
0.818365
0.815359
0.811324
0.806877
0.802703
0.799441
0.797578
0.797372
0.798768
0.801508
0.805175
0.809335
0.813583
0.817662
0.821504
0.825102
0.828452
0.831503
0.834117
0.836064
0.837125
0.837129
0.836068
0.834099
0.831546
0.828801
0.826084
0.823308
0.820062
0.81581
0.810231
0.803542
0.796606
0.790783
0.787517
0.787918
0.792383
0.800487
0.811097
0.82267
0.833585
0.84242
0.848101
0.84998
0.847881
0.842168
0.833588
0.823217
0.81227
0.80197
0.793285
0.786809
0.782734
0.780915
0.780995
0.782662
0.785658
0.78976
0.794683
0.799956
0.804976
0.809056
0.811574
0.812069
0.810398
0.806808
