0.794893
0.787622
0.779049
0.769872
0.760679
0.751885
0.74384
0.736824
0.73116
0.727247
0.72546
0.72602
0.728815
0.733293
0.73856
0.743545
0.747231
0.748923
0.748332
0.745575
0.74107
0.735454
0.729423
0.723706
0.71893
0.715571
0.713974
0.714281
0.7165
0.720416
0.725753
0.73208
0.738901
0.745734
0.7521
0.75767
0.762252
0.765764
0.76823
0.769736
0.770368
0.770166
0.769158
0.767353
0.764748
0.761408
0.757459
0.753101
0.748658
0.744599
0.7415
0.739943
0.740389
0.74298
0.747408
0.752972
0.758821
0.764132
0.76825
0.770789
0.771597
0.770699
0.768291
0.764701
0.760334
0.755648
0.751014
0.746724
0.742922
0.739628
0.736769
0.73424
0.731901
0.729718
0.727743
0.72612
0.725071
0.72474
0.725206
0.726458
0.728417
0.731011
0.734251
0.738139
0.742611
0.747522
0.752495
0.757041
0.760695
0.763069
0.76394
0.763241
0.761035
0.757467
0.752731
0.74704
0.740685
0.734046
0.727588
0.721802
0.717151
0.713991
0.712525
0.712726
0.714321
0.71689
0.719979
0.723256
0.726613
0.730186
0.734276
0.739175
0.744978
0.751498
0.758239
0.764504
0.769573
0.772824
0.773919
0.772775
0.76966
0.765074
0.7597
0.754266
0.749508
0.74605
0.744361
0.744764
0.747316
0.751841
0.757943
0.765033
0.772415
0.779342
0.785113
0.789072
0.790672
0.789474
0.785203
0.777867
0.767767
0.755479
0.741907
0.728244
0.715844
0.706071
0.700087
0.698562
0.701487
0.708151
0.717356
0.727727
0.737982
0.747156
0.754664
0.760258
0.763977
0.766018
0.76664
0.766037
0.764252
0.761281
0.757104
0.751851
0.74586
0.739667
0.733888
0.729051
0.725476
0.723317
0.722656
0.723691
0.726697
0.731888
0.739206
0.748092
0.757503
0.766106
0.772607
0.776014
0.775803
0.771941
0.76488
0.755419
0.74452
0.733233
0.722507
0.713084
0.705505
0.700088
0.696975
0.696166
0.697592
0.701206
0.706915
0.714585
0.724004
0.73482
0.746555
0.758575
0.770202
0.780863
0.790091
0.797546
0.802991
0.806243
0.807157
0.805662
0.801863
0.796016
0.788525
0.77983
0.770486
0.761075
0.752132
0.744298
0.738166
0.734178
0.732468
0.732716
0.734251
0.736309
0.738171
0.739367
0.739635
0.738877
0.737104
0.734406
0.731024
0.727342
0.723978
0.721742
0.721503
0.723872
0.729086
0.73679
0.746194
0.756235
0.765754
0.773711
0.779216
0.781652
0.780596
0.775936
0.767828
0.756757
0.743588
0.729528
0.716068
0.704786
0.69704
0.693697
0.694957
0.700425
0.70925
0.720395
0.732747
0.745346
0.757371
0.768247
0.777571
0.785155
0.790914
0.794865
0.797065
0.797519
0.796253
0.793241
0.788487
0.782115
0.774389
0.765723
0.756679
0.747861
0.739895
0.733331
0.728596
0.725937
0.725378
0.726847
0.730134
0.73492
0.740766
0.747093
0.753163
0.758234
0.761713
0.763193
0.762541
0.759837
0.755306
0.749261
0.74203
0.733997
0.725594
0.717416
0.710279
0.705143
0.702953
0.704267
0.70912
0.716857
0.726371
0.736373
0.745732
0.753697
0.75995
0.764523
0.767603
0.769407
0.77004
0.769488
0.767653
0.764445
0.759876
0.754129
0.74752
0.740497
0.733546
0.727128
0.721671
0.717607
0.715341
0.715221
0.717503
0.722121
0.728782
0.736956
0.746011
0.755315
0.76432
0.772583
0.779737
0.785404
0.789196
0.790793
0.7899
0.786367
0.780283
0.772006
0.762217
0.751822
0.741849
0.733335
0.727142
0.723796
0.723454
0.725857
0.730396
0.736264
0.742546
0.74827
0.752534
0.754678
0.754383
0.751686
0.747068
0.741288
0.735371
0.730333
0.727081
0.726172
0.727683
0.731264
0.736187
0.741498
0.746232
0.749585
0.751107
0.750747
0.748853
0.74609
0.743284
0.741219
0.740479
0.741341
0.74377
0.747489
0.752049
0.756929
0.761589
0.765495
0.768162
0.769231
0.768533
0.766112
0.762241
0.757396
0.752118
0.746948
0.742318
0.738483
0.735513
0.733299
0.731632
0.730323
0.729307
0.728697
0.728858
0.73021
0.732894
0.736603
0.740603
0.744115
0.746624
0.748106
0.748895
0.749476
0.750238
0.751313
0.752591
0.753833
0.754711
0.754905
0.754186
0.752511
0.750019
0.747073
0.74421
0.742118
0.741489
0.742865
0.746524
0.752355
0.759804
0.76795
0.775653
0.78168
0.784947
0.784628
0.780255
0.771831
0.75982
0.745146
0.729167
0.713533
0.699988
0.690039
0.684665
0.684069
0.687654
0.694312
0.702754
0.711806
0.720584
0.728496
0.735167
0.740431
0.744279
0.746794
0.748103
0.748323
0.747594
0.746096
0.744054
0.741812
0.739795
0.738501
0.738462
0.740163
0.743905
0.749715
0.757312
0.766205
0.77574
0.78521
0.793882
0.801055
0.806154
0.808684
0.808336
0.805023
0.798924
0.790438
0.780144
0.768722
0.756888
0.745429
0.735061
0.726467
0.720236
0.716729
0.715956
0.717528
0.720722
0.724586
0.728197
0.730842
0.732193
0.732336
0.731776
0.731232
0.731398
0.732841
0.735769
0.740007
0.74512
0.750391
0.75511
0.758717
0.760862
0.761425
0.760532
0.758441
0.755478
0.751929
0.748055
0.744086
0.740257
0.736827
0.734056
0.732157
0.731224
0.731217
0.731978
0.733268
0.734817
0.736393
0.737797
0.739016
0.740135
0.741411
0.743119
0.745518
0.748719
0.75259
0.756767
0.760765
0.76404
0.766145
0.766812
0.766008
0.763963
0.76115
0.758193
0.755733
0.754321
0.754287
0.755706
0.758344
0.761751
0.765376
0.768626
0.770887
0.771622
0.77039
0.766967
0.761358
0.75381
0.744906
0.735443
0.726412
0.718792
0.713355
0.710543
0.710317
0.712287
0.71578
0.720091
0.724614
0.728927
0.732735
0.735774
0.73781
0.738632
0.738159
0.736521
0.73409
0.731459
0.729343
0.728465
0.729366
0.732353
0.73745
0.744328
0.752347
0.760598
0.768015
0.773515
0.77628
0.775987
0.772873
0.767648
0.761391
0.755263
0.750142
0.746466
0.744192
0.742942
0.742283
0.741953
0.742018
0.742818
0.744742
0.74795
0.752166
0.756765
0.760952
0.763987
0.765404
0.765021
0.762923
0.759412
0.754903
0.749892
0.744879
0.740416
0.737127
0.735584
0.736247
0.739216
0.744207
0.750512
0.757167
0.763175
0.767702
0.770178
0.770396
0.768422
0.76461
0.759465
0.753538
0.747408
0.741585
0.736519
0.732564
0.730022
0.729186
0.730347
0.733563
0.73855
0.744547
0.750521
0.755437
0.758655
0.760001
0.759768
0.758268
0.755636
0.751832
0.746721
0.740358
0.733155
0.725855
0.719406
0.714697
0.712335
0.712517
0.715002
0.719211
0.724418
0.729813
0.734683
0.738478
0.740907
0.74189
0.741614
0.740454
0.738931
0.737557
0.736857
0.737292
0.73916
0.742568
0.747427
0.753404
0.760111
0.767085
0.773898
0.780109
0.785274
0.78899
0.790959
0.790987
0.789046
0.785232
0.779702
0.772595
0.76407
0.754315
0.743646
0.732536
0.721687
0.712015
0.704576
0.700407
0.700266
0.704475
0.712825
0.724603
0.738655
0.753552
0.767834
0.780186
0.789661
0.795735
0.798344
0.797609
0.793751
0.786997
0.777558
0.765709
0.751878
0.736773
0.721362
0.706792
0.694248
0.68473
0.678929
0.677155
0.67932
0.68497
0.693449
0.70395
0.715605
0.72762
0.739269
0.749982
0.759342
0.767029
0.772771
0.776335
0.777507
0.776144
0.772226
0.766033
0.758205
0.749639
0.741258
0.733908
0.728155
0.724255
0.722147
0.721704
0.722785
0.725262
0.729059
0.73405
0.739957
0.746458
0.753236
0.760076
0.766903
0.77368
0.780271
0.786346
0.791372
0.794749
0.795951
0.794638
0.790832
0.784971
0.777846
0.770492
0.763972
0.759164
0.756552
0.756096
0.757252
0.759151
0.76083
0.761372
0.760125
0.756757
0.751312
0.744204
0.735992
0.727192
0.718237
0.709449
0.701144
0.69369
0.687504
0.683005
0.680538
0.68038
0.682732
0.687685
0.695157
0.704857
0.716263
0.728724
0.741544
0.754041
0.765614
0.775785
0.784203
0.790636
0.795011
0.797306
0.797548
0.795747
0.792007
0.786594
0.779858
0.772296
0.764406
0.756593
0.749247
0.742823
0.737918
0.735179
0.735132
0.737926
0.743204
0.750102
0.757456
0.764091
0.769054
0.771707
0.771711
0.769024
0.763873
0.756657
0.748053
0.73889
0.730178
0.722934
0.718167
0.716615
0.718687
0.724338
0.733038
0.743824
0.755473
0.766729
0.776443
0.7837
0.787876
0.788599
0.785837
0.779797
0.771061
0.7605
0.749242
0.738463
0.729212
0.722181
0.717592
0.715234
0.714553
0.714913
0.715769
0.716798
0.717889
0.719162
0.720831
0.723122
0.726199
0.730066
0.734543
0.739285
0.74384
0.747705
0.750455
0.751868
0.751913
0.750802
0.749014
0.747155
0.745799
0.745282
0.745592
0.746388
0.7472
0.747639
0.747591
0.747198
0.746883
0.747165
0.748528
0.751207
0.755163
0.760076
0.765493
0.770947
0.776066
0.780492
0.783906
0.785956
0.786326
0.784744
0.781105
0.775536
0.768396
0.760365
0.7523
0.745009
0.739022
0.734527
0.731366
0.729246
0.727826
0.726869
0.7263
0.726154
0.72645
0.727173
0.728228
0.72941
0.730469
0.731198
0.731435
0.731209
0.730784
0.730604
0.731191
0.732975
0.736132
0.740543
0.74579
0.751342
0.756676
0.761376
0.765129
0.767744
0.769123
0.769218
0.768054
0.765776
0.762602
0.758866
0.754952
0.751297
0.748229
0.745985
0.744548
0.743761
0.743397
0.743191
0.742909
0.742386
0.741623
0.740721
0.739887
0.739372
0.739277
0.739599
0.740145
0.740584
0.740552
0.73974
0.737992
0.735358
0.732136
0.728861
0.726218
0.724931
0.725682
0.728921
0.734762
0.742857
0.752439
0.76238
0.77143
0.778425
0.782529
0.783353
0.78109
0.776393
0.770289
0.76407
0.759026
0.756284
0.756578
0.76005
0.76617
0.773785
0.781412
0.787465
0.790562
0.789799
0.7849
0.776218
0.764555
0.751083
0.737133
0.724033
0.713019
0.705017
0.700584
0.699867
0.702594
0.708173
0.715824
0.724768
0.734234
0.743554
0.7522
0.759724
0.765785
0.77015
0.7727
0.773465
0.772574
0.770248
0.766843
0.762689
0.758137
0.753478
