-5.85976
-5.86235
-5.863
-5.863
-5.86397
-5.86364
-5.86267
-5.86396
-5.86591
-5.86656
-5.8685
-5.86818
-5.86915
-5.86915
-5.86883
-5.86656
-5.86526
-5.86591
-5.86461
-5.86332
-5.86526
-5.86493
-5.8659
-5.86493
-5.86493
-5.86429
-5.86526
-5.86235
-5.8617
-5.8617
-5.85943
-5.85911
-5.85813
-5.85814
-5.8604
-5.86073
-5.85911
-5.86008
-5.86267
-5.86137
-5.86105
-5.86267
-5.86396
-5.86267
-5.86137
-5.8604
-5.86235
-5.86008
-5.86008
-5.8604
-5.85943
-5.85846
-5.85878
-5.85749
-5.85846
-5.8591
-5.86137
-5.86137
-5.86364
-5.86267
-5.86364
-5.86559
-5.86559
-5.86462
-5.86429
-5.86494
-5.86526
-5.86753
-5.86688
-5.86558
-5.86655
-5.86817
-5.86817
-5.86785
-5.86817
-5.86688
-5.8672
-5.86493
-5.86396
-5.86525
-5.86395
-5.86266
-5.86169
-5.86234
-5.86137
-5.86201
-5.86169
-5.86169
-5.86234
-5.86266
-5.86072
-5.86202
-5.86137
-5.86136
-5.86169
-5.86265
-5.86071
-5.86071
-5.86169
-5.86072
-5.86137
-5.85942
-5.85748
-5.85845
-5.85716
-5.85878
-5.86072
-5.86234
-5.86428
-5.86299
-5.86202
-5.86202
-5.86104
-5.86104
-5.8604
-5.85942
-5.85845
-5.8578
-5.85845
-5.85813
-5.85878
-5.85942
-5.85683
-5.85748
-5.85943
-5.85878
-5.85716
-5.8578
-5.86007
-5.86039
-5.85974
-5.8591
-5.85974
-5.86007
-5.86104
-5.86395
-5.86396
-5.86266
-5.86234
-5.86137
-5.86169
-5.86104
-5.86104
-5.85813
-5.85877
-5.85975
-5.85942
-5.85975
-5.85942
-5.86007
-5.86136
-5.86298
-5.86298
-5.86428
-5.86525
-5.86493
-5.86525
-5.86557
-5.86525
-5.86525
-5.86558
-5.8659
-5.86558
-5.86364
-5.86202
-5.86202
-5.86234
-5.86234
-5.86299
-5.86201
-5.86039
-5.8604
-5.85813
-5.85813
-5.85748
-5.85683
-5.85845
-5.85812
-5.86201
-5.86104
-5.86201
-5.86201
-5.86104
-5.86072
-5.8591
-5.86072
-5.86105
-5.8604
-5.86105
-5.8604
-5.86007
-5.85975
-5.86169
-5.86072
-5.86007
-5.86072
-5.86104
-5.86071
-5.8578
-5.85812
-5.85974
-5.86104
-5.86071
-5.86136
-5.86136
-5.8633
-5.86233
-5.8646
-5.86201
-5.86396
-5.86558
-5.86655
-5.86622
-5.86525
-5.86266
-5.86104
-5.86234
-5.86266
-5.86072
-5.85877
-5.85975
-5.86072
-5.8591
-5.86072
-5.86007
-5.86072
-5.86202
-5.86202
-5.86299
-5.86623
-5.8659
-5.86461
-5.86396
-5.86299
-5.86073
-5.8604
-5.85976
-5.85781
-5.85879
-5.85781
-5.85814
-5.85652
-5.85749
-5.85814
-5.85587
-5.85717
-5.85976
-5.86008
-5.86008
-5.8604
-5.85911
-5.86073
-5.85911
-5.86041
-5.86073
-5.86138
-5.86073
-5.86138
-5.86364
-5.86461
-5.86332
-5.86461
-5.86299
-5.86266
-5.86396
-5.86266
-5.86461
-5.8659
-5.86526
-5.86493
-5.86429
-5.86591
-5.86591
-5.86461
-5.86558
-5.86396
-5.86526
-5.86396
-5.86332
-5.86332
-5.86267
-5.86105
-5.86072
-5.86202
-5.86201
-5.86104
-5.86234
-5.86234
-5.86461
-5.86428
-5.86266
-5.86331
-5.86137
-5.85975
-5.85975
-5.85845
-5.86104
-5.86072
-5.86007
-5.85942
-5.85942
-5.85684
-5.85749
-5.85813
-5.86137
-5.86331
-5.86461
-5.86623
-5.86525
-5.86493
-5.86298
-5.86396
-5.8646
-5.86266
-5.86363
-5.86266
-5.86266
-5.86363
-5.86137
-5.86104
-5.86331
-5.86202
-5.86104
-5.86428
-5.86622
-5.86525
-5.86525
-5.86331
-5.86202
-5.85975
-5.86007
-5.85813
-5.85651
-5.85586
-5.85392
-5.8536
-5.85489
-5.85586
-5.85683
-5.85651
-5.8578
-5.8591
-5.85651
-5.85683
-5.85942
-5.85975
-5.86104
-5.86299
-5.86266
-5.8617
-5.86267
-5.86202
-5.86202
-5.85943
-5.8604
-5.85943
-5.85781
-5.85748
-5.85781
-5.85878
-5.85975
-5.85943
-5.86169
-5.85943
-5.85975
-5.85943
-5.85975
-5.86137
-5.8604
-5.86396
-5.86526
-5.86429
-5.86299
-5.86235
-5.86364
-5.86364
-5.86299
-5.86526
-5.86558
-5.86397
-5.86591
-5.86656
-5.86591
-5.86429
-5.86235
-5.86332
-5.86429
-5.86558
-5.86526
-5.86688
-5.86623
-5.86591
-5.86461
-5.86526
-5.86429
-5.86364
-5.86267
-5.86267
-5.86332
-5.86364
-5.86332
-5.86332
-5.86299
-5.86331
-5.86299
-5.86105
-5.85878
-5.85748
-5.85684
-5.85587
-5.85522
-5.85587
-5.85457
-5.85587
-5.85684
-5.85716
-5.85684
-5.85619
-5.85781
-5.85846
-5.85943
-5.85878
-5.85975
-5.85975
-5.8604
-5.86105
-5.86234
-5.86202
-5.86364
-5.86526
-5.86526
-5.8672
-5.86623
-5.86623
-5.86396
-5.86493
-5.86428
-5.86364
-5.86105
-5.85975
-5.8591
-5.86299
-5.86299
-5.86429
-5.86396
-5.86558
-5.86591
-5.86623
-5.8672
-5.86526
-5.86526
-5.86332
-5.86105
-5.86073
-5.86105
-5.86267
-5.86202
-5.86202
-5.86428
-5.86234
-5.86202
-5.86266
-5.86331
-5.86558
-5.86525
-5.86526
-5.86493
-5.86396
-5.86137
-5.86072
-5.86137
-5.86202
-5.86299
-5.86493
-5.86623
-5.86429
-5.86461
-5.86526
-5.86461
-5.86396
-5.86461
-5.86461
-5.86299
-5.86396
-5.86169
-5.86072
-5.85975
-5.85814
-5.85976
-5.85943
-5.86267
-5.86234
-5.86073
-5.85943
-5.8604
-5.85813
-5.85813
-5.85813
-5.85813
-5.85813
-5.85975
-5.86234
-5.86364
-5.86494
-5.86526
-5.86623
-5.86494
-5.86267
-5.86299
-5.86267
-5.86591
-5.86299
-5.86493
-5.86493
-5.86429
-5.86331
-5.86202
-5.85878
-5.85878
-5.85943
-5.85813
-5.85878
-5.85846
-5.86105
-5.86105
-5.86137
-5.86137
-5.86202
-5.86105
-5.8604
-5.86104
-5.86105
-5.86169
-5.86137
-5.86202
-5.86299
-5.86364
-5.86267
-5.86396
-5.86266
-5.86137
-5.86104
-5.86201
-5.86104
-5.86234
-5.86266
-5.86136
-5.86039
-5.8578
-5.85715
-5.85553
-5.85424
-5.85683
-5.85586
-5.8565
-5.85747
-5.8578
-5.8578
-5.85942
-5.85974
-5.85941
-5.86071
-5.86103
-5.86201
-5.86233
-5.86298
-5.86427
-5.86557
-5.86492
-5.86525
-5.86525
-5.86557
-5.86395
-5.86136
-5.86039
-5.85974
-5.85942
-5.85877
-5.85779
-5.85779
-5.85715
-5.85682
-5.85715
-5.85942
-5.85942
-5.85974
-5.85974
-5.86136
-5.86039
-5.86201
-5.86427
-5.86524
-5.86589
-5.86524
-5.86783
-5.86783
-5.86719
-5.86783
-5.86589
-5.86492
-5.86525
-5.86395
-5.86266
-5.86169
-5.86201
-5.86072
-5.85942
-5.8591
-5.85877
-5.86201
-5.86006
-5.86071
-5.86233
-5.86006
-5.85909
-5.86038
-5.86071
-5.86039
-5.86006
-5.86039
-5.86136
-5.86201
-5.86395
-5.86266
-5.85877
-5.85877
-5.85974
-5.86071
-5.85877
-5.85974
-5.86038
-5.86071
-5.86168
-5.86233
-5.86233
-5.86265
-5.86233
-5.86168
-5.8633
-5.86589
-5.86622
-5.86622
-5.86557
-5.8646
-5.86331
-5.86233
-5.86136
-5.85909
-5.86265
-5.86233
-5.86265
-5.86233
-5.86039
-5.86168
-5.86071
-5.85877
-5.85974
-5.85909
-5.85974
-5.86007
-5.86363
-5.8646
-5.86428
-5.86395
-5.86363
-5.86266
-5.86201
-5.86039
-5.86006
-5.86071
-5.85909
-5.85682
-5.85715
-5.85747
-5.85779
-5.85844
-5.85682
-5.8578
-5.85845
-5.86007
-5.85942
-5.85877
-5.86072
-5.86201
-5.86136
-5.86136
-5.86395
-5.86362
-5.86168
-5.86006
-5.86006
-5.85877
-5.8565
-5.85586
-5.8578
-5.85909
-5.86007
-5.86104
-5.86201
-5.86007
-5.86007
-5.86104
-5.86136
-5.86168
-5.86363
-5.86492
-5.86266
-5.86363
-5.86395
-5.86493
-5.86622
-5.8659
-5.86655
-5.86784
-5.86817
-5.86946
-5.86946
-5.86817
-5.86525
-5.86687
-5.86525
-5.86396
-5.86395
-5.8646
-5.86266
-5.86492
-5.86557
-5.86266
-5.86363
-5.86525
-5.86525
-5.8672
-5.8672
-5.86752
-5.86752
-5.86655
-5.86428
-5.86428
-5.8672
-5.86461
-5.86266
-5.86234
-5.86072
-5.8591
-5.86071
-5.86007
-5.86039
-5.86233
-5.86136
-5.86201
-5.86072
-5.86137
-5.86072
-5.86007
-5.8591
-5.86234
-5.86396
-5.86461
-5.86493
-5.86266
-5.86622
-5.86558
-5.8646
-5.86363
-5.86395
-5.8659
-5.86784
-5.86622
-5.86752
-5.86655
-5.86461
-5.86525
-5.86493
-5.86396
-5.86364
-5.86364
-5.86364
-5.86267
-5.86364
-5.86267
-5.86169
-5.86169
-5.86461
-5.86331
-5.8617
-5.86137
-5.8604
-5.85879
-5.85684
-5.85814
-5.85879
-5.85976
-5.8604
-5.85975
-5.85846
-5.85878
-5.8604
-5.8617
-5.86105
-5.86105
-5.86267
-5.863
-5.86138
-5.86267
-5.8617
-5.86202
-5.8617
-5.86138
-5.86138
-5.86008
-5.86009
-5.86041
-5.86073
-5.86203
-5.86041
-5.86073
-5.86073
-5.8617
-5.86041
-5.86041
-5.85911
-5.86106
-5.86365
-5.86332
-5.86203
-5.86009
-5.86009
-5.85976
-5.86041
-5.86106
-5.86008
-5.86009
-5.85976
-5.86268
-5.86365
-5.863
-5.86235
-5.86268
-5.86203
-5.86235
-5.86397
-5.86365
-5.86397
-5.86332
-5.863
-5.863
-5.86495
-5.863
-5.8617
-5.86203
-5.86268
-5.86332
-5.86267
-5.86397
-5.86462
-5.8643
-5.86365
-5.86559
-5.8643
-5.863
-5.86106
-5.85815
-5.85653
-5.85912
-5.86009
-5.86074
-5.86106
-5.86042
-5.86074
-5.85944
-5.85815
-5.85685
-5.8575
-5.85782
-5.8575
-5.85912
-5.85879
-5.86074
-5.85976
-5.85879
-5.86106
-5.86041
-5.86268
-5.86074
-5.86204
-5.86139
-5.86074
-5.86268
-5.86365
-5.86624
-5.86721
-5.8698
-5.8698
-5.86851
-5.8656
-5.8643
-5.86203
-5.85912
-5.85977
-5.86009
-5.86009
-5.86009
-5.86236
-5.86301
-5.86398
-5.86592
-5.86528
-5.86625
-5.86495
-5.86495
-5.86366
-5.86333
-5.86074
-5.86107
-5.85977
-5.86171
-5.85912
-5.85977
-5.85912
-5.85977
-5.86333
-5.86333
-5.86333
-5.86365
-5.863
-5.86203
-5.86236
-5.86236
-5.86107
-5.86236
-5.86204
-5.86172
-5.86204
-5.86204
-5.86106
-5.86106
-5.86042
-5.86139
-5.86171
-5.86333
-5.86074
-5.85912
-5.86009
-5.86074
-5.86074
-5.86074
-5.86074
-5.86107
-5.86236
-5.8643
-5.86301
-5.86366
-5.86495
-5.86301
-5.86236
-5.86204
-5.86301
-5.86268
-5.8643
-5.8643
-5.86657
-5.86689
-5.86398
-5.86592
-5.86527
-5.8656
-5.86527
-5.86495
-5.86527
-5.8643
-5.86527
-5.86689
-5.8656
-5.86527
-5.8656
-5.86463
-5.86528
-5.86593
-5.86463
-5.86495
-5.86366
-5.86139
-5.86139
-5.86171
-5.86139
-5.86074
-5.86106
-5.86236
-5.86333
-5.86236
-5.86268
-5.86042
-5.86171
-5.86236
-5.86333
-5.86365
-5.86398
-5.86333
-5.86236
-5.86268
