-7.06066
-7.06391
-7.06548
-7.06701
-7.07048
-7.07432
-7.08019
-7.0919
-7.10769
-7.1242
-7.1416
-7.15367
-7.16194
-7.16305
-7.15741
-7.1439
-7.12658
-7.10807
-7.08652
-7.06617
-7.05244
-7.04151
-7.03776
-7.03777
-7.04328
-7.05092
-7.06107
-7.06672
-7.07315
-7.07861
-7.08078
-7.08474
-7.08873
-7.09478
-7.10384
-7.11065
-7.11389
-7.11693
-7.11827
-7.11272
-7.10633
-7.1017
-7.09817
-7.09422
-7.09215
-7.09086
-7.09102
-7.08374
-7.07442
-7.061
-7.0428
-7.02262
-7.00383
-6.98575
-6.97466
-6.9702
-6.97594
-6.98842
-7.01122
-7.03678
-7.06747
-7.09924
-7.12636
-7.14777
-7.16409
-7.17577
-7.1824
-7.18751
-7.18742
-7.18511
-7.18373
-7.18153
-7.17586
-7.16754
-7.15735
-7.143
-7.12803
-7.10899
-7.09094
-7.07631
-7.06178
-7.05133
-7.04611
-7.0474
-7.05102
-7.0585
-7.06525
-7.07061
-7.07344
-7.07201
-7.06445
-7.0571
-7.04633
-7.03663
-7.0297
-7.02751
-7.02724
-7.03353
-7.04432
-7.055
-7.06739
-7.07582
-7.0819
-7.08822
-7.08978
-7.09243
-7.09435
-7.09553
-7.09706
-7.09546
-7.09393
-7.09253
-7.08861
-7.08371
-7.07632
-7.06776
-7.06003
-7.05542
-7.05643
-7.0611
-7.07026
-7.08089
-7.08749
-7.0948
-7.09997
-7.09903
-7.09406
-7.08919
-7.0847
-7.07802
-7.07104
-7.06559
-7.06361
-7.0638
-7.06701
-7.07404
-7.07918
-7.08318
-7.08751
-7.09018
-7.09303
-7.09404
-7.09525
-7.09347
-7.09543
-7.09787
-7.09899
-7.10036
-7.10027
-7.10009
-7.09952
-7.09864
-7.09625
-7.09596
-7.09667
-7.09755
-7.1002
-7.10331
-7.10545
-7.10697
-7.10749
-7.10667
-7.10395
-7.09854
-7.09244
-7.08683
-7.08026
-7.07189
-7.06266
-7.05047
-7.03673
-7.02424
-7.00985
-6.99894
-6.98949
-6.98302
-6.98258
-6.98453
-6.99531
-7.00572
-7.02211
-7.04063
-7.06001
-7.08042
-7.09844
-7.11731
-7.13141
-7.14032
-7.14588
-7.14539
-7.14078
-7.13233
-7.12318
-7.10924
-7.09494
-7.08241
-7.07109
-7.06151
-7.05229
-7.04951
-7.0513
-7.05585
-7.0614
-7.06982
-7.07857
-7.08935
-7.09661
-7.10607
-7.10933
-7.11552
-7.11962
-7.12114
-7.11931
-7.11465
-7.10616
-7.09662
-7.08852
-7.07908
-7.06855
-7.0608
-7.05986
-7.063
-7.06674
-7.07529
-7.08155
-7.08785
-7.09291
-7.09479
-7.09622
-7.09918
-7.0983
-7.09653
-7.09552
-7.09417
-7.09115
-7.08928
-7.08595
-7.07992
-7.07539
-7.06769
-7.06048
-7.05123
-7.04539
-7.04102
-7.03636
-7.03837
-7.0448
-7.05182
-7.06104
-7.07272
-7.08443
-7.10001
-7.11251
-7.12716
-7.13897
-7.1481
-7.15177
-7.15153
-7.14713
-7.13588
-7.11788
-7.09995
-7.07903
-7.06187
-7.05091
-7.04309
-7.04423
-7.04952
-7.05609
-7.06454
-7.0729
-7.08304
-7.09098
-7.09741
-7.10634
-7.11284
-7.12183
-7.12658
-7.12889
-7.12741
-7.1201
-7.10684
-7.09107
-7.07514
-7.05864
-7.04428
-7.03666
-7.0322
-7.03315
-7.03261
-7.03003
-7.028
-7.02182
-7.01565
-7.01255
-7.01142
-7.01877
-7.02821
-7.04173
-7.05823
-7.07653
-7.0916
-7.10779
-7.12082
-7.13282
-7.13979
-7.14266
-7.14285
-7.13813
-7.13264
-7.12507
-7.12081
-7.11735
-7.11279
-7.11275
-7.11225
-7.11387
-7.11717
-7.1175
-7.11965
-7.12394
-7.12403
-7.12364
-7.12651
-7.12708
-7.12374
-7.12042
-7.11426
-7.10764
-7.09867
-7.09058
-7.07839
-7.06479
-7.0509
-7.03501
-7.02055
-7.00785
-6.99529
-6.9837
-6.97285
-6.96715
-6.9666
-6.9684
-6.97959
-6.99885
-7.02029
-7.04538
-7.07188
-7.09497
-7.11456
-7.13178
-7.142
-7.14695
-7.14351
-7.13863
-7.12817
-7.11504
-7.10272
-7.09165
-7.08231
-7.07401
-7.06521
-7.05971
-7.05062
-7.04562
-7.04236
-7.0429
-7.04818
-7.054
-7.06666
-7.07816
-7.08733
-7.09524
-7.10234
-7.10965
-7.1138
-7.11547
-7.11832
-7.11764
-7.11365
-7.11211
-7.10841
-7.10275
-7.09578
-7.08851
-7.08468
-7.08194
-7.08113
-7.08071
-7.08425
-7.08718
-7.09136
-7.09458
-7.09889
-7.10012
-7.0998
-7.09719
-7.09355
-7.08871
-7.08195
-7.07333
-7.06428
-7.05465
-7.0459
-7.03723
-7.02833
-7.02098
-7.01679
-7.01533
-7.01525
-7.01683
-7.02081
-7.02386
-7.0306
-7.03815
-7.04602
-7.05384
-7.06134
-7.07048
-7.07761
-7.08394
-7.08779
-7.0929
-7.09723
-7.10284
-7.10917
-7.11646
-7.12168
-7.12742
-7.13082
-7.12969
-7.12746
-7.11965
-7.11099
-7.09931
-7.09126
-7.08289
-7.07647
-7.07035
-7.06787
-7.06835
-7.07569
-7.08155
-7.09106
-7.10092
-7.11389
-7.1254
-7.13532
-7.14286
-7.14328
-7.14073
-7.13112
-7.11635
-7.09958
-7.08097
-7.06306
-7.04434
-7.02972
-7.02229
-7.01639
-7.01798
-7.02587
-7.03811
-7.05507
-7.07121
-7.0882
-7.10422
-7.11793
-7.12746
-7.13558
-7.14116
-7.14262
-7.14021
-7.13472
-7.12489
-7.10874
-7.09264
-7.07595
-7.05866
-7.04386
-7.03452
-7.02989
-7.02938
-7.03669
-7.04473
-7.05626
-7.06794
-7.07717
-7.08635
-7.08939
-7.09158
-7.08628
-7.07667
-7.06562
-7.05653
-7.0453
-7.03879
-7.03592
-7.03746
-7.0437
-7.05579
-7.07189
-7.08799
-7.10357
-7.11624
-7.12677
-7.13194
-7.13306
-7.13381
-7.13109
-7.12919
-7.11851
-7.11044
-7.09888
-7.08623
-7.07413
-7.06385
-7.05466
-7.05211
-7.05345
-7.05542
-7.06088
-7.06595
-7.07379
-7.07856
-7.08327
-7.08772
-7.09347
-7.09867
-7.10546
-7.11458
-7.12349
-7.13253
-7.13903
-7.14407
-7.14647
-7.14532
-7.13948
-7.13316
-7.12198
-7.10899
-7.09559
-7.08247
-7.0668
-7.05326
-7.03926
-7.02499
-7.01346
-7.00379
-7.00034
-7.00045
-7.00492
-7.01619
-7.02539
-7.03638
-7.04687
-7.05536
-7.06211
-7.06943
-7.075
-7.08013
-7.08769
-7.09543
-7.10494
-7.11456
-7.12471
-7.13494
-7.14376
-7.14829
-7.1505
-7.14812
-7.14113
-7.12693
-7.1069
-7.08472
-7.06082
-7.03732
-7.01595
-6.99891
-6.98919
-6.98591
-6.98974
-6.99972
-7.0152
-7.02991
-7.04471
-7.05771
-7.07035
-7.07845
-7.08755
-7.09621
-7.10292
-7.10891
-7.1133
-7.12061
-7.12513
-7.12899
-7.13439
-7.13765
-7.14229
-7.14827
-7.15194
-7.15396
-7.15345
-7.15034
-7.14104
-7.12706
-7.11002
-7.09018
-7.07274
-7.05068
-7.03336
-7.0205
-7.00822
-7.00224
-7.0037
-7.00908
-7.01809
-7.03032
-7.04504
-7.06073
-7.075
-7.08831
-7.09527
-7.09603
-7.09694
-7.09542
-7.09124
-7.08268
-7.07714
-7.07292
-7.07123
-7.07367
-7.07918
-7.08671
-7.09621
-7.10567
-7.11456
-7.12481
-7.1346
-7.14017
-7.14296
-7.14209
-7.1375
-7.12904
-7.11763
-7.10359
-7.08659
-7.07498
-7.06032
-7.04851
-7.03959
-7.03381
-7.03683
-7.0434
-7.05437
-7.07253
-7.0917
-7.11291
-7.13264
-7.1527
-7.16586
-7.17252
-7.17356
-7.16892
-7.15804
-7.14216
-7.12064
-7.09681
-7.07197
-7.04492
-7.01954
-7.00125
-6.98941
-6.98529
-6.98958
-6.9989
-7.01637
-7.0367
-7.05853
-7.07614
-7.08968
-7.10035
-7.10427
-7.10027
-7.09188
-7.08266
-7.06915
-7.05466
-7.04271
-7.03553
-7.03044
-7.02748
-7.02855
-7.03389
-7.03948
-7.04494
-7.04994
-7.054
-7.05393
-7.05474
-7.0561
-7.05739
-7.06045
-7.06784
-7.07773
-7.08712
-7.10219
-7.11807
-7.13485
-7.15098
-7.16337
-7.17374
-7.18124
-7.18392
-7.18355
-7.1779
-7.16718
-7.15141
-7.13731
-7.11783
-7.09766
-7.0791
-7.06297
-7.04747
-7.04066
-7.03745
-7.03615
-7.04387
-7.05632
-7.06964
-7.08549
-7.09794
-7.1076
-7.11264
-7.11188
-7.10506
-7.09617
-7.08669
-7.06925
-7.0512
-7.03481
-7.01863
-7.00556
-7.00034
-6.99867
-7.00424
-7.01727
-7.03202
-7.05139
-7.07011
-7.09045
-7.10781
-7.12232
-7.13292
-7.14385
-7.14935
-7.1503
-7.14767
-7.13946
-7.1347
-7.1243
-7.11338
-7.10357
-7.09731
-7.09561
-7.09713
-7.098
-7.104
-7.10899
-7.11325
-7.1194
-7.12315
-7.12434
-7.12398
-7.12166
-7.11713
-7.10963
-7.10246
-7.09233
-7.08221
-7.07426
-7.07153
-7.06754
-7.06613
-7.06819
-7.07053
-7.0717
-7.07068
-7.07009
-7.06571
-7.05888
-7.04988
-7.0391
-7.02854
-7.02151
-7.01818
-7.01681
-7.01519
-7.01522
-7.01743
-7.01903
-7.02004
-7.02629
-7.03343
-7.04549
-7.0603
-7.07767
-7.09653
-7.11358
-7.12955
-7.14182
-7.14895
-7.15168
-7.14678
-7.14026
-7.13115
-7.12189
-7.11002
-7.09958
-7.08835
-7.0811
-7.07548
-7.06819
-7.06157
-7.05629
-7.0553
-7.05643
-7.06084
-7.06717
-7.07314
-7.08063
-7.08761
-7.09703
-7.10327
-7.10645
-7.10827
-7.10997
-7.10993
-7.11042
-7.11196
-7.11123
-7.11054
-7.10782
-7.10393
-7.09852
-7.09308
-7.08201
-7.07044
-7.0604
-7.05201
-7.0464
-7.04345
-7.04695
-7.05416
-7.06389
-7.07546
-7.09019
-7.10077
-7.10917
-7.11393
-7.11431
-7.11257
-7.112
-7.1073
-7.10033
-7.09165
-7.08125
-7.07169
-7.061
-7.05132
-7.04295
-7.03799
-7.03415
-7.03125
-7.03211
-7.0333
-7.0395
-7.04577
-7.05487
-7.06925
-7.08161
-7.09641
-7.10529
-7.11492
-7.11995
-7.12264
-7.12617
-7.12759
-7.12981
-7.12962
-7.12991
-7.12609
-7.11922
-7.10902
-7.09911
-7.08757
-7.07563
-7.06839
-7.06279
-7.05963
-7.05978
-7.06578
-7.07354
-7.08432
-7.09774
-7.10894
-7.12066
-7.12759
-7.13209
-7.13091
-7.12631
-7.11583
-7.106
-7.09397
-7.08602
-7.07516
-7.06924
-7.06305
-7.05831
-7.05602
-7.04977
-7.0439
-7.03997
-7.038
-7.03944
-7.04576
-7.05447
-7.06321
-7.07434
-7.08238
-7.08805
-7.09158
-7.09189
-7.08861
-7.0841
-7.0774
-7.0717
-7.06576
-7.06249
-7.05711
-7.05518
-7.05824
-7.063
-7.0685
-7.07474
-7.08111
-7.08756
-7.09462
-7.10196
-7.10569
-7.11091
-7.11613
-7.11711
-7.11805
-7.11773
-7.11711
-7.11383
-7.11162
-7.1075
-7.10569
-7.10185
-7.09407
-7.08964
-7.08062
-7.07091
-7.06018
-7.05112
-7.04654
-7.04617
-7.05384
-7.06762
-7.08224
-7.09928
-7.11598
-7.12826
-7.13743
-7.1409
-7.13645
-7.12821
-7.11404
-7.09621
-7.07979
-7.06466
-7.05131
-7.04095
-7.03516
-7.03373
-7.03482
-7.03635
-7.04117
-7.04506
-7.05374
-7.06229
-7.07079
-7.07724
-7.08134
-7.08144
-7.07796
-7.0729
