0.793111
0.770687
0.733439
0.682401
0.619755
0.549174
0.475924
0.406562
0.347919
0.305613
0.282562
0.278236
0.288917
0.30888
0.33196
0.352876
0.368097
0.376171
0.377593
0.374295
0.368887
0.363857
0.360984
0.361055
0.363905
0.368727
0.374485
0.380261
0.385481
0.389993
0.394043
0.398059
0.402525
0.407831
0.414281
0.422015
0.43103
0.441191
0.452214
0.463716
0.475222
0.486213
0.496206
0.504763
0.511527
0.516226
0.518643
0.518599
0.515982
0.510721
0.5028
0.492312
0.479445
0.464605
0.448468
0.431966
0.416166
0.402256
0.39134
0.384224
0.381338
0.382607
0.387464
0.394957
0.403906
0.413071
0.421368
0.427983
0.432476
0.434799
0.435236
0.434409
0.433197
0.432609
0.433633
0.437009
0.44304
0.451507
0.461699
0.47249
0.4826
0.490758
0.495921
0.497388
0.494859
0.488522
0.478956
0.467089
0.454121
0.441373
0.430078
0.421282
0.415609
0.413282
0.414133
0.417626
0.422914
0.428941
0.434468
0.438242
0.439183
0.436576
0.430286
0.420918
0.409952
0.399411
0.39131
0.387024
0.386929
0.390499
0.396761
0.404685
0.413423
0.422377
0.431168
0.439625
0.447681
0.455278
0.462327
0.468718
0.474313
0.479031
0.482876
0.485879
0.48807
0.489473
0.490102
0.489907
0.488747
0.486488
0.482978
0.478116
0.47193
0.464526
0.456136
0.447131
0.438007
0.42933
0.421742
0.415893
0.412281
0.411037
0.411813
0.413772
0.415832
0.416974
0.416472
0.413996
0.40964
0.403847
0.397292
0.390726
0.384857
0.380268
0.377351
0.376326
0.377321
0.380368
0.385416
0.392335
0.400934
0.410934
0.42203
0.433858
0.446095
0.458405
0.470415
0.481743
0.49202
0.500843
0.507895
0.512909
0.515712
0.516244
0.514551
0.510788
0.505206
0.498122
0.489911
0.480972
0.471731
0.462602
0.453956
0.446145
0.439381
0.433754
0.429157
0.425327
0.421946
0.418685
0.415264
0.4115
0.407361
0.40294
0.398475
0.394289
0.390781
0.388351
0.387357
0.388063
0.390585
0.394809
0.400428
0.407006
0.414035
0.421091
0.428004
0.43476
0.441497
0.448313
0.455153
0.461859
0.468185
0.473906
0.478903
0.483127
0.486605
0.4894
0.491499
0.492832
0.493208
0.492373
0.490071
0.486059
0.480111
0.472087
0.461983
0.450163
0.437429
0.424992
0.414324
0.406737
0.402949
0.402837
0.405554
0.409896
0.414727
0.419232
0.423004
0.426012
0.428531
0.431
0.433856
0.437512
0.442234
0.448035
0.454626
0.461413
0.467578
0.472199
0.47446
0.473855
0.470266
0.463969
0.455681
0.446389
0.437134
0.428817
0.422124
0.417458
0.414924
0.414408
0.415627
0.418245
0.421785
0.425702
0.429463
0.43263
0.434906
0.436229
0.436754
0.436729
0.436318
0.435556
0.434334
0.432651
0.430729
0.428965
0.427795
0.42754
0.428267
0.429776
0.431669
0.433556
0.435277
0.436878
0.438588
0.440688
0.443325
0.446491
0.450045
0.453792
0.4576
0.461447
0.465384
0.469474
0.473699
0.477919
0.481915
0.485391
0.487968
0.489195
0.488633
0.48601
0.481251
0.474561
0.466413
0.457457
0.448348
0.439661
0.431799
0.425077
0.419764
0.416114
0.414276
0.414255
0.415802
0.418413
0.421401
0.424001
0.425509
0.425303
0.422977
0.418376
0.411691
0.403453
0.394547
0.386108
0.379378
0.375521
0.375368
0.379337
0.387364
0.398866
0.4129
0.428271
0.443666
0.457882
0.469931
0.479138
0.485177
0.488082
0.488226
0.486197
0.482746
0.478624
0.474464
0.470742
0.467701
0.465403
0.463735
0.46245
0.461243
0.459773
0.457755
0.454984
0.45128
0.446589
0.440975
0.434656
0.427981
0.421449
0.415657
0.411189
0.408499
0.407889
0.409344
0.412534
0.41693
0.421844
0.426555
0.43044
0.433027
0.434095
0.433693
0.432241
0.430408
0.429038
0.428884
0.430416
0.433631
0.43819
0.443555
0.449181
0.454647
0.459655
0.463999
0.467573
0.470288
0.471999
0.472526
0.471685
0.469318
0.465279
0.459548
0.452291
0.443852
0.434689
0.425362
0.416401
0.408254
0.401233
0.395563
0.391404
0.388903
0.388119
0.389027
0.391507
0.395271
0.399996
0.405419
0.411286
0.41736
0.423396
0.429115
0.434209
0.438426
0.441658
0.444034
0.445892
0.447755
0.450212
0.45381
0.45888
0.465521
0.473508
0.482342
0.491335
0.499689
0.506634
0.511598
0.514259
0.514553
0.512633
0.508801
0.503403
0.496791
0.489201
0.480752
0.471473
0.461392
0.450586
0.439208
0.427563
0.416051
0.405211
0.395593
0.387718
0.381917
0.378303
0.376762
0.377022
0.378743
0.381612
0.385286
0.389437
0.393725
0.39783
0.40153
0.404746
0.407618
0.410433
0.413532
0.417163
0.421447
0.42635
0.43171
0.437259
0.442762
0.448026
0.452911
0.457326
0.46125
0.464611
0.467344
0.469343
0.47052
0.470809
0.470236
0.468895
0.466959
0.464563
0.46183
0.458884
0.455754
0.452507
0.449243
0.446103
0.443214
0.440693
0.438556
0.436778
0.435324
0.434109
0.433165
0.432659
0.432876
0.434079
0.436336
0.439445
0.443021
0.446693
0.450206
0.453389
0.456183
0.45855
0.460406
0.461665
0.462256
0.462148
0.461437
0.460274
0.458896
0.457506
0.456265
0.455279
0.454558
0.453984
0.453365
0.452472
0.450989
0.448586
0.444996
0.440055
0.433723
0.42618
0.417865
0.409489
0.401864
0.395827
0.392053
0.390875
0.392198
0.395518
0.400036
0.404879
0.409267
0.412689
0.414995
0.416365
0.417189
0.417989
0.419278
0.421385
0.424367
0.428
0.431876
0.435579
0.4388
0.441499
0.44383
0.446131
0.448759
0.452055
0.456241
0.461327
0.467079
0.473046
0.478567
0.482958
0.485585
0.485991
0.48406
0.479991
0.474379
0.468066
0.462012
0.45709
0.453825
0.452359
0.452323
0.452946
0.453237
0.452153
0.448826
0.442743
0.433868
0.422722
0.410337
0.398131
0.387734
0.380575
0.377652
0.379311
0.385228
0.394563
0.406186
0.418897
0.431534
0.443075
0.45276
0.460134
0.465054
0.467655
0.468182
0.46697
0.464421
0.460991
0.457168
0.453448
0.450314
0.448175
0.447236
0.447456
0.448613
0.450292
0.452013
0.453354
0.453954
0.453533
0.451872
0.448793
0.444207
0.438134
0.430733
0.422337
0.413435
0.404574
0.39625
0.388928
0.382946
0.378594
0.376166
0.375994
0.378422
0.383748
0.392101
0.40328
0.416713
0.431472
0.446379
0.460191
0.4718
0.480421
0.485674
0.487645
0.486806
0.483899
0.479781
0.475233
0.470837
0.466965
0.463768
0.461266
0.459446
0.458234
0.457561
0.457332
0.457464
0.457899
0.458561
0.459393
0.460225
0.460859
0.460993
0.460246
0.458198
0.454454
0.448672
0.440678
0.430534
0.418632
0.405656
0.392583
0.38061
0.37093
0.364503
0.361866
0.363011
0.36747
0.374439
0.383009
0.392353
0.40182
0.41097
0.419563
0.427547
0.434946
0.44179
0.448126
0.453987
0.459366
0.464269
0.468704
0.472698
0.476252
0.47935
0.481874
0.483605
0.484362
0.483918
0.482154
0.47913
0.475082
0.470483
0.465888
0.461827
0.458661
0.456426
0.454825
0.453254
0.450966
0.447272
0.441801
0.434655
0.426399
0.417916
0.410207
0.404081
0.399997
0.398041
0.397991
0.399577
0.402544
0.406796
0.412297
0.419104
0.427171
0.436285
0.446118
0.456174
0.465794
0.47425
0.480836
0.485007
0.486402
0.484958
0.480902
0.474679
0.466895
0.458208
0.449239
0.440524
0.432487
0.425452
0.41969
0.415443
0.412949
0.412373
0.413734
0.416896
0.42156
0.427264
0.433477
0.439639
0.445179
0.449531
0.452232
0.452907
0.451366
0.44758
0.441742
0.434263
0.425792
0.417165
0.409387
0.403508
0.400497
0.401004
0.405271
0.412992
0.423396
0.435373
0.447714
0.459281
0.469158
0.476706
0.481567
0.483673
0.483146
0.480332
0.47572
0.469941
0.463684
0.457626
0.452376
0.448325
0.44563
0.44416
0.443535
0.443238
0.442653
0.441255
0.438666
0.434789
0.429854
0.424341
0.418935
0.414365
0.411263
0.410047
0.410853
0.413531
0.417689
0.422769
0.428104
0.433013
0.436901
0.439339
0.440138
0.439266
0.436945
0.43357
0.429674
0.425904
0.422945
0.421263
0.421081
0.422289
0.424545
0.427387
0.430413
0.433408
0.436381
0.439527
0.443096
0.447302
0.452183
0.457507
0.462817
0.467494
0.470838
0.472221
0.471166
0.467479
0.461347
0.453317
0.444266
0.435323
0.427629
0.422117
0.419375
0.419509
0.422202
0.426806
0.432418
0.438048
0.442733
0.445706
0.446469
0.44493
0.441432
0.436717
0.431792
0.427591
0.424726
0.423337
0.423179
0.423755
0.42451
0.425004
0.425049
0.424848
0.424821
0.42544
0.426886
0.42902
0.431507
0.434143
0.436918
0.440011
0.44362
0.447813
0.452479
0.45734
0.461977
0.465989
0.468972
0.470656
0.470899
0.469737
0.467347
0.464031
0.460249
0.456423
0.452928
0.449984
0.447629
0.445722
0.444032
0.442265
0.440136
0.43739
0.433883
0.429614
0.424782
0.419809
0.415244
0.411618
0.409313
0.408427
0.408741
0.409859
0.411388
0.413073
0.414954
0.417323
0.420594
0.425196
0.431347
0.438927
0.44755
0.456575
0.465294
0.473017
0.479272
0.483765
0.486397
0.487244
0.486477
0.484275
0.480851
0.476362
0.470943
0.464767
0.457998
0.450856
0.443607
0.436557
0.430045
0.424436
0.420086
0.417294
0.416175
0.416638
0.418382
0.420856
0.423402
0.425356
0.426056
0.424994
0.421959
0.417082
0.410895
0.404298
0.398412
0.394402
0.393252
0.395531
0.401343
0.410329
0.421739
0.434592
0.44789
0.460798
0.472579
0.482734
0.49094
0.497032
0.5009
0.502485
0.501789
0.498863
0.493778
0.4867
0.477862
0.467583
0.456213
0.444204
0.432058
0.420382
0.409804
0.400919
0.394279
0.390294
0.38912
0.390635
0.394416
0.399792
0.405991
0.412215
0.41778
0.422161
0.425046
0.426325
0.426099
0.424622
0.422254
0.419431
0.41671
0.414649
0.413768
0.414494
0.417114
0.42168
0.428031
0.435813
0.444538
0.453624
0.462425
0.470381
0.476989
0.481893
0.484903
0.485995
0.485279
0.483013
0.47946
0.474874
0.469384
