82.5512
82.5451
82.5324
82.5122
82.4844
82.4386
82.3699
82.2809
82.1705
82.0459
81.9305
81.8351
81.7829
81.7774
81.8222
81.9096
82.0376
82.1954
82.3584
82.5137
82.6525
82.7495
82.8058
82.8145
82.789
82.7371
82.6764
82.6052
82.5441
82.4914
82.4386
82.3911
82.3392
82.2859
82.2375
82.1914
82.1563
82.1495
82.1716
82.2068
82.2575
82.3142
82.361
82.3871
82.4002
82.4096
82.4335
82.4676
82.5339
82.6293
82.7449
82.8732
83.0031
83.112
83.1918
83.2212
83.1943
83.0993
82.9526
82.7558
82.5398
82.3238
82.1208
81.9481
81.8168
81.7281
81.6737
81.6508
81.6405
81.6427
81.6618
81.6946
81.7384
81.7983
81.8782
81.9727
82.0861
82.2033
82.3245
82.4415
82.5322
82.5934
82.6208
82.6184
82.5864
82.5445
82.5017
82.4746
82.4737
82.5012
82.5514
82.6294
82.7113
82.7878
82.8431
82.8662
82.8435
82.7872
82.7031
82.5965
82.4891
82.3831
82.2931
82.2302
82.1832
82.1614
82.1549
82.1579
82.1689
82.1785
82.1957
82.2242
82.262
82.3143
82.3742
82.4351
82.4859
82.5145
82.5142
82.4783
82.4191
82.3484
82.2742
82.2237
82.1995
82.1946
82.2099
82.2475
82.2992
82.3497
82.3941
82.4287
82.4517
82.4574
82.4486
82.4318
82.4014
82.3671
82.3389
82.3158
82.3026
82.2926
82.2868
82.2742
82.2679
82.2602
82.2491
82.2413
82.2363
82.2395
82.2499
82.2646
82.2756
82.2849
82.2859
82.2755
82.2603
82.2429
82.2266
82.2173
82.2173
82.2263
82.242
82.2617
82.2897
82.3297
82.3804
82.4416
82.5159
82.5973
82.6853
82.7808
82.8693
82.9543
83.0219
83.0668
83.0878
83.0712
83.0287
82.9405
82.8261
82.6856
82.5285
82.3696
82.2159
82.088
81.9838
81.9102
81.8756
81.8751
81.9103
81.976
82.0705
82.1738
82.2841
82.3946
82.4932
82.5725
82.6235
82.6562
82.6651
82.6476
82.6039
82.5449
82.4736
82.4022
82.3258
82.263
82.1992
82.1585
82.1322
82.1212
82.1255
82.1471
82.1833
82.2377
82.3098
82.3829
82.4432
82.4849
82.5069
82.5017
82.4693
82.4329
82.3909
82.3595
82.3417
82.3334
82.3371
82.3517
82.36
82.3655
82.3709
82.375
82.3776
82.3888
82.4061
82.4292
82.4681
82.5107
82.5609
82.6065
82.6512
82.6817
82.6863
82.6766
82.6467
82.5898
82.5127
82.42
82.3116
82.2028
82.0863
81.9839
81.895
81.832
81.8002
81.8126
81.8737
81.9754
82.1074
82.2668
82.4233
82.5676
82.685
82.756
82.7915
82.787
82.7486
82.692
82.6245
82.5575
82.4841
82.4045
82.3262
82.2403
82.1653
82.0982
82.057
82.0508
82.082
82.1489
82.249
82.3694
82.4869
82.5869
82.667
82.7185
82.7568
82.7824
82.8087
82.8486
82.8887
82.9267
82.9528
82.9477
82.9139
82.8333
82.7162
82.5737
82.4211
82.266
82.1342
82.0279
81.9584
81.9191
81.9103
81.9304
81.9667
82.0189
82.0732
82.1316
82.1802
82.209
82.2284
82.2276
82.2151
82.194
82.1585
82.1241
82.0959
82.0632
82.0377
82.0302
82.0294
82.0324
82.0483
82.0712
82.1077
82.1559
82.2258
82.3073
82.4056
82.5191
82.6379
82.7642
82.8938
83.0185
83.1329
83.225
83.2899
83.3126
83.2769
83.1964
83.0743
82.9105
82.7254
82.5333
82.3427
82.1712
82.0364
81.9389
81.8882
81.8765
81.9125
81.9742
82.0532
82.1427
82.2328
82.3187
82.3973
82.4657
82.5325
82.5798
82.6193
82.6384
82.6357
82.6112
82.5589
82.5012
82.4307
82.3552
82.2857
82.2287
82.1896
82.1622
82.148
82.1544
82.1688
82.1894
82.2265
82.2668
82.3078
82.3476
82.3845
82.4223
82.4502
82.4654
82.4614
82.4464
82.4144
82.3768
82.3375
82.3094
82.2894
82.2848
82.2953
82.3239
82.3685
82.4248
82.4888
82.5592
82.6309
82.7021
82.7659
82.8159
82.8512
82.8727
82.8799
82.8726
82.8549
82.8308
82.7936
82.7537
82.7047
82.6475
82.585
82.522
82.4682
82.4191
82.3782
82.3394
82.3067
82.2704
82.2316
82.1885
82.1451
82.1014
82.0721
82.0587
82.0619
82.0909
82.1325
82.19
82.2489
82.3136
82.3661
82.405
82.4228
82.4256
82.4115
82.3891
82.3396
82.2761
82.1958
82.1137
82.0321
81.9647
81.9236
81.9086
81.9359
81.9979
82.0952
82.2254
82.3747
82.5304
82.6693
82.7839
82.8666
82.8961
82.8841
82.8323
82.7453
82.6355
82.5032
82.3651
82.2291
82.1035
81.9935
81.9134
81.8669
81.8539
81.8762
81.9341
82.0208
82.1254
82.2528
82.3884
82.5161
82.6254
82.707
82.7481
82.7433
82.7055
82.6303
82.5409
82.4488
82.3669
82.3152
82.2891
82.3032
82.3389
82.3944
82.4641
82.5417
82.6037
82.6522
82.6735
82.662
82.6158
82.5421
82.4481
82.341
82.2365
82.143
82.0714
82.0186
81.9882
81.9879
82.0094
82.0614
82.12
82.2065
82.2993
82.393
82.4788
82.5479
82.59
82.6137
82.6139
82.589
82.554
82.5089
82.4679
82.4211
82.375
82.3262
82.2742
82.2115
82.1422
82.0708
81.9979
81.9334
81.8809
81.8509
81.8463
81.8667
81.9082
81.9768
82.0578
82.1534
82.2618
82.3801
82.4973
82.619
82.7331
82.832
82.913
82.9646
82.9895
82.9796
82.9413
82.8902
82.8189
82.7481
82.6819
82.6215
82.568
82.5234
82.4768
82.4247
82.3684
82.2997
82.2227
82.1377
82.052
81.9729
81.9065
81.8561
81.8365
81.8522
81.9097
82.0052
82.1374
82.3034
82.4869
82.6712
82.8369
82.9671
83.0521
83.0819
83.0602
82.9963
82.906
82.7945
82.6808
82.5731
82.4817
82.3986
82.3341
82.281
82.2319
82.1865
82.1411
82.1046
82.0624
82.0174
81.9728
81.9195
81.8671
81.8203
81.7783
81.7529
81.7534
81.7897
81.8597
81.9667
82.1079
82.2714
82.4526
82.618
82.7721
82.9003
82.9838
83.0293
83.0374
83.0025
82.9304
82.8309
82.716
82.5976
82.4845
82.3902
82.3112
82.2535
82.2328
82.2404
82.2684
82.3013
82.3417
82.3714
82.3818
82.3708
82.3366
82.2831
82.2193
82.1505
82.084
82.0309
81.9922
81.9647
81.9565
81.9702
82.0091
82.0731
82.1611
82.2667
82.379
82.5045
82.6107
82.697
82.75
82.7592
82.7302
82.65
82.5259
82.3761
82.2033
82.0294
81.8668
81.7381
81.6414
81.5873
81.5822
81.6268
81.7177
81.8526
82.0213
82.2182
82.4286
82.6285
82.8042
82.9462
83.0352
83.0629
83.0289
82.9339
82.8027
82.6472
82.4906
82.3444
82.2294
82.1624
82.1411
82.1612
82.2218
82.3152
82.4144
82.5076
82.5871
82.6482
82.682
82.6909
82.6847
82.6713
82.6491
82.6244
82.6029
82.5879
82.5741
82.5704
82.5698
82.5609
82.5369
82.4949
82.4263
82.3257
82.2133
82.0881
81.9623
81.8452
81.7412
81.6634
81.6166
81.6
81.6191
81.6684
81.746
81.8477
81.9821
82.1244
82.2735
82.4208
82.5533
82.6529
82.7264
82.7553
82.7341
82.6834
82.604
82.5029
82.4025
82.3087
82.2394
82.2021
82.2001
82.2334
82.3068
82.4158
82.533
82.6626
82.7956
82.913
83.0049
83.0663
83.0754
83.0355
82.9504
82.8184
82.6617
82.4859
82.3129
82.1479
82.0045
81.8897
81.8185
81.7787
81.7711
81.7954
81.8427
81.9265
82.0155
82.1076
82.1921
82.2622
82.3118
82.3344
82.3235
82.2984
82.2542
82.2018
82.1569
82.1179
82.0905
82.081
82.0903
82.1179
82.1605
82.2216
82.287
82.3541
82.4168
82.472
82.4992
82.5069
82.5036
82.4927
82.4836
82.4856
82.5126
82.5573
82.6193
82.6905
82.7597
82.8195
82.8679
82.9009
82.9157
82.9123
82.9011
82.8867
82.8618
82.8208
82.7685
82.6878
82.5844
82.4557
82.3097
82.1572
82.0074
81.8799
81.7843
81.7281
81.7161
81.7363
81.792
81.869
81.9619
82.0566
82.1562
82.2508
82.3474
82.4374
82.5094
82.5646
82.6002
82.6195
82.6163
82.5944
82.5549
82.4985
82.4369
82.3727
82.3192
82.2688
82.2242
82.1899
82.1669
82.1492
82.1394
82.1375
82.1369
82.1453
82.1621
82.1932
82.2405
82.3078
82.3798
82.4613
82.5462
82.6211
82.6745
82.6948
82.6849
82.6396
82.564
82.4687
82.3713
82.2698
82.1813
82.1121
82.066
82.0492
82.0675
82.1048
82.1604
82.2297
82.3063
82.3891
82.4665
82.5373
82.5978
82.65
82.687
82.7065
82.7119
82.6917
82.6529
82.5833
82.4923
82.3935
82.2826
82.1832
82.0884
82.0212
81.9723
81.9446
81.9404
81.9479
81.9703
81.9999
82.0447
82.0966
82.1588
82.2291
82.3106
82.3913
82.465
82.5339
82.5823
82.6044
82.5971
82.5647
82.5008
82.4156
82.3192
82.2146
82.123
82.0467
82.0029
81.9907
82.0152
82.064
82.139
82.2187
82.3035
82.3691
82.4315
82.4828
82.5333
82.5894
82.6358
82.6752
82.7006
82.7012
82.6745
82.6254
82.557
82.4774
82.4064
82.3441
82.3009
82.2816
82.2848
82.3072
82.3493
82.4017
82.4623
82.5181
82.5659
82.5875
82.5917
82.5821
82.5546
82.5131
82.4641
82.4121
82.3611
82.3143
82.2719
82.2257
82.1886
82.1597
82.1325
82.1199
82.1213
82.1392
82.1662
82.2063
82.2477
82.2964
82.3427
82.386
82.4482
82.5131
82.5851
82.6505
82.6976
82.7139
82.6856
82.6178
82.5138
82.3788
82.2389
82.1114
82.0078
81.9469
81.9317
81.9592
82.0332
82.1374
82.2608
82.3964
82.5261
82.636
82.719
82.7747
82.8036
82.8056
82.7805
82.7393
82.6773
82.6134
82.5443
82.4801
82.4266
82.3925
82.3804
82.3929
82.4307
