1.20091
1.20156
1.20248
1.20401
1.20651
1.21068
1.21752
1.22793
1.24178
1.25764
1.27309
1.28549
1.29279
1.2939
1.28858
1.27734
1.26131
1.24216
1.22191
1.20286
1.18718
1.17658
1.17186
1.17283
1.17834
1.18663
1.19582
1.20438
1.21145
1.21691
1.22135
1.22563
1.23059
1.23665
1.24344
1.24992
1.25478
1.25685
1.2556
1.25135
1.24528
1.23903
1.23421
1.23155
1.23077
1.23046
1.22868
1.22366
1.21433
1.2006
1.18336
1.16416
1.14505
1.12826
1.1162
1.1111
1.11457
1.12705
1.14758
1.17411
1.20383
1.23365
1.26077
1.28315
1.2998
1.31083
1.31714
1.31999
1.32054
1.31953
1.31718
1.31336
1.30769
1.29969
1.28918
1.27612
1.26083
1.24406
1.22698
1.21106
1.19782
1.18867
1.18442
1.18506
1.18965
1.19649
1.20355
1.20892
1.2111
1.20934
1.20373
1.19508
1.18497
1.17527
1.16802
1.16485
1.16652
1.17282
1.18263
1.19429
1.20603
1.21639
1.22442
1.22977
1.23262
1.23366
1.23364
1.23319
1.23278
1.23247
1.23192
1.23052
1.22757
1.22267
1.21593
1.20834
1.20158
1.19762
1.19798
1.20297
1.21148
1.22146
1.23066
1.23732
1.24055
1.24025
1.23691
1.23138
1.22463
1.21762
1.21129
1.2065
1.20386
1.20373
1.20598
1.21008
1.21522
1.22052
1.22518
1.22881
1.23134
1.233
1.23421
1.23534
1.23665
1.23812
1.23957
1.24061
1.24085
1.24002
1.23815
1.23566
1.23326
1.23168
1.23142
1.23263
1.23495
1.23774
1.2402
1.24172
1.24191
1.24076
1.23837
1.23491
1.23043
1.22482
1.21792
1.20955
1.19967
1.18846
1.17634
1.16384
1.15172
1.14081
1.13201
1.12619
1.12413
1.1264
1.1333
1.14468
1.1601
1.17862
1.19897
1.2197
1.23934
1.25659
1.27037
1.27993
1.28483
1.28499
1.28071
1.27258
1.26149
1.24852
1.23486
1.2217
1.21005
1.2008
1.19449
1.19139
1.19156
1.19481
1.20069
1.20846
1.21721
1.22605
1.23428
1.24147
1.24732
1.25156
1.25404
1.2546
1.25309
1.2494
1.2435
1.23558
1.22618
1.21641
1.20783
1.20202
1.20012
1.20228
1.20763
1.21457
1.22148
1.22712
1.23089
1.23277
1.23323
1.23295
1.2324
1.23192
1.23155
1.23118
1.23042
1.22887
1.22619
1.2221
1.21661
1.20988
1.20234
1.19471
1.1879
1.18288
1.18049
1.18121
1.18505
1.19175
1.20096
1.21232
1.22532
1.23928
1.2534
1.26676
1.27824
1.28672
1.29104
1.29016
1.28349
1.27126
1.25457
1.23534
1.21604
1.1992
1.18695
1.18043
1.17963
1.18361
1.19083
1.19961
1.20862
1.21714
1.22507
1.2328
1.24076
1.24888
1.25657
1.26262
1.26558
1.26409
1.25743
1.24579
1.23035
1.21312
1.19663
1.18324
1.17432
1.16986
1.16855
1.16832
1.16736
1.16469
1.16046
1.1559
1.1528
1.15297
1.15773
1.16749
1.18166
1.19881
1.2171
1.23476
1.2503
1.26269
1.27144
1.27648
1.27805
1.27662
1.27288
1.26772
1.26209
1.25685
1.25275
1.25013
1.24912
1.24959
1.2512
1.25353
1.25614
1.2586
1.26063
1.26201
1.26259
1.26223
1.26085
1.25848
1.25517
1.25095
1.24562
1.23892
1.23051
1.22025
1.20828
1.19504
1.18109
1.16695
1.15296
1.13942
1.12687
1.11634
1.10935
1.1075
1.11189
1.12276
1.13943
1.16054
1.18434
1.20889
1.2323
1.25286
1.26911
1.27998
1.28493
1.28408
1.27823
1.26874
1.25723
1.24524
1.23384
1.22353
1.21426
1.20578
1.19802
1.19119
1.18587
1.18294
1.18315
1.18681
1.19361
1.2027
1.21291
1.22304
1.23225
1.23999
1.24601
1.25016
1.25248
1.25306
1.25205
1.24969
1.2462
1.24185
1.23684
1.23149
1.22616
1.22137
1.21765
1.21555
1.21545
1.21738
1.22096
1.22545
1.22997
1.23363
1.23583
1.23616
1.23452
1.23088
1.2254
1.21831
1.21001
1.20096
1.19166
1.18259
1.17425
1.16728
1.1622
1.1593
1.15849
1.15939
1.16161
1.16494
1.16929
1.17473
1.18131
1.18886
1.197
1.20515
1.21267
1.21915
1.22451
1.22901
1.23314
1.23748
1.24244
1.24812
1.25411
1.25966
1.26377
1.26556
1.26443
1.26026
1.25342
1.24476
1.23535
1.22632
1.2186
1.21283
1.20931
1.20812
1.20924
1.2127
1.21856
1.22677
1.23696
1.24831
1.25949
1.26909
1.27566
1.27802
1.27547
1.2678
1.2553
1.23885
1.21993
1.20039
1.18233
1.1677
1.15801
1.15405
1.15596
1.1632
1.1748
1.18949
1.20595
1.22294
1.23929
1.25397
1.26609
1.27485
1.27979
1.2806
1.27722
1.26978
1.25866
1.24445
1.22804
1.2107
1.19405
1.1799
1.16991
1.16528
1.16639
1.17273
1.18303
1.19554
1.20818
1.21903
1.2266
1.22996
1.22891
1.22394
1.21594
1.20619
1.19613
1.18717
1.18066
1.17779
1.17933
1.18557
1.19604
1.20955
1.22435
1.23864
1.25098
1.26054
1.267
1.27039
1.27082
1.26842
1.26328
1.25552
1.2455
1.23395
1.22194
1.21081
1.20184
1.19588
1.19333
1.19402
1.19728
1.2021
1.20749
1.21274
1.21752
1.2219
1.22635
1.23146
1.23762
1.24506
1.25354
1.26244
1.27084
1.27766
1.28205
1.28347
1.28168
1.27682
1.2692
1.25931
1.24762
1.23455
1.22045
1.20576
1.19092
1.1766
1.16363
1.15307
1.14599
1.14319
1.14492
1.15068
1.15937
1.16954
1.17987
1.1894
1.19756
1.20432
1.21002
1.21526
1.22072
1.22698
1.2344
1.24294
1.25223
1.26173
1.27066
1.27819
1.28337
1.28525
1.28288
1.27556
1.26298
1.24554
1.22433
1.20108
1.17791
1.15718
1.14111
1.13139
1.12876
1.13292
1.14257
1.15578
1.1705
1.18497
1.19797
1.20899
1.21806
1.22554
1.23193
1.23767
1.24302
1.24806
1.25278
1.25729
1.2618
1.26656
1.27176
1.27737
1.28302
1.28799
1.2913
1.29176
1.28833
1.28032
1.26764
1.25092
1.23141
1.21074
1.19062
1.17265
1.15818
1.14816
1.14315
1.14332
1.14837
1.1577
1.17026
1.18465
1.19937
1.21299
1.22436
1.23261
1.23726
1.23817
1.23568
1.23053
1.22392
1.21741
1.21253
1.21052
1.21199
1.21685
1.22438
1.23356
1.24334
1.25288
1.26151
1.2687
1.27395
1.27674
1.27652
1.27289
1.26573
1.2553
1.24223
1.2275
1.21232
1.19799
1.18586
1.17726
1.17342
1.17515
1.18269
1.1956
1.21279
1.23261
1.25317
1.27257
1.28907
1.30126
1.30824
1.3096
1.30529
1.29538
1.28015
1.26025
1.23674
1.21126
1.18583
1.16272
1.1441
1.13194
1.1275
1.13114
1.14208
1.15857
1.17826
1.19847
1.21672
1.2309
1.23963
1.24226
1.23891
1.23051
1.21871
1.20552
1.19298
1.18265
1.17546
1.17168
1.17098
1.1727
1.1761
1.18039
1.18487
1.1889
1.19199
1.19386
1.19467
1.19506
1.19603
1.19876
1.20422
1.21281
1.22447
1.23856
1.25412
1.26992
1.28476
1.29747
1.30719
1.3134
1.31576
1.31409
1.30844
1.29902
1.28616
1.27043
1.25258
1.23371
1.21515
1.19837
1.18481
1.17574
1.17188
1.1735
1.18024
1.19107
1.20439
1.21829
1.23075
1.24008
1.24511
1.24533
1.24078
1.23189
1.21949
1.20465
1.18854
1.17247
1.15791
1.14646
1.13962
1.1386
1.14385
1.15493
1.17066
1.18938
1.20939
1.22909
1.24709
1.26225
1.27382
1.28151
1.28539
1.2857
1.28274
1.2768
1.26848
1.25873
1.24877
1.23994
1.23336
1.22972
1.22929
1.23178
1.23648
1.24244
1.24865
1.25415
1.25822
1.26038
1.26034
1.25803
1.25349
1.24696
1.23882
1.22967
1.22051
1.21256
1.20692
1.20423
1.20444
1.20682
1.21013
1.21292
1.21384
1.21195
1.20692
1.19912
1.18948
1.17935
1.17008
1.16273
1.15778
1.15511
1.15414
1.15417
1.15476
1.15603
1.15867
1.16362
1.17174
1.18347
1.1986
1.21629
1.23515
1.2535
1.26946
1.28141
1.28822
1.28965
1.28637
1.27953
1.27042
1.26019
1.24961
1.23918
1.22923
1.22004
1.21183
1.20487
1.19954
1.19621
1.19521
1.19667
1.20043
1.20611
1.21306
1.22054
1.22784
1.23435
1.23962
1.24345
1.24592
1.24729
1.2479
1.24807
1.24798
1.24758
1.24657
1.2445
1.24093
1.23552
1.22814
1.219
1.20873
1.19837
1.18934
1.18308
1.18078
1.18298
1.18954
1.1996
1.21181
1.2246
1.23647
1.24616
1.25286
1.25616
1.25604
1.25288
1.24721
1.23959
1.23059
1.22083
1.21095
1.20156
1.19317
1.1861
1.18049
1.17633
1.17375
1.17299
1.17451
1.17876
1.18601
1.19607
1.20819
1.2212
1.23373
1.24454
1.25288
1.25856
1.26191
1.26349
1.26394
1.26357
1.2624
1.2601
1.25629
1.25071
1.24342
1.23481
1.22554
1.2165
1.20862
1.2027
1.19953
1.19969
1.20342
1.21054
1.22034
1.23182
1.24367
1.25442
1.26263
1.26714
1.26725
1.26298
1.25509
1.24493
1.2342
1.22431
1.21604
1.20947
1.20393
1.19854
1.19269
1.18644
1.18057
1.17632
1.17499
1.1774
1.1834
1.19211
1.20214
1.21198
1.22034
1.22634
1.22954
1.22985
1.22755
1.22304
1.21699
1.21032
1.20405
1.19916
1.19637
1.19606
1.19815
1.20226
1.20776
1.214
1.22037
1.22649
1.23226
1.23765
1.24268
1.24725
1.25118
1.2541
1.25569
1.25569
1.2541
1.25115
1.24732
1.2432
1.23913
1.23496
1.23009
1.22372
1.21535
1.20531
1.19491
1.18617
1.18127
1.18188
1.18857
1.20073
1.21665
1.23401
1.25038
1.26363
1.27215
1.27497
1.27182
1.26325
1.25038
1.23483
1.21841
1.20295
1.18993
1.18021
1.1741
1.17137
1.17149
1.17399
1.17849
1.18464
1.19202
1.19993
1.20746
1.21358
1.21736
1.2181
1.2156
1.21021
