0.799323
0.799806
0.80147
0.803927
0.80668
0.809372
0.811884
0.814405
0.817245
0.8205
0.823847
0.826529
0.827634
0.826489
0.822867
0.816987
0.809463
0.801161
0.793008
0.78584
0.780276
0.776634
0.774924
0.774889
0.776027
0.77766
0.779116
0.779813
0.779396
0.777695
0.774778
0.770838
0.766185
0.76119
0.75631
0.751965
0.748605
0.746646
0.746418
0.748117
0.751811
0.757383
0.76456
0.772994
0.782261
0.791953
0.801637
0.810876
0.819226
0.826163
0.831126
0.833594
0.833196
0.82985
0.823883
0.815972
0.807203
0.798827
0.792038
0.787763
0.7865
0.788234
0.792424
0.798211
0.804559
0.810443
0.81509
0.817983
0.818911
0.817946
0.815236
0.811046
0.805693
0.799555
0.793124
0.78697
0.781761
0.778194
0.776824
0.777937
0.781477
0.786977
0.793533
0.800077
0.805453
0.80865
0.80899
0.806267
0.800783
0.793253
0.784629
0.775938
0.768046
0.761596
0.756945
0.754132
0.753023
0.753385
0.754952
0.757534
0.761001
0.765275
0.770312
0.77612
0.782716
0.790094
0.798227
0.806983
0.816108
0.825198
0.833806
0.841508
0.847949
0.852855
0.856017
0.857205
0.856228
0.852922
0.847235
0.839302
0.829511
0.818448
0.806783
0.795226
0.784461
0.77494
0.766991
0.760853
0.75669
0.754552
0.754315
0.755697
0.758261
0.761519
0.764998
0.768343
0.771368
0.774026
0.776305
0.778217
0.779735
0.780807
0.78146
0.781786
0.781945
0.782194
0.782835
0.784222
0.786599
0.790139
0.794878
0.800583
0.806923
0.813369
0.819319
0.824162
0.827325
0.828383
0.827043
0.823218
0.817048
0.80894
0.799606
0.789997
0.781187
0.77423
0.769971
0.768935
0.771227
0.776556
0.784355
0.793808
0.803948
0.813793
0.822392
0.828912
0.832743
0.833506
0.831081
0.825625
0.817564
0.807594
0.796598
0.785551
0.77531
0.766677
0.760239
0.756439
0.755506
0.757428
0.761993
0.768806
0.777369
0.78704
0.797141
0.806992
0.815876
0.82316
0.828379
0.83128
0.831772
0.83
0.826231
0.820828
0.814233
0.806919
0.799404
0.792193
0.785803
0.780671
0.776981
0.774626
0.773249
0.772319
0.77128
0.769649
0.767117
0.763594
0.759257
0.754548
0.75021
0.747244
0.746747
0.749714
0.756787
0.767987
0.7827
0.799731
0.817535
0.83456
0.849449
0.861116
0.868852
0.872304
0.871439
0.866572
0.858217
0.847115
0.833989
0.819565
0.804546
0.789679
0.77583
0.763998
0.755227
0.750296
0.749543
0.752679
0.758845
0.766883
0.77556
0.783744
0.790518
0.795311
0.797852
0.798156
0.796571
0.793719
0.790347
0.787207
0.784922
0.783814
0.78396
0.785218
0.787332
0.789884
0.79245
0.794604
0.795934
0.796105
0.794919
0.792408
0.78888
0.784904
0.781159
0.778248
0.776556
0.776219
0.777201
0.779416
0.782867
0.787608
0.793589
0.800504
0.807726
0.81441
0.819764
0.823345
0.825166
0.825679
0.825682
0.826032
0.827395
0.830054
0.833795
0.83795
0.841424
0.842961
0.8414
0.835991
0.826618
0.81392
0.79924
0.784422
0.771498
0.762319
0.75811
0.759204
0.76493
0.773785
0.783923
0.793556
0.801348
0.806582
0.80911
0.809117
0.806934
0.802886
0.797301
0.790589
0.783255
0.775886
0.769094
0.763399
0.759203
0.75679
0.756289
0.757809
0.761362
0.766904
0.774315
0.783377
0.793699
0.804676
0.815505
0.825195
0.83274
0.837227
0.838023
0.834865
0.827986
0.818133
0.806441
0.794267
0.782911
0.773327
0.766071
0.761245
0.758625
0.757876
0.758681
0.760749
0.76393
0.768126
0.773345
0.779505
0.786509
0.794105
0.801963
0.809697
0.816851
0.822947
0.827497
0.830046
0.83033
0.828297
0.824099
0.818172
0.811178
0.803921
0.797218
0.791768
0.788122
0.786713
0.787737
0.791067
0.796265
0.802542
0.80888
0.81414
0.817308
0.817656
0.814897
0.809188
0.801084
0.791478
0.781471
0.772279
0.765032
0.760607
0.759455
0.761512
0.766262
0.772867
0.780364
0.787804
0.794399
0.799634
0.803285
0.805358
0.806079
0.805743
0.804656
0.802986
0.80082
0.798246
0.795468
0.792715
0.790316
0.788477
0.787227
0.78637
0.785599
0.784664
0.783438
0.781952
0.780385
0.779004
0.778085
0.77789
0.778622
0.78037
0.783175
0.786945
0.791463
0.79635
0.801148
0.805347
0.80842
0.809929
0.809606
0.807409
0.80358
0.798599
0.793196
0.788212
0.78449
0.78272
0.783242
0.785946
0.790243
0.795264
0.799995
0.803514
0.805118
0.804502
0.801726
0.797173
0.791456
0.785248
0.779215
0.77403
0.770316
0.768584
0.769199
0.772258
0.777595
0.78485
0.79347
0.802841
0.812405
0.821591
0.82979
0.836384
0.840726
0.842275
0.840667
0.835856
0.828129
0.818139
0.806875
0.795561
0.785564
0.778188
0.774445
0.774764
0.778847
0.785658
0.793705
0.80135
0.80711
0.809932
0.809227
0.805012
0.797883
0.78887
0.779295
0.770479
0.76351
0.75909
0.757549
0.758848
0.76268
0.768389
0.775106
0.781774
0.787365
0.791076
0.792639
0.792332
0.790836
0.789072
0.787943
0.788153
0.790007
0.793439
0.798066
0.803471
0.809292
0.815326
0.82148
0.827695
0.833755
0.839211
0.843386
0.845474
0.844646
0.840427
0.832825
0.822456
0.810428
0.79814
0.786957
0.77794
0.771697
0.768325
0.767546
0.768757
0.771169
0.773918
0.77622
0.777481
0.777402
0.776047
0.773816
0.771341
0.76942
0.768772
0.769861
0.772892
0.77771
0.783928
0.790942
0.798029
0.80445
0.809632
0.813213
0.81511
0.815389
0.814112
0.811348
0.807141
0.801634
0.795189
0.788415
0.782016
0.77675
0.773273
0.772006
0.773066
0.776268
0.781111
0.786892
0.792805
0.798072
0.802083
0.804438
0.805007
0.8039
0.801397
0.797892
0.793777
0.789452
0.785398
0.782085
0.779934
0.779248
0.780189
0.782669
0.786329
0.790609
0.794847
0.798416
0.800942
0.802398
0.803089
0.803438
0.803896
0.804643
0.805638
0.806689
0.807533
0.807952
0.807832
0.807114
0.8057
0.80352
0.800633
0.797333
0.79414
0.791699
0.790531
0.790924
0.792822
0.79584
0.799337
0.802609
0.804994
0.806048
0.805643
0.803898
0.801213
0.798091
0.794991
0.792299
0.790193
0.788722
0.787788
0.787276
0.787103
0.787187
0.787429
0.787702
0.787783
0.787485
0.786667
0.785348
0.783714
0.78207
0.780776
0.78013
0.780332
0.781421
0.783352
0.786029
0.789409
0.793442
0.798064
0.80311
0.808225
0.812914
0.816602
0.818743
0.819028
0.81734
0.813822
0.808788
0.802656
0.795934
0.789153
0.782939
0.777822
0.774176
0.772195
0.771855
0.772979
0.775318
0.778637
0.782627
0.786919
0.791037
0.794474
0.796765
0.797655
0.797265
0.79609
0.794886
0.794372
0.795011
0.796924
0.799944
0.80377
0.808174
0.813034
0.818303
0.823878
0.82958
0.835183
0.84043
0.844984
0.848463
0.850439
0.850449
0.848128
0.843203
0.835533
0.825269
0.812756
0.798729
0.784227
0.770509
0.758786
0.749866
0.744052
0.741221
0.741029
0.74309
0.747047
0.752491
0.758976
0.766067
0.773302
0.780286
0.78663
0.791984
0.796036
0.798525
0.799233
0.798069
0.795043
0.790308
0.784185
0.777105
0.769638
0.762508
0.756503
0.752336
0.750571
0.751497
0.755088
0.761069
0.769001
0.778345
0.78862
0.799401
0.810263
0.820725
0.830191
0.837959
0.843291
0.845532
0.844258
0.839399
0.831254
0.820562
0.808314
0.795611
0.783533
0.772999
0.764746
0.759243
0.756682
0.757027
0.759984
0.765073
0.771706
0.779221
0.787007
0.794598
0.801687
0.808141
0.813915
0.818989
0.823286
0.826613
0.828728
0.829309
0.828157
0.825273
0.820944
0.815773
0.810524
0.805934
0.802552
0.800579
0.799909
0.800152
0.800828
0.801472
0.801715
0.801342
0.800243
0.798443
0.7961
0.793491
0.790896
0.788566
0.786579
0.784903
0.783409
0.781971
0.780479
0.778875
0.777151
0.775347
0.773562
0.771932
0.770521
0.769363
0.768461
0.767885
0.767843
0.768731
0.771098
0.775421
0.781981
0.790644
0.800753
0.811296
0.821091
0.829019
0.834248
0.836362
0.83533
0.831413
0.825031
0.816727
0.807193
0.797321
0.788108
0.780486
0.77515
0.772441
0.772316
0.774474
0.778425
0.783566
0.789244
0.794798
0.799637
0.803276
0.805374
0.805768
0.804401
0.801374
0.796996
0.791701
0.786031
0.780544
0.775792
0.772252
0.770298
0.770128
0.771739
0.77501
0.779736
0.785627
0.792344
0.799509
0.806601
0.813087
0.818365
0.821969
0.823596
0.823165
0.820796
0.816817
0.81165
0.805791
0.799749
0.794006
0.788903
0.784658
0.781339
0.778862
0.777014
0.775491
0.773974
0.772204
0.769965
0.767176
0.76398
0.760744
0.758025
0.756484
0.756754
0.759212
0.763905
0.770447
0.778079
0.785857
0.792844
0.798234
0.801433
0.80217
0.800552
0.796997
0.792259
0.787347
0.783361
0.781289
0.781826
0.785227
0.791259
0.799146
0.807826
0.816074
0.822776
0.827167
0.828939
0.828251
0.825614
0.82172
0.817212
0.81269
0.808624
0.80551
0.803818
0.803899
0.805805
0.80928
0.813745
0.818393
0.822387
0.824958
0.825487
0.823605
0.819267
0.812844
0.805049
0.796827
0.789103
0.782554
0.777523
0.774062
0.772021
0.771184
0.771396
0.772539
0.774546
0.777275
0.780423
0.783559
0.786226
0.788101
0.789092
0.789354
0.789154
0.788717
0.788104
0.787227
0.785971
0.784376
0.782672
0.781247
0.780571
0.781036
0.782869
0.786091
0.790489
0.795693
0.801231
0.806622
0.811378
0.815057
0.817312
0.817844
0.8165
0.813277
0.808396
0.802335
0.795931
0.790211
0.786288
0.785123
0.78723
0.792415
0.799803
0.808035
0.815612
0.82119
0.823791
0.822903
0.818548
0.811165
0.80167
0.791285
0.781436
0.773498
0.768497
0.766914
0.768672
0.773249
0.779909
0.787915
0.79659
0.80534
0.813631
0.82101
0.827123
0.831738
0.834715
0.835927
0.835244
0.832486
0.827512
0.820184
0.810637
0.799273
0.786839
0.774414
0.763187
0.754189
0.748002
0.744591
0.743377
0.743522
0.744297
0.745393
0.747013
