0.804114
0.802619
0.795544
0.7835
0.767393
0.74864
0.729088
0.710819
0.695673
0.684807
0.678394
0.675704
0.675491
0.676484
0.677751
0.678904
0.680017
0.681521
0.683867
0.687379
0.692168
0.69803
0.704593
0.711445
0.71821
0.724477
0.72983
0.73382
0.735959
0.735777
0.733063
0.728048
0.721463
0.714462
0.708379
0.704316
0.702892
0.704138
0.70757
0.712505
0.718185
0.723997
0.729442
0.734099
0.737552
0.739437
0.739437
0.737412
0.733467
0.727936
0.721354
0.714386
0.707718
0.701927
0.697402
0.694342
0.692816
0.692802
0.694186
0.696802
0.700418
0.704729
0.709342
0.713755
0.717424
0.71988
0.720803
0.720066
0.717761
0.714134
0.709498
0.704181
0.698546
0.693085
0.688449
0.68536
0.684406
0.685947
0.689899
0.695752
0.702664
0.709678
0.7159
0.72072
0.723887
0.725571
0.726239
0.726429
0.726538
0.72657
0.726128
0.724655
0.721678
0.717088
0.711239
0.704894
0.69902
0.694574
0.692206
0.692103
0.693985
0.697178
0.700815
0.70408
0.706419
0.707606
0.707812
0.707538
0.707428
0.70815
0.710224
0.713847
0.71887
0.725031
0.732006
0.739588
0.747682
0.756044
0.764127
0.770991
0.775475
0.776502
0.773369
0.765908
0.754592
0.740429
0.724966
0.709997
0.697237
0.687883
0.682349
0.680372
0.681255
0.684242
0.688657
0.693853
0.699117
0.703595
0.706414
0.706927
0.704897
0.700646
0.69503
0.689276
0.684726
0.682466
0.683069
0.686511
0.692197
0.699147
0.70627
0.712502
0.717115
0.719743
0.720388
0.719393
0.717404
0.71519
0.71355
0.713152
0.714417
0.717451
0.722011
0.727612
0.733563
0.739011
0.743106
0.745054
0.744284
0.740651
0.734465
0.72643
0.7175
0.708729
0.701109
0.695402
0.692069
0.691291
0.693003
0.696959
0.702663
0.709499
0.716765
0.723752
0.729805
0.734433
0.737355
0.73846
0.737767
0.735375
0.731319
0.725704
0.718767
0.710872
0.702603
0.694741
0.688068
0.683286
0.680909
0.681157
0.683896
0.688743
0.695183
0.702598
0.71036
0.717909
0.724848
0.730899
0.735847
0.739556
0.741967
0.74302
0.742606
0.740632
0.736996
0.731706
0.72492
0.71705
0.708689
0.700513
0.693166
0.687169
0.682873
0.680562
0.680442
0.682617
0.686991
0.693307
0.701138
0.709955
0.719107
0.727918
0.735726
0.741916
0.745988
0.747553
0.746413
0.742604
0.736477
0.728657
0.72006
0.711717
0.704616
0.699487
0.696758
0.696581
0.698829
0.703211
0.709306
0.71657
0.724334
0.731815
0.738159
0.742561
0.744286
0.742858
0.738158
0.730472
0.720513
0.709301
0.698035
0.687838
0.679704
0.67437
0.672298
0.673611
0.678041
0.684979
0.693537
0.702657
0.711297
0.71856
0.723871
0.727018
0.728209
0.728008
0.727198
0.726543
0.726568
0.727412
0.728834
0.730365
0.731545
0.732078
0.731834
0.730788
0.728929
0.726256
0.722822
0.718736
0.714217
0.709611
0.705312
0.701758
0.699404
0.698554
0.699326
0.701586
0.705016
0.709242
0.713914
0.718681
0.723179
0.727113
0.730211
0.732308
0.733363
0.733473
0.732738
0.731247
0.728994
0.725952
0.722079
0.717354
0.711886
0.705981
0.700179
0.695191
0.691777
0.690546
0.691792
0.695423
0.701023
0.707986
0.715601
0.72316
0.729987
0.735424
0.738883
0.739861
0.738025
0.733214
0.72552
0.715302
0.703236
0.690292
0.677699
0.66679
0.658829
0.654724
0.654878
0.659081
0.666584
0.676318
0.687178
0.698258
0.708899
0.718691
0.727349
0.734604
0.740227
0.74407
0.746043
0.746172
0.744584
0.741451
0.737041
0.731656
0.725745
0.719834
0.714544
0.710455
0.708065
0.707662
0.709278
0.712692
0.717358
0.722563
0.727547
0.731674
0.734485
0.735798
0.735656
0.734229
0.731621
0.72786
0.722854
0.716535
0.709032
0.700712
0.692304
0.684711
0.67887
0.675578
0.675306
0.678177
0.683938
0.692016
0.701622
0.711816
0.721728
0.730626
0.73797
0.743482
0.747074
0.7488
0.748811
0.747312
0.74455
0.740738
0.736091
0.730836
0.725161
0.719195
0.713101
0.707046
0.70123
0.69588
0.691277
0.687698
0.685346
0.684305
0.684476
0.685667
0.687696
0.690424
0.69382
0.697951
0.702869
0.708531
0.714711
0.720918
0.726534
0.730924
0.733477
0.733872
0.732109
0.728606
0.724112
0.719591
0.715982
0.713946
0.71365
0.714759
0.716639
0.718557
0.719936
0.720534
0.72045
0.720146
0.720256
0.721381
0.723943
0.727947
0.733001
0.738394
0.743226
0.746625
0.74781
0.746206
0.741565
0.734046
0.724159
0.712803
0.701172
0.690394
0.681348
0.674425
0.669607
0.666612
0.665192
0.665267
0.667016
0.670757
0.676817
0.685303
0.696042
0.708412
0.721453
0.733997
0.744883
0.753223
0.758556
0.760836
0.760425
0.757941
0.754049
0.749424
0.744644
0.740201
0.736401
0.733377
0.731059
0.729174
0.727346
0.725225
0.722499
0.719003
0.714722
0.709844
0.704702
0.699756
0.69548
0.692238
0.690293
0.689675
0.690225
0.691633
0.693524
0.695508
0.697241
0.698452
0.698969
0.69869
0.697604
0.695873
0.693825
0.692048
0.691298
0.692348
0.695694
0.701356
0.708904
0.717563
0.72645
0.734851
0.742271
0.74841
0.753221
0.756748
0.759058
0.760211
0.760184
0.758922
0.756436
0.752731
0.747898
0.742142
0.735748
0.729031
0.722324
0.715915
0.710048
0.704917
0.700563
0.696914
0.693789
0.690924
0.688044
0.685015
0.681882
0.678834
0.676053
0.673639
0.671583
0.669894
0.668597
0.667872
0.668047
0.66953
0.672706
0.677851
0.685117
0.694438
0.705465
0.717579
0.729863
0.741234
0.750592
0.757006
0.759928
0.759312
0.75555
0.74947
0.742095
0.734457
0.727435
0.721577
0.717133
0.71407
0.71218
0.711103
0.710434
0.709784
0.708916
0.707756
0.706481
0.705498
0.705281
0.70623
0.708538
0.712145
0.716751
0.721883
0.727063
0.731901
0.736067
0.739244
0.741202
0.741737
0.740668
0.737932
0.733585
0.727887
0.721229
0.714083
0.707059
0.700812
0.69595
0.693008
0.69234
0.694046
0.697893
0.703313
0.709438
0.71528
0.719904
0.722581
0.722931
0.720968
0.717063
0.711829
0.705992
0.700244
0.695135
0.691047
0.68824
0.68693
0.687272
0.689332
0.692992
0.69789
0.703437
0.708904
0.713661
0.717315
0.719769
0.721163
0.721787
0.722
0.721981
0.721745
0.721025
0.719446
0.716673
0.71264
0.707641
0.702474
0.698184
0.695728
0.69567
0.69795
0.702061
0.707241
0.712749
0.71799
0.722588
0.726306
0.72906
0.731043
0.732543
0.733904
0.735415
0.737154
0.739007
0.740648
0.741667
0.741644
0.740264
0.737362
0.732935
0.727174
0.720469
0.713301
0.706248
0.699851
0.69453
0.690484
0.687743
0.686182
0.68562
0.685872
0.68687
0.688667
0.691396
0.695232
0.700278
0.706481
0.713564
0.721018
0.728218
0.734498
0.739322
0.74229
0.743273
0.742286
0.739518
0.735293
0.730087
0.724506
0.719206
0.714838
0.711912
0.710713
0.711205
0.713007
0.715491
0.717956
0.719785
0.720547
0.72004
0.718332
0.715722
0.712623
0.709448
0.706428
0.703604
0.700822
0.697878
0.69468
0.691282
0.687883
0.684793
0.682338
0.680785
0.680337
0.681162
0.683429
0.687206
0.69237
0.698609
0.705502
0.712634
0.719613
0.726199
0.732254
0.737682
0.742383
0.74627
0.749242
0.751207
0.752178
0.752291
0.751771
0.750909
0.750016
0.749288
0.748849
0.748659
0.748562
0.748303
0.747516
0.745749
0.742651
0.737929
0.731442
0.723201
0.713434
0.702553
0.6911
0.67964
0.668729
0.658841
0.650386
0.643759
0.639347
0.637529
0.638528
0.64232
0.648541
0.656656
0.666135
0.676562
0.687653
0.699238
0.711193
0.723311
0.735243
0.746533
0.756588
0.764845
0.770835
0.774242
0.775015
0.773313
0.769443
0.763812
0.756881
0.748989
0.740463
0.731556
0.722507
0.713597
0.705169
0.697611
0.691298
0.686518
0.683349
0.681687
0.68122
0.681537
0.682188
0.682825
0.683286
0.683605
0.684066
0.685149
0.687416
0.691383
0.697402
0.705488
0.715315
0.726254
0.737471
0.74814
0.757545
0.765158
0.770637
0.773821
0.774591
0.772918
0.768863
0.762498
0.753939
0.743426
0.731323
0.718092
0.704368
0.690872
0.678383
0.667662
0.65933
0.653842
0.651409
0.652026
0.655531
0.66161
0.669844
0.6797
0.6905
0.701544
0.712012
0.721221
0.728718
0.734395
0.738441
0.741228
0.743179
0.744623
0.745716
0.74641
0.746495
0.745751
0.743973
0.741118
0.737264
0.732638
0.727547
0.722366
0.717436
0.713104
0.709617
0.707104
0.705562
0.704875
0.704844
0.70523
0.705894
0.706733
0.70768
0.708658
0.709514
0.710046
0.710025
0.709281
0.707713
0.705338
0.70227
0.69865
0.694785
0.691041
0.687908
0.685946
0.685674
0.687536
0.691783
0.698492
0.707416
0.718047
0.729612
0.741109
0.75148
0.759656
0.764745
0.766096
0.763395
0.756739
0.746642
0.73403
0.720105
0.706329
0.694117
0.684672
0.678754
0.676585
0.677837
0.681736
0.687297
0.693505
0.699452
0.704485
0.708243
0.710673
0.712007
0.71255
0.712657
0.712583
0.712372
0.711945
0.711135
0.709751
0.707673
0.704869
0.701493
0.697866
0.694398
0.691596
0.689953
0.689884
0.691644
0.695305
0.700704
0.70746
0.71499
0.722593
0.729594
0.735461
0.739855
0.74259
0.743606
0.742928
0.740608
0.736745
0.731586
0.72549
0.718966
0.712612
0.707011
0.702609
0.699732
0.69858
0.699192
0.701498
0.705355
0.710521
0.716694
0.723472
0.730404
0.737123
0.743257
0.748501
0.752656
0.755538
0.757027
0.757001
0.755412
0.752269
0.747589
0.741432
0.733882
0.72504
0.71506
0.70421
0.692958
0.68196
0.67211
0.664449
0.659921
0.659171
0.662281
0.668715
0.677414
0.687036
0.696202
0.703768
0.708938
0.711376
0.711194
0.708932
0.705438
0.70166
0.69841
0.69621
0.695208
0.695277
0.696142
0.697552
0.699475
0.702047
0.705553
0.710303
0.716417
0.723775
0.731922
0.740192
0.747768
0.753857
0.757847
0.759367
0.758316
