15.8523 9.71655 13.9166
15.091 8.74417 13.2988
14.8312 8.45237 13.2988
14.7027 8.27199 13.2988
14.4858 8.03095 12.6823
14.1688 7.72445 12.5262
14.1211 7.75338 12.5262
13.985 7.6502 12.4682
13.7208 7.44436 11.5505
13.5213 7.16171 11.5505
13.1784 6.82581 11.5505
12.7767 6.48621 10.5632
12.5251 6.31945 10.5632
12.2475 6.0457 10.5632
12.131 5.89219 10.3831
11.7918 5.60261 10.3831
11.6105 5.45129 10.3831
11.5136 5.31992 10.3831
11.5191 5.3408 10.3831
11.4712 5.32612 10.3831
11.3399 5.17546 10.3831
11.3752 5.18554 10.3831
11.2719 5.06264 10.3831
11.2639 5.1198 10.3831
11.3032 5.14889 10.3831
11.2582 5.12232 10.3831
11.3491 5.24255 10.2453
11.3383 5.2179 10.2453
11.2206 5.07406 10.2453
11.1166 4.95158 9.83453
11.2185 5.06242 9.83453
11.1761 5.01748 9.83453
11.0602 4.89289 9.83453
10.7917 4.67208 9.83453
10.6951 4.57274 9.7176
10.6218 4.53103 9.7176
10.5687 4.50304 9.4697
10.4172 4.40299 9.4697
10.3772 4.40801 9.4697
10.2662 4.26977 9.4697
10.1342 4.22185 9.11019
10.0974 4.20628 9.11019
10.0335 4.14911 9.11019
9.98407 4.1172 9.11019
9.93459 4.0751 9.11019
9.85462 4.02103 9.11019
9.83021 4.01356 8.84985
9.86961 4.05468 8.84985
9.94026 4.13125 8.84985
9.95865 4.14115 8.73205
9.94558 4.17629 8.73205
9.90471 4.20426 8.73205
9.97613 4.22913 8.73205
9.90425 4.14203 8.73205
9.83139 4.10125 8.73205
9.78843 4.10227 8.73205
9.80204 4.0918 8.73205
9.73102 4.02627 8.73205
9.71965 4.01678 8.73205
9.67334 3.96385 8.73205
9.69516 3.99845 8.73205
9.7172 4.00475 8.73205
9.66661 3.96385 8.73205
9.75166 4.03465 8.73205
9.73206 4.02233 8.73205
9.74093 4.01676 8.73205
9.70756 3.9837 8.54643
9.63914 3.93873 8.54643
9.36267 3.71845 8.54643
9.30969 3.64338 8.54643
9.15392 3.47658 8.37042
9.15812 3.485 8.37042
8.96198 3.29295 8.07525
8.98712 3.31154 8.07525
8.97901 3.29722 8.07525
8.96995 3.29112 8.07525
8.93037 3.26284 8.07525
8.96072 3.28441 8.07525
8.9724 3.2924 8.07525
9.06869 3.35417 8.07525
9.10057 3.38508 8.07525
9.11436 3.38168 8.07525
9.12527 3.41714 8.07525
9.14702 3.45317 8.07525
9.12982 3.43209 8.07525
9.15845 3.45125 8.07525
9.11961 3.4114 8.07525
9.15912 3.4542 8.07525
9.11965 3.39679 8.07525
9.15432 3.42056 8.07525
9.09039 3.34787 8.07525
9.0738 3.35166 8.07525
9.07893 3.36203 8.07525
9.11047 3.37601 8.07525
9.07036 3.30787 8.07525
9.149 3.3801 8.07525
9.15353 3.38721 8.07525
9.11827 3.31752 8.07525
9.14026 3.34611 8.07525
9.10573 3.30306 8.07525
9.10237 3.27831 8.07525
9.04561 3.21691 8.00619
8.9427 3.11667 7.8667
8.94914 3.11609 7.8667
9.02029 3.18306 7.8667
9.11115 3.25648 7.8667
9.07043 3.19126 7.8667
9.09778 3.22455 7.8667
9.1451 3.27991 7.8667
9.00483 3.15524 7.8667
8.91246 3.04696 7.8667
8.80054 2.94884 7.8667
8.82769 2.96973 7.8667
8.81907 2.96029 7.8667
8.84585 3.00172 7.8667
8.76656 2.94512 7.8667
8.8133 2.97306 7.8667
8.86418 3.0338 7.8667
8.81572 3.00497 7.8667
8.88488 3.04975 7.8667
8.90275 3.05846 7.8667
8.95465 3.09684 7.8667
8.86971 3.0356 7.8667
8.93538 3.08693 7.8667
8.90721 3.06553 7.8667
8.88747 3.05473 7.8667
8.93666 3.09903 7.8667
8.86543 3.04471 7.8667
8.80677 3.02104 7.8667
8.72397 2.95042 7.8667
8.69075 2.93239 7.8667
8.6863 2.94334 7.8667
8.60836 2.90183 7.8667
8.57819 2.87791 7.8667
8.607 2.87696 7.8667
8.63338 2.91264 7.8667
8.49716 2.77805 7.81013
8.5152 2.79038 7.81013
8.4613 2.7406 7.81013
8.40812 2.6871 7.81013
8.48226 2.75488 7.81013
8.55673 2.82868 7.81013
8.6026 2.87667 7.81013
8.55052 2.8235 7.81013
8.51765 2.78449 7.81013
8.60357 2.82243 7.81013
8.51841 2.76002 7.81013
8.546 2.77755 7.81013
8.51175 2.73291 7.81013
8.56203 2.80151 6.59664
8.47906 2.73272 6.59664
8.45769 2.73545 6.59664
8.29999 2.62572 6.59664
7.9205 2.45092 6.59664
7.18291 2.14727 6.59664
6.83346 1.94059 6.59664
6.73025 1.88361 6.53963
6.77044 1.90323 6.53963
6.73989 1.88385 6.53639
6.68927 1.84731 6.34336
6.69295 1.85079 6.34336
6.68594 1.84711 6.34336
6.69061 1.84754 6.30873
6.66168 1.82947 6.30873
6.63225 1.8135 6.30873
6.59137 1.79422 6.30873
6.55765 1.77495 6.30873
6.48574 1.73675 6.2406
6.50144 1.74377 6.2406
6.52544 1.75272 6.2406
6.52241 1.75172 6.2406
6.59571 1.79746 6.2406
6.56297 1.75095 6.2406
6.51011 1.7236 6.13625
6.53016 1.73899 6.13625
6.53561 1.74636 6.13625
6.55948 1.76114 6.13625
6.57262 1.77385 6.13625
6.59675 1.78936 6.13625
6.59671 1.79176 6.13625
6.5993 1.7966 6.13625
6.60998 1.8001 6.13625
6.63823 1.81945 6.13625
6.61827 1.80356 6.13625
6.63141 1.82047 6.13625
6.65203 1.83058 6.13625
6.56734 1.76812 6.13625
6.5818 1.77604 6.13625
6.61354 1.78359 6.13625
6.5774 1.77539 5.9516
6.59089 1.77422 5.9516
6.53326 1.73924 5.9516
6.44962 1.70936 5.9516
6.41951 1.69602 5.9516
6.31089 1.64721 5.9516
6.24933 1.6235 5.9516
6.20487 1.60672 5.9516
6.18929 1.59813 5.9516
6.30019 1.67738 5.9516
6.18424 1.59231 5.9516
6.15774 1.56995 5.76663
6.17829 1.5751 5.76663
6.15626 1.56236 5.76663
6.16958 1.56719 5.76663
6.18471 1.57271 5.76663
6.20357 1.5851 5.76663
6.2312 1.61217 5.76663
6.19509 1.59661 5.76663
6.13732 1.55815 5.76663
6.16369 1.5651 5.76663
6.19919 1.57701 5.76663
6.19108 1.57494 5.76663
6.19064 1.57623 5.76663
6.16012 1.56171 5.76663
6.13494 1.55593 5.76663
6.13408 1.56241 5.76663
6.1156 1.56585 5.76663
6.20336 1.62008 5.76663
6.07636 1.53837 5.76663
6.05805 1.52747 5.76663
6.06135 1.53208 5.76663
6.08321 1.54301 5.76663
6.0843 1.5369 5.76663
6.05227 1.52621 5.76663
6.04294 1.52345 5.76663
6.08603 1.55076 5.76663
6.08574 1.54652 5.76663
6.09913 1.54625 5.76663
6.17901 1.59361 5.76663
6.19047 1.60787 5.76663
6.1796 1.59794 5.76663
6.12178 1.56208 5.76663
6.13069 1.57191 5.76663
6.12728 1.56828 5.76663
6.14938 1.5796 5.76663
6.14487 1.57329 5.76663
6.14435 1.56888 5.76663
6.11974 1.55382 5.76663
6.1138 1.55167 5.76663
6.09881 1.54351 5.76663
6.12466 1.5634 5.71036
6.10942 1.55492 5.71036
6.13708 1.56698 5.71036
6.16208 1.58329 5.71036
6.13924 1.57052 5.71036
6.13834 1.56755 5.71036
6.17136 1.58217 5.71036
6.16848 1.58197 5.71036
6.11794 1.54848 5.71036
6.01073 1.50229 5.69533
6.00557 1.49912 5.69533
6.01658 1.49764 5.69533
6.04148 1.50425 5.69533
6.02683 1.4983 5.69533
6.06009 1.51744 5.69533
6.08516 1.53605 5.69533
6.08662 1.54165 5.69533
6.08703 1.54448 5.51163
6.07031 1.53901 5.51163
6.09334 1.55652 5.51163
6.06121 1.52887 5.51163
6.05135 1.52205 5.51163
6.01911 1.51086 5.51163
6.00095 1.50367 5.51163
6.01723 1.50954 5.51163
6.04761 1.52296 5.51163
6.1059 1.55038 5.51163
6.14485 1.57562 5.51163
6.09717 1.53771 5.51163
6.14489 1.56846 5.51163
6.06277 1.51643 5.51163
5.99295 1.46579 5.51163
5.94911 1.44231 5.51163
5.92847 1.43138 5.51163
5.91973 1.42005 5.51163
5.92908 1.43046 5.51163
5.92423 1.4238 5.51163
5.87197 1.39187 5.51163
5.87872 1.39819 5.51163
5.90167 1.40612 5.51163
5.91838 1.41576 5.51163
5.98179 1.46638 5.51163
5.92731 1.43125 5.51163
5.95367 1.45369 5.51163
5.93119 1.4322 5.51163
5.9391 1.44093 5.51163
5.93471 1.44092 5.51163
5.86981 1.39279 5.51163
5.88582 1.39285 5.51163
5.88143 1.3868 5.51163
5.83823 1.36035 5.51163
5.81221 1.34902 5.51163
5.82637 1.35273 5.51163
5.86393 1.36671 5.51163
5.87442 1.37358 5.51163
5.86348 1.37033 5.51163
5.8216 1.34785 5.51163
5.8061 1.34308 5.51163
5.77781 1.33263 5.51163
5.76626 1.32778 5.51163
5.77623 1.3297 5.51163
5.813 1.34771 5.51163
5.79593 1.33826 5.51163
5.81215 1.34575 5.51163
5.81416 1.34431 5.51163
5.76698 1.32547 5.51163
5.79471 1.3406 5.51163
5.80484 1.34378 5.51163
5.75475 1.32202 5.51163
5.74028 1.31432 5.51163
5.75776 1.32072 5.51163
5.76586 1.3288 5.51163
5.74478 1.31772 5.51163
5.7648 1.32499 5.51163
5.7742 1.3303 5.51163
5.80078 1.34069 5.51163
5.77101 1.33061 5.51163
5.75104 1.32389 5.51163
5.76017 1.32834 5.51163
5.75595 1.32603 5.51163
5.76751 1.33064 5.51163
5.77113 1.33091 5.51163
5.76677 1.32832 5.51163
5.82433 1.36246 5.51163
5.86403 1.38867 5.51163
5.79323 1.34023 5.51163
5.83188 1.35993 5.51163
5.80421 1.34526 5.51163
5.78314 1.33331 5.51163
5.77342 1.32874 5.51163
5.81019 1.35243 5.51163
5.81796 1.35865 5.51163
5.82161 1.36347 5.51163
5.82924 1.37442 5.51163
5.82291 1.36989 5.51163
5.79575 1.35306 5.51163
5.80133 1.35691 5.51163
5.79916 1.35288 5.51163
5.82537 1.37171 5.51163
5.81544 1.35982 5.51163
5.85517 1.37586 5.51163
5.87074 1.38143 5.51163
5.85827 1.37482 5.51163
5.85521 1.37326 5.51163
5.89692 1.39576 5.51163
5.83287 1.36063 5.51163
5.78107 1.3292 5.51163
5.77827 1.3245 5.51163
5.7748 1.32341 5.51163
5.77892 1.32131 5.51163
5.77461 1.31814 5.51163
5.7841 1.3236 5.51163
5.78038 1.321 5.51163
5.82173 1.33679 5.51163
5.80019 1.32979 5.51163
5.79478 1.32573 5.51163
5.80881 1.3329 5.51163
5.82585 1.33938 5.51163
5.84526 1.35227 5.51163
5.82715 1.3382 5.51163
5.81264 1.32844 5.48511
5.80775 1.32872 5.48511
5.82523 1.3405 5.48511
5.77735 1.31268 5.48511
5.76658 1.30877 5.48511
5.78225 1.31423 5.48511
5.7592 1.29947 5.48511
5.75496 1.2942 5.48511
5.76035 1.29982 5.48511
5.7595 1.30266 5.48511
5.7512 1.29844 5.48511
5.75908 1.30473 5.48511
5.75183 1.29938 5.48511
5.76975 1.31792 5.47801
5.74716 1.30134 5.47801
5.7349 1.2923 5.47112
5.74128 1.30048 5.47112
5.74395 1.30521 5.47112
5.74093 1.29655 5.47112
5.70054 1.27975 5.46881
5.67689 1.27336 5.46881
5.71508 1.29463 5.41235
5.64916 1.25888 5.41235
5.65166 1.26201 5.41235
5.5602 1.2192 5.41235
5.54471 1.21145 5.41235
5.56239 1.2229 5.41235
5.5615 1.22258 5.41235
5.55507 1.21984 5.41235
5.54818 1.21754 5.41235
5.47727 1.18123 5.39605
5.46409 1.17584 5.39605
5.49376 1.19005 5.25444
5.51281 1.19881 5.25444
5.48284 1.18554 5.25444
5.45952 1.17405 5.25444
5.44828 1.16788 5.25444
5.46673 1.17479 5.25444
5.45982 1.1699 5.25444
5.4724 1.17248 5.25444
5.46148 1.17028 5.25444
5.4562 1.16788 5.25444
5.44922 1.16421 5.25444
5.44319 1.16274 5.25444
5.45928 1.16734 5.25444
5.4685 1.17037 5.25444
5.48556 1.17712 5.25444
5.48609 1.17886 5.25444
5.50581 1.18711 5.25444
5.49162 1.1827 5.25444
5.48225 1.17926 5.25444
5.4854 1.18171 5.25444
5.46141 1.17253 5.25444
5.4679 1.17421 5.25444
5.48048 1.17979 5.25444
5.46045 1.17244 5.25444
5.44028 1.16646 5.25444
5.42745 1.16151 5.25444
5.431 1.16514 5.25444
5.45674 1.17706 5.25444
5.41819 1.16061 5.25444
5.43063 1.16425 5.25444
5.42849 1.16483 5.25444
5.42867 1.16503 5.25444
5.4253 1.16297 5.25444
5.44672 1.17109 5.25444
5.4185 1.16058 5.25444
5.43375 1.16339 5.25444
5.43861 1.16433 5.25444
5.42843 1.16228 5.25444
5.42323 1.16101 5.25444
5.41899 1.16041 5.25444
5.42159 1.16007 5.25444
5.42983 1.16051 5.25444
5.45268 1.16619 5.25444
5.44905 1.16336 5.25444
5.48288 1.17507 5.25444
5.52645 1.20252 5.25444
5.49497 1.18104 5.25444
5.51786 1.18962 5.25444
5.4885 1.1743 5.25444
5.4914 1.1744 5.25444
5.52019 1.1897 5.25444
5.48894 1.17528 5.25444
5.48903 1.17277 5.25444
5.49615 1.17672 5.25444
5.50361 1.18075 5.25444
5.55986 1.2089 5.25444
5.57396 1.21772 5.25444
5.53317 1.19919 5.25444
5.53563 1.19619 5.25444
5.50459 1.181 5.25444
5.51623 1.1886 5.25444
5.52546 1.19464 5.25444
5.50711 1.19295 5.25444
5.48728 1.17945 5.25444
5.46459 1.16727 5.25444
5.44794 1.16108 5.25444
5.44857 1.16274 5.25444
5.44584 1.1613 5.25444
5.43875 1.1592 5.25444
5.48122 1.17717 5.25444
5.44876 1.16314 5.25444
5.4735 1.17425 5.25444
5.44141 1.16388 5.25444
5.43058 1.16231 5.25444
5.42631 1.16197 5.25444
5.41433 1.1564 5.25444
5.3944 1.15217 5.25444
5.3834 1.15086 5.25444
5.37517 1.14929 5.25444
5.37575 1.14973 5.25444
5.36238 1.14691 5.25444
5.37787 1.15154 5.25444
5.36912 1.14829 5.25444
5.37334 1.15199 5.25444
5.35883 1.14786 5.25444
5.35852 1.14735 5.25444
5.35866 1.14761 5.25444
5.36829 1.15063 5.25444
5.35692 1.14811 5.25444
5.35369 1.14746 5.25444
5.33707 1.14487 5.25444
5.32734 1.14366 5.25444
5.33353 1.14458 5.25444
5.33091 1.14434 5.25444
5.34411 1.14643 5.25444
5.34054 1.1467 5.25444
5.32831 1.14488 5.25444
5.33604 1.14577 5.25444
5.36091 1.15317 5.25444
5.37192 1.15867 5.25444
5.38735 1.16271 5.25444
5.38235 1.16018 5.25444
5.37439 1.15393 5.25444
5.39017 1.15732 5.25444
5.46239 1.1849 5.25444
5.41034 1.16094 5.25444
5.42715 1.16909 5.25444
5.41549 1.16208 5.25444
5.43641 1.16777 5.25444
5.436 1.16859 5.25444
5.41545 1.16472 5.25444
5.41316 1.16227 5.25444
5.42021 1.16372 5.25444
5.41978 1.16207 5.25444
5.44312 1.16958 5.25444
5.44377 1.16755 5.25444
5.43564 1.16426 5.25444
5.4299 1.16105 5.25444
5.42804 1.16226 5.25444
5.42742 1.15943 5.25444
5.43805 1.16519 5.25444
5.43251 1.16453 5.25444
5.41677 1.16103 5.25444
5.40985 1.16004 5.25444
5.39711 1.15552 5.25444
5.40613 1.15967 5.25444
5.40929 1.16111 5.25444
5.39669 1.15756 5.25444
5.37026 1.15138 5.25444
5.36821 1.15163 5.25444
5.35473 1.14769 5.25444
5.35124 1.14448 5.25444
5.35142 1.14449 5.25444
5.35762 1.14471 5.25444
5.36112 1.14551 5.25444
5.36313 1.14576 5.25444
5.37959 1.14816 5.25444
5.40017 1.1594 5.25444
5.41747 1.16802 5.25444
5.39507 1.15669 5.25444
5.38988 1.1512 5.25444
5.3883 1.14893 5.25444
5.38026 1.14633 5.25444
5.38381 1.14775 5.25444
5.38067 1.14732 5.25444
5.37913 1.14717 5.25444
5.36834 1.14526 5.25444
5.3684 1.14608 5.25444
5.36302 1.14641 5.25444
5.35953 1.14513 5.25444
5.36817 1.14918 5.25444
5.36819 1.14836 5.25444
5.35308 1.14461 5.25444
5.38769 1.15872 5.25444
5.36099 1.14689 5.25444
5.3499 1.14531 5.25444
5.34988 1.14668 5.25444
5.35396 1.14635 5.25444
5.35228 1.14557 5.25444
5.33864 1.14531 5.25444
5.34002 1.14704 5.25444
5.34051 1.14787 5.25444
5.35742 1.15474 5.25444
5.35372 1.15311 5.25444
5.35545 1.15374 5.25444
5.33781 1.14681 5.25444
5.3352 1.14641 5.25444
5.34071 1.14956 5.25444
5.33862 1.14822 5.25444
5.34369 1.14856 5.25444
5.35051 1.15318 5.25444
5.36633 1.15894 5.25444
5.37608 1.16239 5.25444
5.40186 1.17279 5.25444
5.45113 1.19458 5.25444
5.4708 1.2044 5.25444
5.44615 1.18771 5.25444
5.48029 1.19587 5.25444
5.51219 1.20757 5.25444
5.51202 1.2049 5.25444
5.46635 1.18869 5.25444
5.47432 1.19169 5.25444
5.50454 1.20523 5.25444
5.49439 1.20629 5.25444
5.50314 1.20971 5.25444
5.49542 1.20739 5.25444
5.50128 1.20703 5.25444
5.50646 1.21028 5.25444
5.48131 1.19965 5.25444
5.49137 1.20045 5.25444
5.48759 1.20036 5.25444
5.46395 1.18839 5.25444
5.49169 1.20368 5.25444
5.51807 1.22075 5.25444
5.47684 1.19877 5.25444
5.47214 1.19406 5.25444
5.49722 1.20939 5.25444
5.48088 1.19906 5.25444
5.44709 1.18219 5.25444
5.45324 1.18555 5.25444
5.43616 1.17921 5.25444
5.41645 1.17193 5.25444
5.41424 1.17093 5.25444
5.48353 1.20991 5.25444
5.42552 1.18247 5.25444
5.40423 1.16584 5.25444
5.39664 1.1657 5.25444
5.38288 1.16121 5.25444
5.39341 1.16491 5.25444
5.38807 1.16142 5.25444
5.42071 1.17621 5.25444
5.39287 1.16269 5.25444
5.40205 1.1682 5.25444
5.38546 1.16155 5.25444
5.38075 1.16162 5.25444
5.38997 1.16752 5.25444
5.37968 1.16153 5.25444
5.35329 1.15114 5.25444
5.33792 1.14728 5.25444
5.35301 1.14928 5.25444
5.33307 1.14628 5.25444
5.32735 1.14559 5.25444
5.34596 1.14965 5.25444
5.33645 1.14803 5.25444
5.35495 1.15162 5.25444
5.3707 1.15601 5.25444
5.36462 1.15303 5.25444
5.38208 1.15613 5.25444
5.37064 1.15338 5.25444
5.35124 1.14876 5.25444
5.34806 1.14829 5.25444
5.3433 1.14901 5.25444
5.36016 1.1538 5.25444
5.38645 1.16209 5.25444
5.37647 1.15701 5.25444
5.34036 1.14838 5.25444
5.35281 1.1502 5.25444
5.36697 1.15251 5.25444
5.378 1.15515 5.25444
5.39146 1.15904 5.25444
5.40105 1.16284 5.25444
5.44215 1.18183 5.25444
5.40294 1.16218 5.25444
5.37939 1.15664 5.25444
5.39428 1.16703 5.25444
5.38552 1.16128 5.25444
5.42882 1.17817 5.25444
5.40064 1.16221 5.25444
5.42681 1.1746 5.25444
5.40405 1.16667 5.25444
5.37675 1.16218 5.25444
5.37762 1.15948 5.25444
5.35033 1.14984 5.25444
5.35061 1.14918 5.25444
5.34199 1.14844 5.25444
5.34373 1.14935 5.25444
5.34176 1.1493 5.25444
5.35658 1.15192 5.25444
5.3767 1.16121 5.25444
5.35388 1.1521 5.25444
5.35954 1.15485 5.25444
5.33365 1.14676 5.25444
5.33693 1.14767 5.25444
5.32475 1.14655 5.25444
5.32842 1.14695 5.25444
5.32693 1.14682 5.25444
5.3291 1.14694 5.25444
5.32224 1.14552 5.25444
5.31935 1.14438 5.25444
5.31746 1.14427 5.25444
5.32482 1.14558 5.25444
5.32022 1.1452 5.25444
5.32755 1.14707 5.25444
5.32971 1.14803 5.25444
5.33081 1.14879 5.25444
5.32429 1.14691 5.25444
5.35333 1.15887 5.25444
5.35291 1.15848 5.25444
5.36745 1.1666 5.25444
5.40519 1.18406 5.25444
5.42769 1.19656 5.25444
5.42758 1.1952 5.25444
5.40509 1.1854 5.25444
5.32706 1.14758 5.25444
5.33527 1.15052 5.25444
5.33374 1.14937 5.25444
5.34018 1.15194 5.25444
5.35309 1.15807 5.25444
5.35472 1.15855 5.25444
5.3566 1.15962 5.25444
5.33556 1.15008 5.25444
5.33065 1.14799 5.25444
5.33165 1.14832 5.25444
5.33422 1.14946 5.25444
5.33816 1.15038 5.25444
5.36753 1.16372 5.25444
5.34132 1.15112 5.25444
5.36633 1.16044 5.25444
5.43302 1.20069 5.25444
5.38108 1.16775 5.25444
5.35685 1.15723 5.25444
5.33015 1.1488 5.25444
5.34307 1.15212 5.25444
5.33823 1.15095 5.25444
5.33804 1.15112 5.25444
5.33842 1.15133 5.25444
5.3512 1.1551 5.25444
5.35839 1.15448 5.25444
5.36286 1.15823 5.25444
5.35336 1.15426 5.25444
5.3538 1.15397 5.25444
5.34642 1.15269 5.25444
5.35069 1.15362 5.25444
5.35411 1.15438 5.25444
5.35393 1.1539 5.25444
5.35017 1.15319 5.25444
5.34619 1.15286 5.25444
5.36944 1.16161 5.25444
5.35467 1.15569 5.25444
5.3904 1.17443 5.25444
5.34857 1.15433 5.25444
5.35493 1.15581 5.25444
5.34641 1.15335 5.25444
5.36778 1.16164 5.25444
5.34496 1.15336 5.25444
5.35265 1.15491 5.25444
5.36827 1.1626 5.25444
5.36522 1.15772 5.25444
5.35764 1.15559 5.25444
5.36763 1.15642 5.25444
5.35761 1.15484 5.25444
5.37855 1.16455 5.25444
5.39325 1.17006 5.25444
5.38353 1.16446 5.25444
5.39107 1.16182 5.25444
5.38263 1.16031 5.25444
5.37303 1.15774 5.25444
5.41211 1.17392 5.25444
5.45793 1.19477 5.25444
5.44111 1.18507 5.25444
5.44437 1.1848 5.25444
5.47931 1.20472 5.25444
5.40277 1.16361 5.25444
5.39983 1.16296 5.25444
5.40909 1.16509 5.25444
5.3973 1.16372 5.25444
5.42413 1.1772 5.25444
5.45321 1.19651 5.25444
5.42878 1.1815 5.25444
5.39342 1.16316 5.25444
5.37503 1.15722 5.25444
5.40724 1.16987 5.25444
5.39205 1.16229 5.25444
5.40019 1.16456 5.25444
5.38919 1.16217 5.25444
5.40693 1.16478 5.25444
5.41549 1.16578 5.25444
5.41179 1.16557 5.25444
5.41326 1.16723 5.25444
5.4215 1.16988 5.25444
5.42425 1.1682 5.25444
5.40159 1.1635 5.25444
5.42127 1.16831 5.25444
5.48869 1.19333 5.25444
5.44462 1.17858 5.25444
5.47857 1.19237 5.25444
5.47695 1.18675 5.25444
5.42872 1.16847 5.25444
5.42152 1.16635 5.25444
5.42592 1.16799 5.25444
5.44151 1.17214 5.25444
5.46843 1.18218 5.25444
5.47597 1.18563 5.25444
5.45267 1.17584 5.25444
5.41885 1.16678 5.25444
5.42501 1.16904 5.25444
5.43955 1.17324 5.25444
5.42219 1.16858 5.25444
5.44982 1.17612 5.25444
5.44425 1.17513 5.25444
5.46354 1.18419 5.25444
5.46685 1.18678 5.25444
5.43863 1.1727 5.25444
5.43428 1.17518 5.25444
5.41663 1.16991 5.25444
5.40068 1.16472 5.25444
5.39549 1.16237 5.25444
5.40082 1.16375 5.25444
5.39771 1.16124 5.25444
5.37286 1.15712 5.25444
5.37459 1.15741 5.25444
5.37523 1.15732 5.25444
5.37607 1.15725 5.25444
5.3834 1.15882 5.25444
5.39313 1.16334 5.25444
5.36243 1.15694 5.25444
5.37143 1.15899 5.25444
5.40799 1.17237 5.25444
5.38299 1.16246 5.25444
5.41586 1.1788 5.25444
5.4014 1.16816 5.25444
5.40526 1.16964 5.25444
5.38972 1.16368 5.25444
5.4005 1.16811 5.25444
5.39648 1.16543 5.25444
5.40742 1.16706 5.25444
5.40828 1.16657 5.25444
5.42795 1.17457 5.25444
5.40273 1.16609 5.25444
5.41243 1.16814 5.25444
5.43575 1.18166 5.25444
5.45158 1.19331 5.25444
5.43235 1.18226 5.25444
5.42506 1.17469 5.25444
5.40744 1.16881 5.25444
5.39719 1.16664 5.25444
5.4048 1.16854 5.25444
5.38768 1.16414 5.25444
5.41618 1.17442 5.25444
5.41472 1.17028 5.25444
5.42489 1.17098 5.25444
5.46106 1.18867 5.25444
5.42926 1.17579 5.25444
5.40436 1.16803 5.25444
5.40839 1.16874 5.25444
5.42141 1.17311 5.25444
5.41695 1.17085 5.25444
5.39947 1.1679 5.25444
5.40605 1.16928 5.25444
5.40382 1.16884 5.25444
5.41402 1.17075 5.25444
5.42341 1.17168 5.25444
5.4346 1.1733 5.25444
5.43871 1.17339 5.25444
5.44729 1.174 5.25444
5.45421 1.17633 5.25444
5.43333 1.17185 5.25444
5.4631 1.18253 5.25444
5.43128 1.17174 5.25444
5.46186 1.18389 5.25444
5.48237 1.18865 5.25444
5.46677 1.18129 5.25444
5.47735 1.18328 5.25444
5.46006 1.18263 5.25444
5.45578 1.17977 5.25444
5.44539 1.17267 5.25444
5.45159 1.17693 5.25444
5.46703 1.18341 5.25444
5.45716 1.17774 5.25444
5.48437 1.18986 5.25444
5.45848 1.17818 5.25444
5.45672 1.17626 5.25444
5.45142 1.17574 5.25444
5.45797 1.18022 5.25444
5.46539 1.18424 5.25444
5.47165 1.18359 5.25444
5.46701 1.18436 5.25444
5.48366 1.19044 5.25444
5.47283 1.18798 5.25444
5.47139 1.18951 5.25444
5.48252 1.19816 5.25444
5.47082 1.19562 5.25444
5.46848 1.19393 5.25444
5.46127 1.18985 5.25444
5.47542 1.19807 5.25444
5.44952 1.18941 5.25444
5.41263 1.178 5.25444
5.40245 1.17309 5.25444
5.39247 1.17067 5.25444
5.41789 1.18474 5.25444
5.38919 1.16853 5.25444
5.38737 1.16718 5.25444
5.38706 1.16788 5.25444
5.39103 1.16856 5.25444
5.38542 1.16574 5.25444
5.36532 1.15751 5.25444
5.37598 1.16048 5.25444
5.38421 1.16239 5.25444
5.37957 1.16062 5.25444
5.38325 1.16238 5.25444
5.39753 1.16562 5.25444
5.39187 1.1633 5.25444
5.38628 1.16262 5.25444
5.37891 1.16077 5.25444
5.39144 1.16515 5.25444
5.3738 1.15863 5.25444
5.36765 1.15847 5.25444
5.39311 1.16817 5.25444
5.38365 1.16181 5.25444
5.37523 1.15836 5.25444
5.38613 1.16105 5.25444
5.39123 1.16133 5.25444
5.40005 1.16287 5.25444
5.41113 1.16568 5.25444
5.40534 1.16649 5.25444
5.40782 1.16751 5.25444
5.41526 1.17003 5.25444
5.38308 1.16051 5.25444
5.40441 1.16806 5.25444
5.46095 1.19421 5.25444
5.40185 1.16865 5.25444
5.41485 1.17585 5.25444
5.3918 1.16615 5.25444
5.39177 1.16583 5.25444
5.37402 1.1596 5.25444
5.37018 1.15886 5.25444
5.39006 1.16757 5.25444
5.393 1.16756 5.25444
5.43965 1.19695 5.25444
5.37842 1.16085 5.25444
5.37626 1.16167 5.25444
5.37123 1.15759 5.25444
5.3748 1.15777 5.25444
5.37661 1.15783 5.25444
5.44137 1.19239 5.25444
5.45021 1.19429 5.25444
5.43639 1.18766 5.25444
5.41429 1.17567 5.25444
5.41538 1.18033 5.25444
5.37806 1.16272 5.25444
5.36441 1.15808 5.25444
5.36076 1.15724 5.25444
5.37033 1.15872 5.25444
5.401 1.17297 5.25444
5.47507 1.21577 5.25444
5.38046 1.16463 5.25444
5.37209 1.16015 5.25444
5.36011 1.15726 5.25444
5.36363 1.15739 5.25444
5.37426 1.1586 5.25444
5.37201 1.15859 5.25444
5.36484 1.15748 5.25444
5.40796 1.16821 5.25444
5.40763 1.1641 5.25444
5.42997 1.17535 5.25444
5.41828 1.17354 5.25444
5.39768 1.16117 5.25444
5.39127 1.16016 5.25444
5.40939 1.1654 5.25444
5.39591 1.16415 5.25444
5.39677 1.16111 5.25444
5.38861 1.15981 5.25444
5.40648 1.1664 5.25444
5.39345 1.15987 5.25444
5.43703 1.18998 5.25444
5.41084 1.17479 5.25444
5.40398 1.17339 5.25444
5.44593 1.19846 5.25444
5.42884 1.19466 5.25444
5.37616 1.16392 5.25444
5.3794 1.1644 5.25444
5.37433 1.16138 5.25444
5.37908 1.16336 5.25444
5.37481 1.16147 5.25444
5.35895 1.15722 5.25444
5.36424 1.15817 5.25444
5.36962 1.16144 5.25444
5.35778 1.15718 5.25444
5.36438 1.16011 5.25444
5.3773 1.16509 5.25444
5.36283 1.15952 5.25444
5.38474 1.166 5.25444
5.36649 1.15974 5.25444
5.37568 1.16126 5.25444
5.38579 1.16649 5.25444
5.38335 1.16482 5.25444
5.39691 1.16961 5.25444
5.4327 1.19148 5.25444
5.41716 1.18061 5.25444
5.38369 1.16137 5.25444
5.4062 1.17487 5.25444
5.37871 1.16445 5.25444
5.37295 1.16042 5.25444
5.38153 1.16245 5.25444
5.36337 1.15698 5.25444
5.37567 1.16048 5.25444
5.38684 1.16326 5.25444
5.38679 1.16247 5.25444
5.36963 1.15853 5.25444
5.36169 1.15736 5.25444
5.34684 1.15412 5.25444
5.35194 1.15443 5.25444
5.39335 1.17167 5.25444
5.3574 1.15639 5.25444
5.36521 1.15971 5.25444
5.35842 1.15709 5.25444
5.37159 1.16235 5.25444
5.39414 1.1699 5.25444
5.42119 1.18128 5.25444
5.4635 1.19884 5.25444
5.48296 1.21289 5.25444
5.44861 1.19765 5.25444
5.40615 1.17189 5.25444
5.42586 1.18335 5.25444
5.48987 1.2102 5.25444
5.49559 1.21454 5.25444
5.48789 1.21606 5.25444
5.43905 1.19046 5.25444
5.43177 1.18666 5.25444
5.44959 1.19098 5.25444
5.44139 1.18709 5.25444
5.41781 1.17729 5.25444
5.41034 1.17428 5.25444
5.40432 1.17173 5.25444
5.39904 1.17009 5.25444
5.41135 1.1738 5.25444
5.40765 1.17294 5.25444
5.39335 1.16876 5.25444
5.39213 1.16851 5.25444
5.39436 1.16827 5.25444
5.40157 1.17145 5.25444
5.42221 1.17934 5.25444
5.41103 1.17468 5.25444
5.43251 1.18434 5.25444
5.41122 1.17653 5.25444
5.42682 1.18183 5.25444
5.39466 1.16996 5.25444
5.39686 1.17193 5.25444
5.40243 1.17452 5.25444
5.38291 1.16465 5.25444
5.38222 1.16418 5.25444
5.40281 1.17355 5.25444
5.38348 1.16463 5.25444
5.39283 1.16718 5.25444
5.36737 1.15941 5.25444
5.39167 1.16697 5.25444
5.447 1.19718 5.25444
5.38571 1.1658 5.25444
5.36518 1.15873 5.25444
5.37474 1.1621 5.25444
5.38559 1.16855 5.25444
5.40969 1.18191 5.25444
5.41883 1.18265 5.25444
5.39062 1.16935 5.25444
5.39167 1.16866 5.25444
5.42071 1.17878 5.25444
5.41884 1.17677 5.25444
5.40386 1.17127 5.25444
5.38659 1.16633 5.25444
5.41133 1.17602 5.25444
5.37994 1.16497 5.25444
5.38199 1.16571 5.25444
5.37583 1.16357 5.25444
5.38988 1.16926 5.25444
5.38246 1.16624 5.25444
5.35838 1.15707 5.25444
5.35987 1.1577 5.25444
5.37324 1.16414 5.25444
5.36822 1.16229 5.25444
5.34525 1.15318 5.25444
5.34854 1.15448 5.25444
5.38301 1.16962 5.25444
5.36518 1.15993 5.25444
5.35449 1.15544 5.25444
5.36679 1.16099 5.25444
5.37036 1.16085 5.25444
5.37348 1.1604 5.25444
5.37056 1.15997 5.25444
5.37511 1.1621 5.25444
5.3821 1.16337 5.25444
5.39401 1.16767 5.25444
5.39249 1.16731 5.25444
5.41433 1.17682 5.25444
5.43076 1.18544 5.25444
5.44207 1.18988 5.25444
5.45222 1.19499 5.25444
5.41314 1.17571 5.25444
5.42653 1.18227 5.25444
5.42102 1.18004 5.25444
5.36477 1.1574 5.25444
5.34098 1.1515 5.25444
5.35795 1.15556 5.25444
5.33172 1.14936 5.25444
5.3352 1.15031 5.25444
5.33397 1.14996 5.25444
5.35525 1.15798 5.25444
5.35989 1.15956 5.25444
5.36395 1.16012 5.25444
5.33238 1.14836 5.25444
5.33873 1.14888 5.25444
5.38369 1.173 5.25444
5.35365 1.15709 5.25444
5.35186 1.15298 5.25444
5.34706 1.14905 5.25444
5.32918 1.14643 5.25444
5.33402 1.14732 5.25444
5.34916 1.15415 5.25444
5.33991 1.1501 5.25444
5.3452 1.15059 5.25444
5.35153 1.15239 5.25444
5.36596 1.1583 5.25444
5.36068 1.15529 5.25444
5.37086 1.15743 5.25444
5.36179 1.1538 5.25444
5.38551 1.16431 5.25444
5.4416 1.19337 5.25444
5.44619 1.19271 5.25444
5.37543 1.1575 5.25444
5.35417 1.15179 5.25444
5.35319 1.15257 5.25444
5.35319 1.15328 5.25444
5.35495 1.15419 5.25444
5.35573 1.15442 5.25444
5.3595 1.15584 5.25444
5.37353 1.16145 5.25444
5.35854 1.15571 5.25444
5.3542 1.15541 5.25444
5.36694 1.15648 5.25444
5.35312 1.15538 5.25444
5.35289 1.15571 5.25444
5.36441 1.15761 5.25444
5.42091 1.18558 5.25444
5.36952 1.15863 5.25444
5.36439 1.15716 5.25444
5.36798 1.15781 5.25444
5.38834 1.1634 5.25444
5.3875 1.16234 5.25444
5.37059 1.15762 5.25444
5.36774 1.15748 5.25444
5.37283 1.15854 5.25444
5.41895 1.17885 5.25444
5.41163 1.17442 5.25444
5.40474 1.16548 5.25444
5.40768 1.16692 5.25444
5.39347 1.16138 5.25444
5.42284 1.17697 5.25444
5.37784 1.15911 5.25444
5.38406 1.15925 5.25444
5.3788 1.1599 5.25444
5.3849 1.16152 5.25444
5.38051 1.16104 5.25444
5.38895 1.16547 5.25444
5.39293 1.16862 5.25444
5.38917 1.16456 5.25444
5.3847 1.16179 5.25444
5.39473 1.16673 5.25444
5.37117 1.15939 5.25444
5.37066 1.15947 5.25444
5.38622 1.16585 5.25444
5.39474 1.17017 5.25444
5.36944 1.16034 5.25444
5.37564 1.16207 5.25444
5.38643 1.16653 5.25444
5.37132 1.16142 5.25444
5.37543 1.16293 5.25444
5.36995 1.16104 5.25444
5.37369 1.16164 5.25444
5.36337 1.15896 5.25444
5.37151 1.16369 5.25444
5.37464 1.16034 5.25444
5.37572 1.15986 5.25444
5.38202 1.16055 5.25444
5.36928 1.15835 5.25444
5.36568 1.15786 5.25444
5.36072 1.15744 5.25444
5.35734 1.15666 5.25444
5.36821 1.15904 5.25444
5.37495 1.16123 5.25444
5.38524 1.16376 5.25444
5.39487 1.16686 5.25444
5.4112 1.17193 5.25444
5.38307 1.16376 5.25444
5.38187 1.16541 5.25444
5.37856 1.16529 5.25444
5.38123 1.16618 5.25444
5.41387 1.18313 5.25444
5.46433 1.20529 5.25444
5.42063 1.18459 5.25444
5.39948 1.17377 5.25444
5.38287 1.16752 5.25444
5.36352 1.15983 5.25444
5.37637 1.16385 5.25444
5.35949 1.15765 5.25444
5.39657 1.17393 5.25444
5.3777 1.16382 5.25444
5.37317 1.16216 5.25444
5.37443 1.16213 5.25444
5.38051 1.16395 5.25444
5.39321 1.16686 5.25444
5.3976 1.16884 5.25444
5.37926 1.16348 5.25444
5.38855 1.16588 5.25444
5.37628 1.16199 5.25444
5.40056 1.16821 5.25444
5.45523 1.19097 5.25444
5.4193 1.17401 5.25444
5.41423 1.17173 5.25444
5.42698 1.17979 5.25444
5.41281 1.17034 5.25444
5.40767 1.16892 5.25444
5.4166 1.17035 5.25444
5.40949 1.16899 5.25444
5.41576 1.17005 5.25444
5.42943 1.17391 5.25444
5.42092 1.1711 5.25444
5.44216 1.17837 5.25444
5.44621 1.17829 5.25444
5.46664 1.18426 5.25444
5.45396 1.17646 5.25444
5.45582 1.17896 5.25444
5.45289 1.17843 5.25444
5.44806 1.17597 5.25444
5.44138 1.17504 5.25444
5.44511 1.17615 5.25444
5.43386 1.17433 5.25444
5.4404 1.178 5.25444
5.45124 1.18478 5.25444
5.4681 1.19081 5.25444
5.43946 1.18021 5.25444
5.44434 1.18168 5.25444
5.43459 1.17968 5.25444
5.44223 1.18361 5.25444
5.43502 1.18115 5.25444
5.43269 1.18161 5.25444
5.44634 1.18946 5.25444
5.41518 1.17453 5.25444
5.40645 1.17103 5.25444
5.40295 1.16988 5.25444
5.45559 1.19214 5.25444
5.45639 1.187 5.25444
5.44511 1.18122 5.25444
5.44298 1.18167 5.25444
5.44024 1.18121 5.25444
5.41695 1.17346 5.25444
5.41645 1.17259 5.25444
5.4297 1.17717 5.25444
5.39753 1.16586 5.25444
5.37678 1.161 5.25444
5.38132 1.16195 5.25444
5.38361 1.16273 5.25444
5.39552 1.16583 5.25444
5.40299 1.16817 5.25444
5.38128 1.1634 5.25444
5.38282 1.16349 5.25444
5.38383 1.16397 5.25444
5.38799 1.16511 5.25444
5.39978 1.16814 5.25444
5.39542 1.16651 5.25444
5.40216 1.16678 5.25444
5.40955 1.16709 5.25444
5.40843 1.16679 5.25444
5.40228 1.16594 5.25444
5.40444 1.16567 5.25444
5.39209 1.16329 5.25444
5.3826 1.1624 5.25444
5.39526 1.16459 5.25444
5.39558 1.16391 5.25444
5.39519 1.16476 5.25444
5.37993 1.1612 5.25444
5.37795 1.16087 5.25444
5.3699 1.15922 5.25444
5.37259 1.15913 5.25444
5.38199 1.16372 5.25444
5.37082 1.15882 5.25444
5.37412 1.15907 5.25444
5.37389 1.15887 5.25444
5.3837 1.1609 5.25444
5.38817 1.16485 5.25444
5.38412 1.16331 5.25444
5.43338 1.18722 5.25444
5.40851 1.17191 5.25444
5.42635 1.18199 5.25444
5.38455 1.16114 5.25444
5.41459 1.17395 5.25444
5.40908 1.16714 5.25444
5.39768 1.16097 5.25444
5.3862 1.16071 5.25444
5.38045 1.15922 5.25444
5.38383 1.15881 5.25444
5.44589 1.18954 5.25444
5.40635 1.16671 5.25444
5.56088 1.2513 5.25444
5.47312 1.19097 5.25444
5.46356 1.18381 5.25444
5.42708 1.1711 5.25444
5.41329 1.1649 5.25444
5.43226 1.1695 5.25444
5.43977 1.17313 5.25444
5.44968 1.17637 5.25444
5.45497 1.177 5.25444
5.44807 1.17474 5.25444
5.42117 1.16601 5.25444
5.41483 1.16484 5.25444
5.41647 1.1643 5.25444
5.41667 1.16506 5.25444
5.4148 1.16518 5.25444
5.4136 1.16525 5.25444
5.4435 1.17519 5.25444
5.43689 1.17064 5.25444
5.43745 1.17005 5.25444
5.4325 1.16732 5.25444
5.43794 1.16692 5.25444
5.45512 1.17547 5.25444
5.44909 1.17213 5.25444
5.45811 1.17666 5.25444
5.46527 1.17683 5.25444
5.47671 1.18047 5.25444
5.48351 1.18453 5.25444
5.47741 1.18195 5.25444
5.46693 1.17612 5.25444
5.46134 1.17172 5.25444
5.48717 1.18027 5.25444
5.47066 1.1741 5.25444
5.47944 1.17641 5.25444
5.47984 1.17447 5.25444
5.51368 1.186 5.25444
5.52613 1.18884 5.25444
5.51506 1.18455 5.25444
5.53884 1.19785 5.25444
5.51497 1.18864 5.25444
5.49526 1.17805 5.25444
5.49165 1.17828 5.25444
5.49112 1.17769 5.25444
5.49722 1.18033 5.25444
5.50541 1.18272 5.25444
5.51674 1.18691 5.25444
5.50468 1.18155 5.25444
5.51042 1.18375 5.25444
5.49034 1.17651 5.25444
5.50369 1.18078 5.25444
5.49949 1.17927 5.25444
5.50517 1.18167 5.25444
5.53275 1.1913 5.25444
5.54013 1.19359 5.25444
5.53732 1.19227 5.25444
5.5216 1.18755 5.25444
5.5211 1.1879 5.25444
5.53475 1.19372 5.25444
5.53756 1.19488 5.25444
5.53706 1.19653 5.25444
5.54201 1.19829 5.25444
5.54532 1.1976 5.25444
5.54741 1.19729 5.25444
5.5594 1.20223 5.25444
5.55449 1.20062 5.25444
5.5616 1.20699 5.25444
5.55182 1.21 5.25444
5.55985 1.21583 5.25444
5.5412 1.20923 5.25444
5.51443 1.19192 5.25444
5.51329 1.19135 5.25444
5.51513 1.19111 5.25444
5.56174 1.21575 5.25444
5.51008 1.1916 5.25444
5.53549 1.20508 5.25444
5.55336 1.21514 5.25444
5.53978 1.20928 5.25444
5.5349 1.20412 5.25444
5.53003 1.2023 5.25444
5.52224 1.19706 5.25444
5.53074 1.20384 5.25444
5.58254 1.23557 5.25444
5.5355 1.20798 5.25444
5.51548 1.19824 5.25444
5.49644 1.18659 5.25444
5.50635 1.19348 5.25444
5.47199 1.17593 5.25444
5.467 1.17303 5.25444
5.46229 1.17573 5.25444
5.48626 1.1899 5.25444
5.47511 1.18503 5.25444
5.46764 1.18037 5.25444
5.46434 1.17608 5.25444
5.46974 1.17993 5.25444
5.44403 1.16677 5.25444
5.45787 1.17135 5.25444
5.45231 1.16827 5.25444
5.44047 1.16458 5.25444
5.44707 1.16742 5.25444
5.45061 1.16753 5.25444
5.44562 1.16717 5.25444
5.44186 1.16612 5.25444
5.44028 1.16684 5.25444
5.47659 1.18387 5.25444
5.45229 1.17182 5.25444
5.47401 1.18071 5.25444
5.50282 1.19539 5.25444
5.4762 1.18412 5.25444
5.47106 1.18517 5.25444
5.44761 1.17601 5.25444
5.44255 1.17431 5.25444
5.43529 1.17192 5.25444
5.46152 1.18145 5.25444
5.4674 1.18369 5.25444
5.47938 1.19009 5.25444
5.46459 1.18445 5.25444
5.4414 1.17157 5.25444
5.46501 1.17873 5.25444
5.44684 1.17156 5.25444
5.45613 1.17782 5.25444
5.44545 1.17485 5.25444
5.43159 1.16729 5.25444
5.47245 1.19002 5.25444
5.45387 1.17935 5.25444
5.45639 1.17942 5.25444
5.43031 1.16591 5.25444
5.44236 1.17142 5.25444
5.48621 1.19344 5.25444
5.47385 1.18728 5.25444
5.47259 1.18566 5.25444
5.46073 1.18509 5.25444
5.45702 1.17946 5.25444
5.48088 1.19251 5.25444
5.48483 1.18835 5.25444
5.48354 1.18677 5.25444
5.50746 1.19848 5.25444
5.5739 1.2337 5.25444
5.51396 1.19822 5.25444
5.54945 1.21417 5.25444
5.51737 1.2011 5.25444
5.51616 1.20005 5.25444
5.50234 1.19389 5.25444
5.53621 1.20677 5.25444
5.50885 1.19561 5.25444
5.50119 1.19138 5.25444
5.48937 1.18645 5.25444
5.50729 1.19372 5.25444
5.49018 1.18467 5.25444
5.48449 1.1811 5.25444
5.48977 1.18193 5.25444
5.46679 1.17502 5.25444
5.46721 1.17508 5.25444
5.46171 1.17185 5.25444
5.47677 1.17456 5.25444
5.47987 1.17534 5.25444
5.47169 1.17185 5.25444
5.51077 1.19016 5.25444
5.47971 1.17661 5.25444
5.46949 1.1752 5.25444
5.46209 1.17381 5.25444
5.44764 1.17164 5.25444
5.48698 1.18616 5.25444
5.46724 1.17656 5.25444
5.45833 1.17326 5.25444
5.47895 1.183 5.25444
5.48182 1.18423 5.25444
5.49276 1.18857 5.25444
5.4776 1.18403 5.25444
5.49899 1.19332 5.25444
5.53517 1.20593 5.25444
5.51509 1.19888 5.25444
5.5097 1.19712 5.25444
5.49976 1.19325 5.25444
5.50753 1.19611 5.25444
5.48376 1.18616 5.25444
5.49036 1.18915 5.25444
5.50374 1.19298 5.25444
5.49363 1.18966 5.25444
5.48615 1.1856 5.25444
5.47118 1.18215 5.25444
5.46284 1.17766 5.25444
5.46212 1.17698 5.25444
5.4776 1.18076 5.25444
5.48708 1.17981 5.25444
5.51142 1.1947 5.25444
5.48353 1.18472 5.25444
5.50882 1.19141 5.25444
5.50156 1.18994 5.25444
5.47819 1.18089 5.25444
5.50438 1.19087 5.25444
5.49684 1.19048 5.25444
5.51356 1.19555 5.25444
5.5225 1.2014 5.25444
5.51701 1.19877 5.25444
5.48791 1.18622 5.25444
5.47876 1.18239 5.25444
5.46306 1.17976 5.25444
5.45732 1.17844 5.25444
5.46099 1.1784 5.25444
5.45862 1.17909 5.25444
5.49088 1.19421 5.25444
5.482 1.1905 5.25444
5.4546 1.1793 5.25444
5.47196 1.18546 5.25444
5.44577 1.17418 5.25444
5.44825 1.17403 5.25444
5.45356 1.17533 5.25444
5.51345 1.21046 5.25444
5.47711 1.18461 5.25444
5.46934 1.17905 5.25444
5.46559 1.17835 5.25444
5.47548 1.18056 5.25444
5.47486 1.18098 5.25444
5.46636 1.17819 5.25444
5.46641 1.17937 5.25444
5.49025 1.18717 5.25444
5.49449 1.18805 5.25444
5.52495 1.20182 5.25444
5.51429 1.19082 5.25444
5.54028 1.19883 5.25444
5.51479 1.19021 5.25444
5.49322 1.18348 5.25444
5.50122 1.18504 5.25444
5.50394 1.18634 5.25444
5.50918 1.18821 5.25444
5.48378 1.17741 5.25444
5.45949 1.17173 5.25444
5.46999 1.17633 5.25444
5.45558 1.17103 5.25444
5.47135 1.17597 5.25444
5.48241 1.18134 5.25444
5.46289 1.17273 5.25444
5.49345 1.18637 5.25444
5.47494 1.17731 5.25444
5.48032 1.18345 5.25444
5.46412 1.17769 5.25444
5.47745 1.18352 5.25444
5.47876 1.18428 5.25444
5.48411 1.19287 5.25444
5.47417 1.18873 5.25444
5.4827 1.19296 5.25444
5.45314 1.17257 5.25444
5.43998 1.16706 5.25444
5.48577 1.18798 5.25444
5.45685 1.17582 5.25444
5.45277 1.1753 5.25444
5.44651 1.17179 5.25444
5.45263 1.17422 5.25444
5.43037 1.16598 5.25444
5.43758 1.16832 5.25444
5.43965 1.16902 5.25444
5.44906 1.16968 5.25444
5.45811 1.17436 5.25444
5.46311 1.17514 5.25444
5.4776 1.18219 5.25444
5.471 1.18011 5.25444
5.48251 1.18229 5.25444
5.4811 1.1819 5.25444
5.48122 1.18094 5.25444
5.4743 1.1811 5.25444
5.45694 1.17562 5.25444
5.44511 1.1727 5.25444
5.45787 1.17813 5.25444
5.49294 1.19278 5.25444
5.49074 1.19744 5.25444
5.44067 1.17253 5.25444
5.45104 1.17775 5.25444
5.47548 1.19093 5.25444
5.44071 1.17821 5.25444
5.41959 1.16953 5.25444
5.39834 1.16367 5.25444
5.40037 1.16335 5.25444
5.39664 1.16281 5.25444
5.40007 1.16503 5.25444
5.41134 1.16823 5.25444
5.4069 1.16588 5.25444
5.40565 1.16632 5.25444
5.40271 1.16597 5.25444
5.39212 1.16223 5.25444
5.38318 1.1601 5.25444
5.3871 1.16075 5.25444
5.39155 1.16122 5.25444
5.40562 1.16659 5.25444
5.42216 1.17251 5.25444
5.43173 1.17624 5.25444
5.42381 1.1717 5.25444
5.41007 1.16683 5.25444
5.41559 1.17006 5.25444
5.41825 1.16976 5.25444
5.42716 1.17157 5.25444
5.44803 1.18238 5.25444
5.45926 1.18254 5.25444
5.46126 1.18157 5.25444
5.44603 1.17042 5.25444
5.47298 1.18382 5.25444
5.44059 1.16691 5.25444
5.43224 1.16584 5.25444
5.46146 1.18349 5.25444
5.43216 1.16549 5.25444
5.44358 1.16738 5.25444
5.44247 1.16685 5.25444
5.44527 1.16772 5.25444
5.44981 1.16894 5.25444
5.46186 1.17595 5.25444
5.44502 1.16639 5.25444
5.41722 1.16306 5.25444
5.42058 1.16616 5.25444
5.43302 1.16935 5.25444
5.43577 1.16717 5.25444
5.43198 1.16386 5.25444
5.43449 1.1639 5.25444
5.45242 1.16695 5.25444
5.4817 1.17691 5.25444
5.45908 1.16697 5.25444
5.4616 1.16845 5.25444
5.44918 1.16423 5.25444
5.43875 1.1618 5.25444
5.44042 1.16155 5.25444
5.44527 1.16241 5.25444
5.45144 1.16376 5.25444
5.43767 1.16047 5.25444
5.43761 1.16087 5.25444
5.44254 1.16198 5.25444
5.44064 1.16167 5.25444
5.44253 1.16196 5.25444
5.43886 1.16135 5.25444
5.44146 1.16232 5.25444
5.44204 1.16218 5.25444
5.45182 1.16646 5.25444
5.43846 1.16152 5.25444
5.43489 1.16076 5.25444
5.44567 1.16356 5.25444
5.4574 1.16698 5.25444
5.45054 1.16523 5.25444
5.47043 1.17175 5.25444
5.47673 1.17363 5.25444
5.47802 1.17663 5.25444
5.49351 1.18215 5.25444
5.47562 1.17511 5.25444
5.49907 1.18585 5.25444
5.47316 1.17428 5.25444
5.47981 1.17643 5.25444
5.47373 1.17259 5.25444
5.46572 1.17048 5.25444
5.46802 1.17195 5.25444
5.48483 1.18225 5.25444
5.48705 1.18306 5.25444
5.49255 1.18716 5.25444
5.48656 1.18511 5.25444
5.47296 1.1805 5.25444
5.47456 1.17915 5.25444
5.48554 1.1812 5.25444
5.48854 1.18126 5.25444
5.47959 1.17812 5.25444
5.49404 1.18259 5.25444
5.50335 1.18652 5.25444
5.48783 1.17863 5.25444
5.48532 1.17754 5.25444
5.4943 1.18127 5.25444
5.49595 1.1826 5.25444
5.48287 1.18011 5.25444
5.52334 1.20032 5.25444
5.51212 1.19544 5.25444
5.50345 1.18834 5.25444
5.50266 1.18634 5.25444
5.5243 1.19926 5.25444
5.54247 1.21122 5.25444
5.53021 1.19618 5.25444
5.49898 1.18303 5.25444
5.51014 1.18505 5.25444
5.50653 1.18456 5.25444
5.53531 1.20456 5.25444
5.48552 1.17964 5.25444
5.50323 1.18881 5.25444
5.50782 1.19293 5.25444
5.51418 1.19596 5.25444
5.51836 1.19537 5.25444
5.52644 1.19692 5.25444
5.53854 1.20497 5.25444
5.56532 1.20711 5.25444
5.57415 1.21467 5.25444
5.55809 1.20214 5.25444
5.5622 1.1987 5.25444
5.55762 1.19998 5.25444
5.55767 1.1989 5.25444
5.59314 1.2214 5.25444
5.55083 1.20245 5.25444
5.54666 1.19901 5.25444
5.55176 1.20131 5.25444
5.5481 1.19723 5.25444
5.57649 1.21305 5.25444
5.56364 1.20506 5.25444
5.56129 1.20303 5.25444
5.54654 1.19543 5.25444
5.53635 1.19384 5.25444
5.52825 1.1939 5.25444
5.50848 1.18553 5.25444
5.52266 1.18856 5.25444
5.52553 1.1894 5.25444
5.59038 1.22147 5.25444
5.55023 1.19424 5.25444
5.54957 1.19549 5.25444
5.54772 1.19679 5.25444
5.52794 1.18957 5.25444
5.50581 1.18363 5.25444
5.51175 1.18691 5.25444
5.57058 1.21738 5.25444
5.55132 1.20411 5.25444
5.50934 1.18709 5.25444
5.54884 1.20411 5.25444
5.52891 1.19411 5.25444
5.49494 1.18108 5.25444
5.50121 1.18384 5.25444
5.47164 1.17571 5.25444
5.47737 1.17692 5.25444
5.4729 1.17558 5.25444
5.48702 1.17956 5.25444
5.47818 1.17643 5.25444
5.49712 1.18218 5.25444
5.51937 1.18748 5.25444
5.51309 1.18428 5.25444
5.50537 1.18218 5.25444
5.48856 1.17957 5.25444
5.46437 1.17495 5.25444
5.52915 1.20097 5.25444
5.51145 1.187 5.25444
5.51607 1.19187 5.25444
5.49102 1.18045 5.25444
5.5151 1.19062 5.25444
5.51683 1.18983 5.25444
5.53275 1.20135 5.25444
5.53702 1.20441 5.25444
5.53946 1.20621 5.25444
5.5409 1.20624 5.25444
5.557 1.22717 5.25444
5.50597 1.19424 5.25444
5.5315 1.21699 5.25444
5.49014 1.20035 5.25444
5.46794 1.18978 5.25444
5.43792 1.17428 5.25444
5.42842 1.17001 5.25444
5.43283 1.17078 5.25444
5.4646 1.17635 5.25444
5.46422 1.18045 5.25444
5.52053 1.20024 5.25444
5.52685 1.19523 5.25444
5.52428 1.20309 5.25444
5.51107 1.19188 5.25444
5.52335 1.20116 5.25444
5.48579 1.18308 5.25444
5.51834 1.19767 5.25444
5.54066 1.19997 5.25444
5.5376 1.19446 5.25444
5.53406 1.19275 5.25444
5.54204 1.19388 5.25444
5.54188 1.19361 5.25444
5.53483 1.18945 5.25444
5.52907 1.1872 5.25444
5.53457 1.18823 5.25444
5.53829 1.18881 5.25444
5.5363 1.18934 5.25444
5.53436 1.18862 5.25444
5.53129 1.18787 5.25444
5.52563 1.18626 5.25444
5.52133 1.1858 5.25444
5.50583 1.18305 5.25444
5.5234 1.18937 5.25444
5.5445 1.19836 5.25444
5.52421 1.18689 5.25444
5.52319 1.18784 5.25444
5.52837 1.18892 5.25444
5.52374 1.1899 5.25444
5.52104 1.19013 5.25444
5.53943 1.19713 5.25444
5.51812 1.1903 5.25444
5.54543 1.20474 5.25444
5.53427 1.20232 5.25444
5.51051 1.19099 5.25444
5.49071 1.18559 5.25444
5.50915 1.18794 5.25444
5.5086 1.18515 5.25444
5.52907 1.19702 5.25444
5.5292 1.19988 5.25444
5.50712 1.18526 5.25444
5.50327 1.18988 5.25444
5.5375 1.21267 5.25444
5.55522 1.22349 5.25444
5.54845 1.21888 5.25444
5.54264 1.21447 5.25444
5.53337 1.20615 5.25444
5.52458 1.2029 5.25444
5.52477 1.20348 5.25444
5.50997 1.19814 5.25444
5.48948 1.18715 5.25444
5.48998 1.18471 5.25444
5.50218 1.18771 5.25444
5.50086 1.18775 5.25444
5.52283 1.19913 5.25444
5.5484 1.21462 5.25444
5.52509 1.20081 5.25444
5.52697 1.20147 5.25444
5.52602 1.19969 5.25444
5.51663 1.19772 5.25444
5.52127 1.19868 5.25444
5.52808 1.19853 5.25444
5.53216 1.20201 5.25444
5.55339 1.21759 5.25444
5.50163 1.18456 5.25444
5.50803 1.18759 5.25444
5.50216 1.18542 5.25444
5.49145 1.18415 5.25444
5.48205 1.18037 5.25444
5.50018 1.18745 5.25444
5.505 1.18932 5.25444
5.50215 1.18946 5.25444
5.48871 1.18592 5.25444
5.48152 1.18735 5.25444
5.48317 1.18968 5.25444
5.4655 1.181 5.25444
5.44636 1.17577 5.25444
5.45345 1.1749 5.25444
5.46026 1.18135 5.25444
5.48058 1.18722 5.25444
5.47729 1.18545 5.25444
5.45534 1.17757 5.25444
5.4505 1.1748 5.25444
5.46179 1.17732 5.25444
5.46717 1.17754 5.25444
5.47874 1.18057 5.25444
5.49325 1.18632 5.25444
5.49023 1.1846 5.25444
5.49054 1.1873 5.25444
5.5196 1.20457 5.25444
5.54053 1.21832 5.25444
5.53124 1.21471 5.25444
5.49909 1.18867 5.25444
5.52324 1.20655 5.25444
5.52291 1.20222 5.25444
5.50561 1.19523 5.25444
5.50504 1.19448 5.25444
5.49766 1.19351 5.25444
5.49847 1.19309 5.25444
5.51194 1.19675 5.25444
5.5294 1.20575 5.25444
5.50055 1.19439 5.25444
5.48376 1.19049 5.25444
5.48796 1.19039 5.25444
5.49172 1.189 5.25444
5.50064 1.19443 5.25444
5.49285 1.19088 5.25444
5.48435 1.18951 5.25444
5.48017 1.18893 5.25444
5.50431 1.19521 5.25444
5.54472 1.21185 5.25444
5.55592 1.21988 5.25444
5.52793 1.20685 5.25444
5.5562 1.22003 5.25444
5.588 1.23258 5.25444
5.55156 1.21239 5.25444
5.5533 1.2138 5.25444
5.5952 1.22629 5.25444
5.57984 1.2247 5.25444
5.57531 1.21895 5.25444
5.56257 1.21319 5.25444
5.55749 1.21103 5.25444
5.5741 1.21826 5.25444
5.55944 1.21267 5.25444
5.55204 1.20885 5.25444
5.53804 1.20384 5.25444
5.55178 1.207 5.25444
5.55223 1.20683 5.25444
5.56095 1.21024 5.25444
5.57641 1.22111 5.25444
5.59342 1.22987 5.25444
5.59795 1.23447 5.25444
5.58676 1.22683 5.25444
5.57698 1.21587 5.25444
5.58187 1.21586 5.25444
5.59788 1.22121 5.25444
5.58238 1.21367 5.25444
5.59084 1.21758 5.25444
5.57271 1.20955 5.25444
5.56366 1.20492 5.25444
5.56957 1.20512 5.25444
5.56757 1.20295 5.25444
5.54836 1.19843 5.25444
5.55895 1.20149 5.25444
5.57109 1.20509 5.25444
5.57776 1.2062 5.25444
5.58524 1.20864 5.25444
5.58992 1.21457 5.25444
5.5772 1.20978 5.25444
5.58311 1.21279 5.25444
5.55945 1.20363 5.25444
5.55406 1.20176 5.25444
5.53341 1.19659 5.25444
5.5293 1.19561 5.25444
5.52364 1.19308 5.25444
5.5266 1.19437 5.25444
5.52859 1.19608 5.25444
5.51842 1.19515 5.25444
5.52021 1.19773 5.25444
5.49165 1.18722 5.25444
5.50164 1.19214 5.25444
5.5034 1.19128 5.25444
5.48862 1.18727 5.25444
5.48024 1.18681 5.25444
5.48254 1.18936 5.25444
5.48887 1.19087 5.25444
5.48937 1.19063 5.25444
5.49501 1.1915 5.25444
5.53524 1.20542 5.25444
5.5061 1.19414 5.25444
5.49798 1.19197 5.25444
5.51024 1.19741 5.25444
5.46882 1.18227 5.25444
5.4568 1.17849 5.25444
5.47252 1.18177 5.25444
5.48053 1.18585 5.25444
5.49475 1.19276 5.25444
5.488 1.18985 5.25444
5.52122 1.20222 5.25444
5.56934 1.22805 5.25444
5.51176 1.19895 5.25444
5.48738 1.18677 5.25444
5.47969 1.18233 5.25444
5.48372 1.1852 5.25444
5.47974 1.18101 5.25444
5.48335 1.1812 5.25444
5.48999 1.18797 5.25444
5.4963 1.19295 5.25444
5.47315 1.18372 5.25444
5.46714 1.18184 5.25444
5.4531 1.17893 5.25444
5.46653 1.1836 5.25444
5.45348 1.17985 5.25444
5.43831 1.17384 5.25444
5.45145 1.17635 5.25444
5.4515 1.17706 5.25444
5.4378 1.17438 5.25444
5.4409 1.1751 5.25444
5.47981 1.19221 5.25444
5.54686 1.22984 5.25444
5.52407 1.21239 5.25444
5.46637 1.18199 5.25444
5.4661 1.1833 5.25444
5.47914 1.1862 5.25444
5.4735 1.18369 5.25444
5.49347 1.19162 5.25444
5.49901 1.19203 5.25444
5.51354 1.19685 5.25444
5.52292 1.19984 5.25444
5.53578 1.20509 5.25444
5.52794 1.20038 5.25444
5.53541 1.20369 5.25444
5.52233 1.19839 5.25444
5.53557 1.20383 5.25444
5.52406 1.20116 5.25444
5.52596 1.20394 5.25444
5.52169 1.20178 5.25444
5.52914 1.20383 5.25444
5.54121 1.20904 5.25444
5.53323 1.20443 5.25444
5.55154 1.21298 5.25444
5.60195 1.23405 5.25444
5.57791 1.22179 5.25444
5.55237 1.20829 5.25444
5.54499 1.20654 5.25444
5.54996 1.20819 5.25444
5.56864 1.21358 5.25444
5.54576 1.20433 5.25444
5.54971 1.20567 5.25444
5.5448 1.20339 5.25444
5.58175 1.22153 5.25444
5.60186 1.2318 5.25444
5.56683 1.21262 5.25444
5.56206 1.20933 5.25444
5.56793 1.21086 5.25444
5.57127 1.21147 5.25444
5.57451 1.21238 5.25444
5.57244 1.21184 5.25444
5.58181 1.21456 5.25444
5.59878 1.22257 5.25444
5.60862 1.22737 5.25444
5.6253 1.23564 5.25444
5.61448 1.23127 5.25444
5.58666 1.21465 5.25444
5.58747 1.21419 5.25444
5.59553 1.22099 5.25444
5.58129 1.21424 5.25444
5.59013 1.21903 5.25444
5.56577 1.20977 5.25444
5.55853 1.20996 5.25444
5.56182 1.21576 5.25444
5.56429 1.21759 5.25444
5.54628 1.20837 5.25444
5.57298 1.21675 5.25444
5.56925 1.21379 5.25444
5.58258 1.21799 5.25444
5.58871 1.21722 5.25444
5.58526 1.21799 5.25444
5.58403 1.21963 5.25444
5.56918 1.21377 5.25444
5.56775 1.21384 5.25444
5.59335 1.22394 5.25444
5.58027 1.21921 5.25444
5.63201 1.24786 5.25444
5.59627 1.22696 5.25444
5.57286 1.21337 5.25444
5.58783 1.22094 5.25444
5.6136 1.23633 5.25444
5.56796 1.21375 5.25444
5.58855 1.22329 5.25444
5.6442 1.25517 5.25444
5.62093 1.24362 5.25444
5.64015 1.25465 5.25444
5.67412 1.27531 5.25444
5.59204 1.2252 5.25444
5.60449 1.23126 5.25444
5.60162 1.23085 5.25444
5.60793 1.23235 5.25444
5.58595 1.22206 5.25444
5.60121 1.22781 5.25444
5.5955 1.2262 5.25444
5.59381 1.22292 5.25444
5.59559 1.22341 5.25444
5.57986 1.21858 5.25444
5.58017 1.21815 5.25444
5.57783 1.21683 5.25444
5.59036 1.22244 5.25444
5.60393 1.22672 5.25444
5.62908 1.24264 5.25444
5.59658 1.22316 5.25444
5.58221 1.21625 5.25444
5.58271 1.21753 5.25444
5.58419 1.21693 5.25444
5.58087 1.21505 5.25444
5.57227 1.21254 5.25444
