15.5019 9.33386 13.4914
15.173 8.82101 13.4914
14.8583 8.56068 13.2053
14.6467 8.38094 12.7587
14.2504 8.03867 12.676
14.0638 7.80828 12.5452
13.9907 7.76013 12.5452
13.989 7.76368 12.5452
13.9774 7.7774 12.5452
13.9408 7.7173 12.5452
13.67 7.33758 12.3759
13.4519 7.12142 11.9147
13.2956 6.91438 11.9147
13.112 6.75061 11.9147
13.0575 6.71507 11.9147
12.8558 6.50015 11.5565
12.8263 6.46424 11.5565
12.6608 6.30093 11.3903
12.5936 6.25359 11.067
12.6137 6.26453 10.3241
12.3612 6.1057 10.2739
11.9813 5.80649 9.98305
11.652 5.52848 9.98305
11.2543 5.16972 9.98305
11.0046 4.95928 9.86474
10.7079 4.67969 9.53213
10.3919 4.31745 9.53213
10.366 4.28603 9.18123
10.3405 4.22758 9.18123
10.3015 4.21985 9.18123
10.1881 4.124 9.18123
10.2255 4.1255 9.18123
10.1193 4.01811 9.18123
10.0245 3.92319 9.18123
10.061 3.95301 9.14973
10.0428 3.93973 9.14973
10.0443 3.98206 9.10091
10.0331 3.95154 9.05636
9.90504 3.78871 9.05636
9.95181 3.82122 9.05636
9.90773 3.80231 9.05636
9.8729 3.78366 8.88638
9.8138 3.73039 8.88638
9.67089 3.59861 8.88638
9.70195 3.63714 8.88638
9.73621 3.65334 8.88638
9.69777 3.63052 8.88638
9.75343 3.66721 8.88638
9.75098 3.65371 8.88638
9.6653 3.59691 8.35359
9.65741 3.58529 8.35359
9.632 3.60918 8.29394
9.6213 3.62599 8.29394
9.56433 3.61334 8.29394
9.52173 3.57892 8.29394
9.5672 3.6461 8.29394
9.49078 3.59269 8.29394
9.43246 3.51599 8.29394
9.53283 3.62709 8.29394
9.50103 3.58767 8.29394
9.56293 3.64361 8.29394
9.58121 3.61446 8.29394
9.55878 3.64842 8.29394
9.5637 3.64138 8.29394
9.56594 3.63803 8.29394
9.61627 3.71204 8.29394
9.66537 3.74506 8.29394
9.57471 3.58437 8.29394
9.51566 3.52956 8.29394
9.43828 3.48737 8.29394
9.46594 3.52293 8.29394
9.49031 3.58034 8.29394
9.46758 3.53096 8.29394
9.50091 3.55573 8.29394
9.55748 3.57792 8.29394
9.62302 3.61225 8.29394
9.6147 3.56974 8.29394
9.62806 3.61693 8.29394
9.51544 3.56945 8.29394
9.37008 3.44242 8.29394
9.30973 3.37603 8.29394
9.29046 3.33291 8.29394
9.3011 3.34594 8.29394
9.331 3.39226 8.29394
9.19485 3.30556 8.29394
9.02704 3.19439 8.29394
9.04258 3.17878 8.29251
8.95004 3.11114 8.29251
8.879 3.05509 8.29251
8.85619 3.05508 8.08806
8.88676 3.05858 8.08806
8.78504 3.00543 7.8871
8.64063 2.89117 7.8871
8.51512 2.79447 7.7893
8.58296 2.84306 7.7893
8.63655 2.8796 7.7893
8.56262 2.83714 7.7893
8.61331 2.87414 7.7893
8.53314 2.82946 7.7893
8.37443 2.72435 7.7886
8.11445 2.60211 7.75157
8.0859 2.58708 7.74892
8.03655 2.54853 7.63321
7.99637 2.51982 7.63321
7.97242 2.51828 7.34948
7.96209 2.49968 7.34948
7.95732 2.49054 7.34948
7.94206 2.49319 7.34948
7.98377 2.51559 7.34948
7.95788 2.4988 7.34948
7.95155 2.49447 7.34948
7.93306 2.49402 7.34948
7.90445 2.48577 7.34948
7.88852 2.47981 7.34948
7.88478 2.47468 7.34948
7.88447 2.48352 7.34948
7.87862 2.47852 7.34948
7.85775 2.46799 7.34948
7.88197 2.47614 7.34948
7.87441 2.47003 7.34948
7.88195 2.4671 7.34948
7.90505 2.48352 7.34948
7.90753 2.48516 7.34948
7.96569 2.52511 7.34948
7.89025 2.47154 7.34948
7.91161 2.48728 7.34948
7.9496 2.51719 7.34948
7.9384 2.50707 7.34948
7.91448 2.48427 7.34948
7.9608 2.51546 7.34948
7.942 2.50341 7.34948
7.99465 2.55127 7.34948
7.96604 2.52654 7.34948
7.97782 2.5374 7.34948
7.94506 2.50213 7.34948
7.93811 2.48838 7.34948
7.91564 2.49031 7.34948
7.94373 2.51518 7.34948
7.89049 2.47865 7.34948
7.94429 2.50008 7.34948
7.94721 2.50223 7.34948
7.87811 2.46245 7.34948
7.83009 2.43223 7.34948
7.86018 2.45729 7.34948
7.85064 2.44284 7.34948
7.86794 2.46897 7.34948
7.89729 2.48977 7.34948
7.91806 2.50714 7.34948
7.87935 2.49634 7.34948
7.86754 2.47857 7.34948
7.85417 2.47207 7.34948
7.8153 2.44762 7.25288
7.86566 2.48386 7.25288
7.86643 2.47879 7.25288
7.92094 2.52322 7.25288
7.88327 2.4977 7.25288
7.91353 2.51384 7.25288
7.89719 2.48899 7.25288
7.89216 2.47752 7.25288
7.83409 2.44743 6.54257
7.87132 2.4748 6.2575
7.87081 2.47178 6.2575
7.87062 2.48259 6.2575
7.92225 2.51345 6.2575
7.89053 2.48123 6.2575
7.87959 2.47957 6.2575
7.87292 2.47199 6.2575
7.88235 2.4898 6.2575
7.81977 2.44472 6.2575
7.83425 2.45731 6.2575
7.9176 2.51092 6.2575
7.87693 2.48642 6.2575
7.81251 2.45914 6.2575
7.819 2.47137 6.2575
7.75663 2.42408 6.2575
7.72249 2.4136 6.2575
7.74082 2.42839 6.2575
7.72305 2.43556 6.2575
7.68679 2.40503 6.2575
7.72572 2.43116 5.9516
7.65384 2.38193 5.9516
7.52972 2.33301 5.9516
7.24376 2.16578 5.9516
6.74577 1.9551 5.9516
6.3698 1.73373 5.9516
6.21243 1.65543 5.89998
6.10468 1.58613 5.89998
6.05593 1.55676 5.89998
6.06828 1.55881 5.89998
6.03208 1.54285 5.89998
6.03081 1.54077 5.89998
6.01335 1.53282 5.89998
5.99179 1.51876 5.88449
5.99865 1.51907 5.85309
6.00475 1.52002 5.85309
5.99013 1.51778 5.85309
5.9958 1.5216 5.76663
6.00003 1.52464 5.76663
6.00247 1.52658 5.76663
6.00773 1.52977 5.76663
5.99991 1.52211 5.76663
6.03614 1.54374 5.76663
6.05855 1.55195 5.76663
6.03399 1.54391 5.76663
6.05246 1.55738 5.76663
6.04965 1.553 5.76663
6.03476 1.54208 5.76663
6.00911 1.52602 5.76663
6.08206 1.56156 5.71036
6.02241 1.53366 5.71036
6.06886 1.55875 5.71036
6.04866 1.54516 5.71036
6.06992 1.55128 5.71036
6.09667 1.56487 5.71036
6.06247 1.54221 5.71036
6.02996 1.52845 5.71036
6.02078 1.52403 5.71036
6.01211 1.5217 5.71036
6.04887 1.53668 5.71036
6.03771 1.53293 5.71036
6.04717 1.5368 5.71036
6.10331 1.57084 5.71036
6.12689 1.57261 5.71036
6.13609 1.58443 5.71036
6.08527 1.54483 5.71036
6.122 1.56997 5.71036
6.03162 1.52934 5.71036
6.03447 1.53096 5.71036
6.01766 1.52278 5.71036
6.00378 1.51645 5.71036
5.99663 1.51323 5.71036
5.99969 1.51267 5.71036
6.01241 1.51381 5.71036
6.03356 1.51924 5.71036
6.03909 1.5198 5.71036
6.04826 1.51968 5.71036
6.05187 1.52024 5.71036
6.05294 1.5182 5.71036
6.0649 1.5223 5.71036
6.05586 1.5193 5.71036
6.08564 1.53476 5.71036
6.06484 1.528 5.71036
6.11299 1.55143 5.71036
6.09558 1.53896 5.71036
6.0823 1.5319 5.71036
6.10109 1.54816 5.71036
6.09874 1.54343 5.71036
6.12446 1.5569 5.71036
6.12505 1.56222 5.71036
6.08645 1.54356 5.71036
6.08673 1.5307 5.71036
6.09017 1.53135 5.71036
6.1049 1.54534 5.71036
6.08015 1.53234 5.71036
6.08469 1.53801 5.71036
6.07 1.53784 5.71036
6.06159 1.52864 5.71036
6.05692 1.52169 5.71036
6.05694 1.51915 5.71036
6.08599 1.53816 5.71036
6.07034 1.52493 5.71036
6.08445 1.53209 5.71036
6.08862 1.53581 5.71036
6.07417 1.53039 5.71036
6.12047 1.5527 5.71036
6.09764 1.53874 5.71036
6.09807 1.53764 5.71036
6.10677 1.54395 5.71036
6.09144 1.53721 5.71036
6.11202 1.54457 5.71036
6.10216 1.54112 5.71036
6.08734 1.53646 5.71036
6.15713 1.56626 5.71036
6.12725 1.55114 5.71036
6.15216 1.56113 5.71036
6.16237 1.56303 5.71036
6.12628 1.54637 5.71036
6.10468 1.5381 5.71036
6.12168 1.54447 5.71036
6.13397 1.54767 5.71036
6.12599 1.54298 5.71036
6.10531 1.53653 5.71036
6.10171 1.53209 5.71036
6.10567 1.53175 5.71036
6.10295 1.52656 5.71036
6.09274 1.52176 5.66924
6.11012 1.52836 5.66924
6.08321 1.51182 5.66924
6.05157 1.49656 5.66924
5.98817 1.45995 5.66924
5.99712 1.46538 5.66924
5.95131 1.43369 5.66924
5.89375 1.39877 5.66924
5.85406 1.37807 5.66924
5.79099 1.34099 5.66924
5.73878 1.31529 5.66924
5.72657 1.31108 5.66924
5.7355 1.31511 5.66924
5.73513 1.31469 5.56462
5.75973 1.32272 5.56462
5.73885 1.31306 5.56462
5.73683 1.31139 5.56462
5.73966 1.31146 5.56462
5.73461 1.31055 5.48426
5.7273 1.30823 5.48426
5.73692 1.31078 5.48426
5.75416 1.31604 5.48426
5.75316 1.31655 5.48426
5.75816 1.31594 5.48426
5.75227 1.31704 5.48426
5.75822 1.31893 5.48426
5.77967 1.32508 5.48426
5.79282 1.32986 5.48426
5.80476 1.33423 5.48426
5.81649 1.33629 5.48426
5.83625 1.34353 5.48426
5.84207 1.34723 5.48426
5.83878 1.34215 5.48426
5.82199 1.33395 5.48426
5.82058 1.33334 5.48426
5.81595 1.33059 5.48426
5.80565 1.33067 5.48426
5.8328 1.34291 5.48426
5.83479 1.34937 5.48426
5.7959 1.32655 5.48426
5.80306 1.33076 5.48426
5.79873 1.32644 5.48426
5.81257 1.33033 5.48426
5.80862 1.32905 5.48426
5.80753 1.33001 5.48426
5.80505 1.33009 5.48426
5.81872 1.33359 5.48426
5.84818 1.3418 5.48426
5.81891 1.3339 5.48426
5.85217 1.35095 5.48426
5.79479 1.32673 5.48426
5.80712 1.33055 5.48426
5.7931 1.32197 5.48426
5.79267 1.32341 5.48426
5.83064 1.3454 5.48426
5.85781 1.36517 5.48426
5.82289 1.33364 5.48426
5.86771 1.36377 5.48426
5.85822 1.3576 5.48426
5.87672 1.36824 5.48426
5.8572 1.35616 5.48426
5.84833 1.34864 5.48426
5.82269 1.34024 5.48426
5.83708 1.34612 5.48426
5.84305 1.35213 5.48426
5.82948 1.34664 5.48426
5.81757 1.34567 5.48426
5.83891 1.35316 5.48426
5.83375 1.34438 5.48426
5.80558 1.33434 5.48426
5.79318 1.32177 5.48426
5.85562 1.36291 5.48426
5.79853 1.33338 5.48426
5.81164 1.33912 5.48426
5.80993 1.34066 5.48426
5.81231 1.34558 5.48426
5.75491 1.31806 5.48426
5.75313 1.32346 5.48426
5.74543 1.32062 5.48426
5.77276 1.33329 5.48426
5.76084 1.31838 5.48426
5.77774 1.3292 5.48426
5.77134 1.32303 5.48426
5.78633 1.32795 5.48426
5.78461 1.32945 5.48426
5.77366 1.31474 5.48426
5.75987 1.30891 5.48426
5.73916 1.30444 5.48426
5.74785 1.30391 5.48426
5.74388 1.29586 5.48426
5.73582 1.29004 5.48426
5.7521 1.29418 5.48426
5.75199 1.29055 5.48426
5.76412 1.30085 5.48426
5.72582 1.28148 5.48426
5.71912 1.27574 5.48426
5.73738 1.28067 5.48426
5.75822 1.295 5.48426
5.73583 1.28787 5.48426
5.73013 1.29117 5.48426
5.74004 1.29288 5.48426
5.72813 1.28877 5.48426
5.75237 1.29831 5.48426
5.78054 1.31469 5.48426
5.74322 1.30205 5.48426
5.78334 1.32774 5.48426
5.74389 1.3001 5.48426
5.73422 1.29351 5.48426
5.7322 1.29038 5.48426
5.74413 1.29456 5.4549
5.73074 1.28532 5.4549
5.74231 1.2899 5.4549
5.71871 1.27409 5.4549
5.74908 1.29091 5.4549
5.72263 1.27854 5.4549
5.71632 1.27464 5.4549
5.75792 1.29567 5.4549
5.75783 1.29957 5.4549
5.72651 1.27838 5.4549
5.7241 1.27415 5.4549
5.72306 1.26906 5.4549
5.69334 1.25457 5.4549
5.681 1.24867 5.4549
5.66955 1.23901 5.4549
5.70668 1.26035 5.41235
5.66749 1.23808 5.41235
5.65398 1.23138 5.41235
5.64899 1.22785 5.41235
5.72996 1.26959 5.41235
5.6932 1.24702 5.41235
5.66081 1.23012 5.41235
5.67356 1.23464 5.41235
5.66746 1.23383 5.41235
5.67181 1.23821 5.41235
5.68401 1.24653 5.40545
5.6792 1.24022 5.40545
5.68144 1.24097 5.40545
5.69194 1.24609 5.40545
5.69446 1.24791 5.40545
5.6806 1.23748 5.40545
5.68026 1.23755 5.40545
5.69539 1.2463 5.40545
5.70612 1.25422 5.40545
5.66696 1.23338 5.40545
5.66106 1.23343 5.40545
5.65309 1.22969 5.40545
5.65006 1.22997 5.39103
5.63256 1.22117 5.39103
5.64232 1.22439 5.39103
5.63048 1.22035 5.39103
5.64992 1.22786 5.39103
5.66089 1.23094 5.39103
5.66653 1.23291 5.39103
5.68368 1.24474 5.39103
5.68577 1.24538 5.39103
5.72953 1.27197 5.39103
5.66706 1.23443 5.39103
5.64234 1.22396 5.39103
5.64252 1.22445 5.39103
5.63491 1.22038 5.39103
5.64273 1.22303 5.39103
5.64771 1.2244 5.39103
5.65816 1.2293 5.39103
5.65819 1.23069 5.39103
5.67569 1.23861 5.39103
5.65138 1.22733 5.39103
5.68642 1.24887 5.39103
5.68378 1.24739 5.39103
5.71657 1.25994 5.39103
5.68265 1.24144 5.39103
5.67572 1.23629 5.39103
5.68396 1.23734 5.39103
5.68466 1.2383 5.39103
5.66184 1.23046 5.39103
5.66124 1.23237 5.31078
5.64511 1.22534 5.31078
5.63802 1.22233 5.31078
5.64032 1.22356 5.31078
5.62945 1.21966 5.31078
5.63563 1.22225 5.31078
5.64357 1.22476 5.31078
5.63634 1.22148 5.31078
5.62454 1.21699 5.31078
5.63713 1.22227 5.31078
5.64707 1.22686 5.31078
5.65177 1.22939 5.31078
5.63825 1.22289 5.31078
5.63909 1.22205 5.31078
5.6509 1.2251 5.31078
5.6722 1.23261 5.31078
5.66705 1.23192 5.31078
5.6572 1.22845 5.31078
5.67233 1.23471 5.31078
5.65054 1.22735 5.31078
5.63423 1.22197 5.31078
5.64906 1.2267 5.31078
5.65138 1.22785 5.31078
5.65326 1.22966 5.31078
5.73346 1.27805 5.31078
5.70809 1.25783 5.31078
5.68678 1.24411 5.31078
5.69161 1.24448 5.31078
5.71158 1.25512 5.31078
5.70506 1.2507 5.31078
5.71668 1.25469 5.31078
5.72091 1.2561 5.31078
5.70015 1.24848 5.31078
5.68569 1.23928 5.31078
5.66525 1.22822 5.31078
5.67045 1.23133 5.31078
5.67267 1.23295 5.31078
5.71185 1.25342 5.31078
5.67494 1.23724 5.31078
5.67599 1.23743 5.31078
5.6705 1.23604 5.31078
5.67797 1.24113 5.31078
5.67275 1.23874 5.31078
5.67582 1.24117 5.31078
5.67592 1.23836 5.31078
5.66385 1.23772 5.31078
5.65327 1.23556 5.31078
5.66608 1.2382 5.31078
5.67733 1.24086 5.31078
5.6687 1.23678 5.31078
5.68808 1.24766 5.31078
5.70346 1.2527 5.31078
5.71006 1.25484 5.31078
5.69711 1.24792 5.31078
5.68516 1.24096 5.31078
5.68987 1.24648 5.31078
5.70072 1.2487 5.31078
5.68726 1.24289 5.31078
5.69888 1.24642 5.31078
5.69102 1.24182 5.31078
5.68297 1.23866 5.31078
5.67081 1.23426 5.31078
5.68621 1.24044 5.31078
5.68954 1.24297 5.31078
5.67533 1.23828 5.31078
5.65687 1.23358 5.31078
5.65972 1.23418 5.31078
5.62873 1.22364 5.31078
5.62288 1.22177 5.31078
5.62751 1.22385 5.31078
5.62905 1.22682 5.31078
5.63749 1.22965 5.31078
5.62704 1.22784 5.31078
5.62122 1.22727 5.31078
5.65282 1.2373 5.31078
5.67221 1.25244 5.31078
5.63524 1.23449 5.31078
5.60908 1.22661 5.31078
5.59682 1.22163 5.27065
5.62799 1.23014 5.27065
5.62396 1.22815 5.27065
5.62653 1.23404 5.27065
5.62529 1.24155 5.27065
5.58203 1.21948 5.27065
5.55374 1.21067 5.27065
5.47119 1.18927 5.27065
5.45085 1.18375 5.25444
5.55733 1.23642 5.25444
5.50668 1.20583 5.25444
5.47283 1.19188 5.25444
5.4835 1.19587 5.25444
5.52686 1.22144 5.25444
5.46349 1.19066 5.25444
5.4537 1.18711 5.25444
5.46405 1.19061 5.25444
5.42278 1.17831 5.25444
5.42615 1.17936 5.25444
5.39965 1.17152 5.25444
5.3827 1.16608 5.25444
5.36376 1.15992 5.25444
5.37753 1.16477 5.25444
5.3941 1.17123 5.25444
5.3615 1.15947 5.25444
5.39059 1.16596 5.25444
5.41419 1.17987 5.25444
5.39617 1.16815 5.25444
5.40402 1.17195 5.25444
5.40916 1.17357 5.25444
5.43243 1.18536 5.25444
5.42988 1.1786 5.25444
5.41796 1.16978 5.25444
5.45795 1.18238 5.25444
5.44433 1.17606 5.25444
5.44002 1.17396 5.25444
5.44272 1.17376 5.25444
5.43114 1.17 5.25444
5.42328 1.16613 5.25444
5.43459 1.16921 5.25444
5.42798 1.16573 5.25444
5.43677 1.16701 5.25444
5.4309 1.16437 5.25444
5.44584 1.1674 5.25444
5.44364 1.16532 5.25444
5.46988 1.17479 5.25444
5.47348 1.17771 5.25444
5.4659 1.17263 5.25444
5.4376 1.16403 5.25444
5.41773 1.15867 5.25444
5.41799 1.1611 5.25444
5.40519 1.1558 5.25444
5.41229 1.1579 5.25444
5.41867 1.15987 5.25444
5.42467 1.16097 5.25444
5.42628 1.16191 5.25444
5.43414 1.16254 5.25444
5.42987 1.16038 5.25444
5.43285 1.16169 5.25444
5.42605 1.15971 5.25444
5.41655 1.15527 5.25444
5.43836 1.16741 5.25444
5.49234 1.19903 5.25444
5.49105 1.19322 5.25444
5.50425 1.19611 5.25444
5.57225 1.23956 5.25444
5.49403 1.19186 5.25444
5.52768 1.21243 5.25444
5.47362 1.17552 5.25444
5.45835 1.16698 5.25444
5.45253 1.1634 5.25444
5.45656 1.16483 5.25444
5.43904 1.15958 5.25444
5.41877 1.15441 5.25444
5.42917 1.15804 5.25444
5.46311 1.18244 5.25444
5.40574 1.15241 5.25444
5.40575 1.15059 5.25444
5.40562 1.15215 5.25444
5.39996 1.15083 5.25444
5.38426 1.14748 5.25444
5.39019 1.14778 5.25444
5.39974 1.14892 5.25444
5.40079 1.15005 5.25444
5.40987 1.15522 5.25444
5.38798 1.14621 5.25444
5.39063 1.14598 5.25444
5.38954 1.14634 5.25444
5.38602 1.14473 5.25444
5.38718 1.14458 5.25444
5.38865 1.14466 5.25444
5.38406 1.14372 5.25444
5.39684 1.14811 5.25444
5.38962 1.14578 5.25444
5.39705 1.14931 5.25444
5.40886 1.15395 5.25444
5.398 1.15106 5.25444
5.39729 1.15272 5.25444
5.39209 1.15186 5.25444
5.40121 1.15752 5.25444
5.4336 1.17854 5.25444
5.42022 1.16817 5.25444
5.38793 1.15331 5.25444
5.40441 1.16341 5.25444
5.39161 1.15342 5.25444
5.40292 1.16403 5.25444
5.39406 1.1637 5.25444
5.3707 1.14859 5.25444
5.37229 1.14832 5.25444
5.37336 1.14666 5.25444
5.36931 1.14815 5.25444
5.36906 1.14652 5.25444
5.37699 1.14874 5.25444
5.38915 1.15647 5.25444
5.38945 1.15613 5.25444
5.38015 1.14986 5.25444
5.3682 1.14596 5.25444
5.36984 1.14872 5.25444
5.3809 1.15548 5.25444
5.37207 1.14828 5.25444
5.40164 1.15961 5.25444
5.40607 1.16335 5.25444
5.38554 1.15035 5.25444
5.37095 1.14663 5.25444
5.36754 1.1453 5.25444
5.37438 1.15022 5.25444
5.39963 1.15986 5.25444
5.42947 1.1787 5.25444
5.39188 1.1603 5.25444
5.35423 1.14636 5.25444
5.38441 1.15637 5.25444
5.34088 1.14082 5.25444
5.34169 1.14198 5.25444
5.33426 1.13943 5.25444
5.35201 1.14338 5.25444
5.37709 1.15617 5.25444
5.36103 1.15458 5.25444
5.32916 1.1414 5.25444
5.32534 1.14086 5.25444
5.34542 1.14719 5.25444
5.37425 1.17098 5.25444
5.36903 1.16558 5.25444
5.33888 1.14664 5.25444
5.37658 1.16924 5.25444
5.33998 1.15158 5.25444
5.32209 1.13836 5.25444
5.32366 1.13861 5.25444
5.34062 1.15021 5.25444
5.31401 1.14103 5.25444
5.3089 1.13519 5.25444
5.31023 1.13535 5.25444
5.32367 1.13697 5.25444
5.32721 1.13635 5.25444
5.33012 1.13646 5.25444
5.33149 1.13695 5.25444
5.33854 1.13779 5.25444
5.33688 1.13676 5.25444
5.33676 1.13651 5.25444
5.34957 1.14004 5.25444
5.39504 1.16359 5.25444
5.43482 1.1844 5.25444
5.3905 1.16066 5.25444
5.37252 1.14947 5.25444
5.34666 1.13812 5.25444
5.35201 1.14038 5.25444
5.34839 1.1388 5.25444
5.35759 1.1429 5.25444
5.35527 1.14231 5.25444
5.36581 1.14505 5.25444
5.3658 1.14678 5.25444
5.38108 1.15453 5.25444
5.38035 1.15232 5.25444
5.38152 1.15193 5.25444
5.36287 1.14585 5.25444
5.35087 1.14447 5.25444
5.35818 1.14862 5.25444
5.37874 1.15472 5.25444
5.36592 1.14924 5.25444
5.36799 1.14916 5.25444
5.37402 1.15119 5.25444
5.37238 1.14983 5.25444
5.36422 1.14636 5.25444
5.3592 1.14415 5.25444
5.36736 1.14752 5.25444
5.38298 1.15226 5.25444
5.37101 1.14844 5.25444
5.36993 1.14924 5.25444
5.36419 1.14769 5.24755
5.38676 1.15535 5.24755
5.37643 1.15321 5.24755
5.37664 1.15345 5.24755
5.35301 1.14583 5.24755
5.34406 1.14292 5.24755
5.33439 1.14197 5.24755
5.31066 1.13483 5.24755
5.3304 1.1412 5.24755
5.32187 1.13583 5.24755
5.35193 1.14924 5.24755
5.38193 1.16802 5.24755
5.34871 1.14664 5.24755
5.324 1.13692 5.24755
5.33994 1.14253 5.24755
5.33368 1.13875 5.24755
5.34697 1.13997 5.24755
5.34758 1.14126 5.24755
5.33598 1.13979 5.24755
5.32867 1.13621 5.24755
5.3183 1.13375 5.24755
5.33134 1.14002 5.24755
5.35723 1.15446 5.24755
5.32708 1.13811 5.24755
5.3407 1.14421 5.24755
5.33638 1.14345 5.24755
5.32948 1.142 5.24755
5.33429 1.14815 5.24755
5.33525 1.14955 5.24755
5.32156 1.14489 5.24755
5.34428 1.15094 5.24755
5.33626 1.14822 5.24755
5.3356 1.14902 5.24755
5.31863 1.14554 5.24755
5.31885 1.14719 5.24755
5.30668 1.14051 5.24755
5.3118 1.14151 5.24755
5.30228 1.1395 5.24755
5.30524 1.13962 5.24755
5.31159 1.1408 5.24755
5.3086 1.14191 5.24755
5.30456 1.14013 5.24755
5.31488 1.14285 5.24755
5.3369 1.15231 5.24755
5.33352 1.14767 5.24755
5.33144 1.14574 5.24755
5.3443 1.14686 5.24755
5.32466 1.14183 5.24755
5.33273 1.14419 5.24755
5.32568 1.14245 5.24755
5.33113 1.14449 5.24755
5.34662 1.14986 5.24755
5.34394 1.15227 5.24755
5.35092 1.15686 5.24755
5.37494 1.17093 5.24755
5.37741 1.16477 5.24755
5.36263 1.15843 5.24755
5.36267 1.16161 5.24755
5.336 1.14896 5.24755
5.40365 1.18057 5.24755
5.36011 1.15274 5.24755
5.36639 1.15534 5.24755
5.36928 1.15323 5.24755
5.36179 1.14938 5.24755
5.36322 1.15156 5.24755
5.35626 1.15021 5.24755
5.35368 1.14971 5.24755
5.35047 1.15012 5.24755
5.3383 1.14922 5.24755
5.35455 1.15544 5.24755
5.34406 1.15219 5.24755
5.30473 1.13801 5.24755
5.31045 1.13922 5.24755
5.32122 1.14336 5.24755
5.29064 1.13337 5.24755
5.31252 1.139 5.24755
5.30569 1.13798 5.24755
5.29313 1.13449 5.24755
5.30517 1.14055 5.24755
5.29836 1.13838 5.24755
5.29979 1.1384 5.24755
5.32203 1.14704 5.24755
5.36367 1.17269 5.24755
5.38619 1.18512 5.24755
5.34456 1.16463 5.24755
5.31844 1.14794 5.24755
5.3223 1.14708 5.24755
5.34703 1.16629 5.24755
5.36191 1.1706 5.24755
5.38048 1.17937 5.24755
5.34009 1.15403 5.24755
5.34834 1.16056 5.24755
5.29064 1.13593 5.24755
5.3092 1.14206 5.24755
5.31523 1.14586 5.24755
5.31919 1.14829 5.24755
5.30586 1.14301 5.24755
5.30726 1.1417 5.24755
5.31099 1.14222 5.24755
5.32616 1.15012 5.24755
5.34492 1.15799 5.24755
5.33508 1.15284 5.24755
5.36746 1.16761 5.24755
5.32827 1.15005 5.24755
5.31807 1.14528 5.24755
5.32586 1.14743 5.24755
5.33723 1.15335 5.24755
5.33994 1.1528 5.24755
5.32734 1.15024 5.24755
5.33064 1.15295 5.24755
5.31706 1.14911 5.24755
5.32478 1.15396 5.24755
5.3398 1.16189 5.24755
5.35219 1.16488 5.24755
5.35476 1.16555 5.24755
5.35264 1.16454 5.24755
5.36543 1.16703 5.24755
5.35815 1.16563 5.24755
5.35547 1.16541 5.24755
5.34837 1.16254 5.24755
5.3191 1.15285 5.24755
5.32983 1.15925 5.24755
5.32059 1.15402 5.24755
5.31129 1.15223 5.24755
5.32755 1.16116 5.24755
5.31859 1.1567 5.24755
5.31904 1.15665 5.24755
5.31916 1.15786 5.24755
5.34624 1.16851 5.24755
5.33976 1.1669 5.24755
5.3554 1.17641 5.24755
5.33005 1.1619 5.24755
5.3157 1.15372 5.24755
5.31463 1.15252 5.24755
5.29554 1.14299 5.24755
5.30395 1.14708 5.24755
5.29896 1.14486 5.24755
5.3243 1.15907 5.24755
5.30107 1.14686 5.24755
5.34047 1.16578 5.24755
5.32601 1.15932 5.24755
5.2823 1.13819 5.24755
5.29094 1.14064 5.24755
5.30022 1.1425 5.24755
5.29005 1.14043 5.24755
5.30465 1.14428 5.24755
5.28294 1.13848 5.24755
5.28892 1.13931 5.24755
5.30556 1.14233 5.24755
5.30933 1.14226 5.24755
5.31338 1.14264 5.24755
5.30291 1.14025 5.24755
5.30483 1.13883 5.24755
5.32283 1.14338 5.24755
5.3193 1.14151 5.24755
5.32492 1.14521 5.24755
5.31008 1.13639 5.24755
5.33507 1.1427 5.24755
5.34068 1.14636 5.24755
5.32806 1.14117 5.24755
5.32165 1.13877 5.24755
5.32543 1.1401 5.24755
5.33839 1.14363 5.24755
5.34347 1.14818 5.24755
5.34129 1.14716 5.24755
5.34386 1.15035 5.24755
5.36603 1.16336 5.24755
5.38705 1.17742 5.24755
5.3584 1.16149 5.24755
5.35584 1.16014 5.24755
5.35579 1.16164 5.24755
5.3773 1.17062 5.24755
5.35181 1.1572 5.24755
5.34021 1.15008 5.24755
5.34789 1.15243 5.24755
5.35003 1.15264 5.24755
5.3601 1.15759 5.24755
5.36201 1.15694 5.24755
5.36767 1.15971 5.24755
5.35638 1.15807 5.24755
5.34037 1.15158 5.24755
5.29907 1.13837 5.24755
5.30658 1.14182 5.24755
5.30503 1.14249 5.24755
5.30308 1.14204 5.24755
5.28302 1.13502 5.24755
5.28139 1.13576 5.24755
5.27031 1.13388 5.24755
5.26246 1.13174 5.24755
5.28405 1.13799 5.24755
5.2676 1.13249 5.24755
5.33218 1.16043 5.24755
5.29598 1.14353 5.24755
5.27175 1.13519 5.24755
5.25444 1.13104 5.24755
5.26772 1.13462 5.24755
5.27674 1.13867 5.24755
5.2967 1.14763 5.24755
5.2567 1.13139 5.24755
5.25855 1.13149 5.24755
5.26219 1.13214 5.24755
5.26752 1.13282 5.24755
5.30554 1.14989 5.24755
5.28142 1.14006 5.24755
5.29066 1.14275 5.24755
5.30996 1.1495 5.24755
5.28483 1.14046 5.24755
5.27869 1.13894 5.24755
5.26907 1.13562 5.24755
5.26662 1.13469 5.24755
5.25708 1.13102 5.24755
5.25462 1.13099 5.24755
5.25526 1.13116 5.24755
5.25442 1.131 5.24755
5.26181 1.13162 5.24755
5.26049 1.13178 5.24755
5.2673 1.1326 5.24755
5.27877 1.13461 5.24755
5.2689 1.13255 5.24755
5.27928 1.13512 5.24755
5.26799 1.13219 5.24755
5.27795 1.13343 5.24755
5.28336 1.13401 5.24755
5.29207 1.13576 5.24755
5.30581 1.1415 5.24755
5.31218 1.14002 5.24755
5.29927 1.13749 5.24755
5.32723 1.14425 5.24755
5.31918 1.1417 5.24755
5.34391 1.1486 5.24755
5.34087 1.14867 5.24755
5.34795 1.15088 5.24755
5.36258 1.15565 5.24755
5.35359 1.15391 5.24755
5.35372 1.15466 5.24755
5.36125 1.15263 5.24755
5.36371 1.15528 5.24755
5.35629 1.15293 5.24755
5.38174 1.16112 5.24755
5.36929 1.15757 5.24755
5.35485 1.15436 5.24755
5.3462 1.15271 5.24755
5.33352 1.1497 5.24755
5.33074 1.14917 5.24755
5.32432 1.14931 5.24755
5.32033 1.14699 5.24755
5.32143 1.14879 5.24755
5.31129 1.14597 5.24755
5.31615 1.14805 5.24755
5.34069 1.15797 5.24755
5.34584 1.16095 5.24755
5.32494 1.14969 5.24755
5.35277 1.15788 5.24755
5.33908 1.15334 5.24755
5.3189 1.14737 5.24755
5.30987 1.14398 5.24755
5.31677 1.14571 5.24755
5.33765 1.15134 5.24755
5.3508 1.15609 5.24755
5.35931 1.15656 5.24755
5.36683 1.16045 5.24755
5.37351 1.16257 5.24755
5.36215 1.15977 5.24755
5.35449 1.15694 5.24755
5.34222 1.152 5.24755
5.34053 1.15282 5.24755
5.38333 1.17404 5.24755
5.35103 1.15569 5.24755
5.36142 1.16309 5.24755
5.37733 1.17099 5.24755
5.39722 1.17837 5.24755
5.39037 1.17522 5.24755
5.3733 1.16964 5.24755
5.36005 1.16474 5.24755
5.35588 1.15873 5.24755
5.35261 1.15904 5.24755
5.36147 1.16417 5.24755
5.37899 1.16881 5.24755
5.36627 1.16426 5.24755
5.4566 1.21549 5.24755
5.37339 1.17344 5.24755
5.39738 1.18692 5.24755
5.34763 1.1648 5.24755
5.32331 1.15475 5.24755
5.3024 1.14597 5.24755
5.29378 1.14248 5.24755
5.30194 1.14568 5.24755
5.30072 1.14484 5.24755
5.30265 1.14526 5.24755
5.31325 1.14903 5.24755
5.31979 1.14982 5.24755
5.33137 1.15248 5.24755
5.31333 1.14652 5.24755
5.32662 1.15554 5.24755
5.32137 1.15374 5.24755
5.36393 1.17221 5.24755
5.40232 1.19139 5.24755
5.30938 1.1451 5.24755
5.29533 1.14178 5.24755
5.29694 1.14109 5.24755
5.28395 1.13812 5.24755
5.32197 1.14964 5.24755
5.32591 1.15148 5.24755
5.30131 1.14206 5.24755
5.28341 1.13808 5.24755
5.29166 1.14105 5.24755
5.27953 1.13716 5.24755
5.2934 1.14069 5.24755
5.29003 1.1392 5.24755
5.30875 1.14311 5.24755
5.31602 1.14668 5.24755
5.33375 1.15831 5.24755
5.3681 1.17155 5.24755
5.36506 1.16712 5.24755
5.36719 1.16943 5.24755
5.37343 1.16898 5.24755
5.4446 1.2185 5.24755
5.40368 1.19338 5.24755
5.41334 1.19536 5.24755
5.43294 1.20737 5.24755
5.4129 1.18939 5.24755
5.40854 1.19961 5.24755
5.40767 1.20026 5.24755
5.40733 1.20101 5.24755
5.39482 1.19217 5.24755
5.39027 1.18197 5.24755
5.3805 1.17825 5.24755
5.37398 1.17202 5.24755
5.36531 1.16545 5.24755
5.37535 1.1705 5.24755
5.39528 1.18037 5.24755
5.39082 1.17501 5.24755
5.43025 1.20225 5.24755
5.35176 1.15532 5.24755
5.34363 1.15263 5.24755
5.33741 1.15113 5.24755
5.32756 1.14855 5.24755
5.34568 1.15387 5.24755
5.36375 1.16171 5.24755
5.36862 1.15986 5.24755
5.36383 1.15506 5.24755
5.40881 1.1743 5.24755
5.36697 1.15495 5.24755
5.39425 1.16594 5.24755
5.38843 1.1622 5.24755
5.37223 1.15453 5.24755
5.39129 1.16355 5.24755
5.42042 1.17722 5.24755
5.38485 1.15792 5.24755
5.46698 1.20571 5.24755
5.40618 1.16552 5.24755
5.43593 1.18024 5.24755
5.4408 1.17689 5.24755
5.42863 1.16925 5.24755
5.43394 1.16752 5.24755
5.44558 1.17487 5.24755
5.4282 1.16583 5.24755
5.40988 1.15955 5.24755
5.42888 1.16832 5.24755
5.43265 1.16824 5.24755
5.41682 1.15976 5.24755
5.40721 1.15692 5.24755
5.41136 1.15987 5.24755
5.41772 1.1602 5.24755
5.43161 1.16298 5.24755
5.42911 1.16228 5.24755
5.42519 1.15994 5.24755
5.42296 1.15977 5.24755
5.44622 1.16803 5.24755
5.47762 1.18274 5.24755
5.49193 1.18567 5.24755
5.4841 1.18407 5.24755
5.4232 1.15823 5.24755
5.4476 1.16421 5.24755
5.44633 1.16538 5.24755
5.42972 1.16111 5.24755
5.44429 1.16642 5.24755
5.45829 1.17378 5.24755
5.47098 1.17648 5.24755
5.43704 1.16354 5.24755
5.43123 1.16175 5.24755
5.42448 1.15855 5.24755
5.43354 1.1628 5.24755
5.42807 1.16081 5.24755
5.42633 1.16031 5.24755
5.44388 1.16912 5.24755
5.42389 1.16049 5.24755
5.40642 1.15353 5.24755
5.41172 1.15493 5.24755
5.42332 1.15919 5.24755
5.42717 1.16012 5.24755
5.43244 1.16137 5.24755
5.42672 1.15949 5.24755
5.41863 1.15643 5.24755
5.42714 1.15945 5.24755
5.40395 1.15192 5.24755
5.42789 1.16057 5.24755
5.43952 1.16666 5.24755
5.4375 1.16339 5.24755
5.42909 1.1595 5.24755
5.43138 1.16095 5.24755
5.43358 1.16224 5.24755
5.45232 1.16927 5.24755
5.44271 1.16511 5.24755
5.48386 1.1844 5.24755
5.49428 1.1919 5.24755
5.45701 1.17198 5.24755
5.45619 1.17227 5.24755
5.4347 1.16611 5.24755
5.4211 1.1615 5.24755
5.41768 1.16126 5.24755
5.42854 1.16646 5.24755
5.40196 1.15764 5.24755
5.41265 1.16228 5.24755
5.42234 1.16757 5.24755
5.42223 1.16627 5.24755
5.42567 1.16827 5.24755
5.42924 1.17069 5.24755
5.42701 1.16643 5.24755
5.41781 1.16147 5.24755
5.42148 1.16322 5.24755
5.43907 1.17048 5.24755
5.44133 1.17436 5.24755
5.41326 1.16152 5.24755
5.40587 1.15869 5.24755
5.42074 1.16799 5.24755
5.41316 1.1583 5.24755
5.42107 1.1592 5.24755
5.43582 1.16361 5.24755
5.42913 1.1591 5.24755
5.44073 1.16196 5.24755
5.44555 1.16222 5.24755
5.42309 1.15721 5.24755
5.42131 1.15821 5.24755
5.41154 1.1564 5.24755
5.39138 1.15021 5.24755
5.39554 1.15203 5.24755
5.39443 1.15302 5.24755
5.39618 1.15296 5.24755
5.37941 1.14678 5.24755
5.38237 1.1472 5.24755
5.40812 1.15615 5.24755
5.40336 1.15219 5.24755
5.409 1.15432 5.24755
5.40827 1.15444 5.24755
5.39186 1.14861 5.24755
5.39695 1.15061 5.24755
5.42217 1.16552 5.24755
5.38799 1.1492 5.24755
5.39086 1.15038 5.24755
5.39157 1.14977 5.24755
5.40976 1.15717 5.24755
5.41718 1.16305 5.24755
5.40627 1.16205 5.24755
5.41054 1.16409 5.24755
5.40991 1.16461 5.24755
5.42597 1.1762 5.24755
5.43912 1.18278 5.24755
5.40293 1.16681 5.24755
5.37201 1.15179 5.24755
5.36438 1.14887 5.24755
5.38711 1.15648 5.24755
5.39327 1.15705 5.24755
5.38512 1.1539 5.24755
5.38108 1.15124 5.24755
5.39976 1.15891 5.24755
5.37917 1.15205 5.24755
5.40261 1.15852 5.24755
5.3934 1.15512 5.24755
5.4261 1.17239 5.24755
5.38647 1.15139 5.24755
5.39074 1.15254 5.24755
5.38438 1.15247 5.24755
5.41045 1.16066 5.24755
5.45388 1.17625 5.24755
5.42838 1.16571 5.24755
5.39666 1.15775 5.24755
5.3805 1.15198 5.24755
5.38593 1.15643 5.24755
5.37312 1.15139 5.24755
5.36342 1.14848 5.24755
5.37065 1.15069 5.24755
5.36745 1.15 5.24755
5.36073 1.14995 5.24755
5.37303 1.15401 5.24755
5.37264 1.15283 5.24755
5.36847 1.15353 5.24755
5.35157 1.1487 5.24755
5.34171 1.14615 5.24755
5.34069 1.14658 5.24755
5.34744 1.1465 5.24755
5.34902 1.14634 5.24755
5.34833 1.14823 5.24755
5.34052 1.14586 5.24755
5.32921 1.14374 5.24755
5.33522 1.14393 5.24755
5.34743 1.14543 5.24755
5.3385 1.144 5.24755
5.34577 1.14425 5.24755
5.34694 1.14429 5.24755
5.3612 1.14957 5.24755
5.37728 1.15549 5.24755
5.34251 1.14418 5.24755
5.3418 1.14422 5.24755
5.3461 1.14434 5.24755
5.35125 1.1469 5.24755
5.36716 1.15067 5.24755
5.37387 1.15494 5.24755
5.35528 1.15033 5.24755
5.33963 1.14587 5.24755
5.35282 1.14929 5.24755
5.35759 1.15089 5.24755
5.39042 1.16732 5.24755
5.39816 1.16995 5.24755
5.40505 1.17096 5.24755
5.40328 1.17409 5.24755
5.3758 1.15879 5.24755
5.37637 1.15879 5.24755
5.35658 1.15003 5.24755
5.348 1.14628 5.24755
5.34426 1.14521 5.24755
5.33277 1.14389 5.24755
5.34244 1.14605 5.24755
5.33348 1.14387 5.24755
5.34044 1.14472 5.24755
5.34249 1.14497 5.24755
5.36014 1.14928 5.24755
5.35906 1.14882 5.24755
5.3554 1.14531 5.24755
5.36579 1.14737 5.24755
5.36341 1.14621 5.24755
5.35669 1.14569 5.24755
5.34159 1.14436 5.24755
5.33852 1.14407 5.24755
5.3364 1.14443 5.24755
5.34414 1.14597 5.24755
5.33751 1.14502 5.24755
5.35284 1.14639 5.24755
5.36278 1.1482 5.24755
5.36415 1.14763 5.24755
5.38732 1.15807 5.24755
5.37828 1.1493 5.24755
5.37958 1.14846 5.24755
5.37571 1.14785 5.24755
5.37666 1.14776 5.24755
5.37969 1.14806 5.24755
5.38906 1.14921 5.24755
5.38689 1.1491 5.24755
5.38209 1.14848 5.24755
5.417 1.16603 5.24755
5.4357 1.17242 5.24755
5.49146 1.20327 5.24755
5.53468 1.22797 5.24755
5.51627 1.21785 5.24755
5.46395 1.18404 5.24755
5.4659 1.18229 5.24755
5.46775 1.18083 5.24755
5.47835 1.19295 5.24755
5.44461 1.17132 5.24755
5.45184 1.18024 5.24755
5.43999 1.17324 5.24755
5.44582 1.17601 5.24755
5.43747 1.16897 5.24755
5.41981 1.15621 5.24755
5.42455 1.15718 5.24755
5.42616 1.15809 5.24755
5.43059 1.1608 5.24755
5.45539 1.17413 5.24755
5.4332 1.16269 5.24755
5.50067 1.19972 5.24755
5.49981 1.19861 5.24755
5.42976 1.15865 5.24755
5.42568 1.15689 5.24755
5.42713 1.15747 5.24755
5.42376 1.15645 5.24755
5.42881 1.15938 5.24755
5.43375 1.16136 5.24755
5.4236 1.15747 5.24755
5.42943 1.1588 5.24755
5.43162 1.16193 5.24755
5.44834 1.17051 5.24755
5.42939 1.16045 5.24755
5.42995 1.16075 5.24755
5.43414 1.16474 5.24755
5.44584 1.16971 5.24755
5.4459 1.168 5.24755
5.42934 1.15781 5.24755
5.46671 1.1772 5.24755
5.48476 1.1878 5.24755
5.44992 1.16909 5.24755
5.46697 1.18062 5.24755
5.43139 1.16134 5.24755
5.43009 1.16231 5.24755
5.42192 1.15985 5.24755
5.42247 1.1598 5.24755
5.43461 1.1646 5.24755
5.43851 1.16358 5.24755
5.43622 1.16555 5.24755
5.44106 1.16892 5.24755
5.42803 1.16661 5.24755
5.48735 1.2006 5.24755
5.42425 1.16823 5.24755
5.42637 1.17046 5.24755
5.43434 1.17331 5.24755
5.43016 1.17348 5.24755
5.41719 1.16837 5.24755
5.40406 1.16427 5.24755
5.4063 1.16485 5.24755
5.40393 1.1643 5.24755
5.40728 1.16498 5.24755
5.40902 1.16565 5.24755
5.41402 1.16712 5.24755
5.41212 1.16653 5.24755
5.41207 1.1665 5.24755
5.41401 1.16722 5.24755
5.40755 1.16537 5.24755
5.40408 1.16452 5.24755
5.4018 1.16392 5.24755
5.39925 1.16322 5.24755
5.40755 1.16546 5.24755
5.40487 1.16469 5.24755
5.39957 1.16325 5.24755
5.42088 1.17245 5.24755
5.41503 1.16856 5.24755
5.4263 1.17206 5.24755
5.4496 1.18968 5.24755
5.44488 1.17963 5.24755
5.42471 1.17016 5.24755
5.43748 1.17467 5.24755
5.44227 1.17783 5.24755
5.43944 1.17596 5.24755
5.41954 1.16876 5.24755
5.42338 1.17031 5.24755
5.42358 1.16995 5.24755
5.40698 1.16493 5.24755
5.40879 1.16524 5.24755
5.41933 1.17048 5.24755
5.40462 1.16418 5.24755
5.41215 1.16668 5.24755
5.43596 1.18346 5.24755
5.47526 1.20592 5.24755
5.43501 1.17906 5.24755
5.44614 1.18929 5.24755
5.40538 1.16506 5.24755
5.40716 1.16537 5.24755
5.40928 1.16594 5.24755
5.39426 1.16173 5.24755
5.42764 1.17483 5.24755
5.42169 1.17103 5.24755
5.40892 1.16627 5.24755
5.40619 1.16514 5.24755
5.41726 1.16828 5.24755
5.41636 1.16743 5.24755
5.40755 1.16419 5.24755
5.41126 1.16563 5.24755
5.41736 1.16769 5.24755
5.42049 1.16877 5.24755
5.43031 1.17414 5.24755
5.43358 1.17465 5.24755
5.41996 1.16821 5.24755
5.41728 1.16731 5.24755
5.41469 1.16674 5.24755
5.41559 1.16778 5.24755
5.41087 1.16558 5.24755
5.41386 1.16662 5.24755
5.46735 1.19347 5.24755
5.48669 1.20516 5.24755
5.42694 1.17145 5.24755
5.47989 1.19823 5.24755
5.45302 1.18061 5.24755
5.45609 1.18411 5.24755
5.43876 1.1756 5.24755
5.42575 1.17085 5.24755
5.42206 1.16995 5.24755
5.42788 1.17262 5.24755
5.42547 1.17092 5.24755
5.43216 1.17355 5.24755
5.43496 1.17385 5.24755
5.45388 1.17942 5.24755
5.45503 1.17977 5.24755
5.47061 1.18978 5.24755
5.47353 1.19315 5.24755
5.46788 1.18825 5.24755
5.45518 1.18041 5.24755
5.4737 1.19116 5.24755
5.44558 1.17601 5.24755
5.46292 1.1879 5.24755
5.44342 1.17895 5.24755
5.46388 1.18415 5.24755
5.47402 1.1895 5.24755
5.46739 1.18519 5.24755
5.43508 1.17297 5.24755
5.43529 1.17284 5.24755
5.4699 1.18928 5.24755
5.43509 1.17356 5.24755
5.42301 1.17004 5.24755
5.40011 1.16254 5.24755
5.40114 1.1627 5.24755
5.40883 1.16712 5.24755
5.40458 1.16555 5.24755
5.4283 1.17743 5.24755
5.39686 1.16214 5.24755
5.41157 1.16738 5.24755
5.41992 1.17071 5.24755
5.40633 1.16528 5.24755
5.41305 1.16768 5.24755
5.42828 1.17511 5.24755
5.443 1.18164 5.24755
5.42782 1.17354 5.24755
5.40805 1.16581 5.24755
5.39784 1.16186 5.24755
5.39708 1.16141 5.24755
5.40009 1.16213 5.24755
5.39628 1.161 5.24755
5.39833 1.16102 5.24755
5.39347 1.15967 5.24755
5.3997 1.16089 5.24755
5.39435 1.15918 5.24755
5.39533 1.15892 5.24755
5.39575 1.15893 5.24755
5.41162 1.16562 5.24755
5.40926 1.16332 5.24755
5.43095 1.1727 5.24755
5.417 1.16517 5.24755
5.41695 1.16454 5.24755
5.43796 1.17584 5.24755
5.43455 1.17455 5.24755
5.41382 1.16441 5.24755
5.42792 1.17141 5.24755
5.42535 1.16938 5.24755
5.42393 1.16865 5.24755
5.45173 1.18029 5.24755
5.45823 1.18488 5.24755
5.43197 1.17208 5.24755
5.42696 1.16981 5.24755
5.44332 1.17591 5.24755
5.45067 1.17875 5.24755
5.43134 1.1708 5.24755
5.40455 1.16069 5.24755
5.42329 1.16907 5.24755
5.41222 1.16327 5.24755
5.40764 1.16086 5.24755
5.43657 1.17539 5.24755
5.43691 1.17436 5.24755
5.42872 1.17086 5.24755
5.42083 1.167 5.24755
5.41696 1.16528 5.24755
5.42143 1.16721 5.24755
5.4216 1.16797 5.24755
5.41741 1.16537 5.24755
5.40324 1.16027 5.24755
5.41127 1.16255 5.24755
5.40878 1.16125 5.24755
5.40973 1.16206 5.24755
5.42388 1.16861 5.24755
5.41401 1.16423 5.24755
5.41196 1.16374 5.24755
5.41183 1.16394 5.24755
5.41515 1.16498 5.24755
5.42334 1.16715 5.24755
5.41745 1.16616 5.24755
5.42682 1.1689 5.24755
5.42115 1.16735 5.24755
5.41922 1.16608 5.24755
5.43137 1.17034 5.24755
5.43913 1.17256 5.24755
5.44244 1.17511 5.24755
5.44524 1.17747 5.24755
5.43303 1.17261 5.24755
5.45346 1.18057 5.24755
5.43023 1.17152 5.24755
5.45494 1.18162 5.24755
5.45106 1.18124 5.24755
5.4361 1.17613 5.24755
5.42084 1.17146 5.24755
5.42049 1.17199 5.24755
5.44263 1.18251 5.24755
5.51227 1.22392 5.24755
5.42881 1.1727 5.24755
5.41429 1.16526 5.24755
5.42075 1.16754 5.24755
5.41005 1.16274 5.24755
5.40643 1.16112 5.24755
5.42162 1.16588 5.24755
5.42761 1.16797 5.24755
5.43778 1.17238 5.24755
5.43463 1.16938 5.24755
5.42121 1.16531 5.24755
5.40996 1.16207 5.24755
5.41042 1.16204 5.24755
5.40305 1.16138 5.24755
5.40285 1.16148 5.24755
5.42618 1.17084 5.24755
5.41319 1.16304 5.24755
5.41599 1.16468 5.24755
5.41138 1.16291 5.24755
5.41446 1.16363 5.24755
5.44478 1.1731 5.24755
5.4571 1.17887 5.24755
5.42936 1.16838 5.24755
5.42757 1.1682 5.24755
5.42777 1.16873 5.24755
5.45743 1.18384 5.24755
5.51675 1.21846 5.24755
5.45159 1.18094 5.24755
5.46355 1.18411 5.24755
5.48199 1.19467 5.24755
5.44265 1.17609 5.24755
5.44909 1.17925 5.24755
5.42913 1.16966 5.24755
5.46294 1.18497 5.24755
5.53997 1.22724 5.24755
5.50061 1.20772 5.24755
5.42451 1.16978 5.24755
5.41792 1.16686 5.24755
5.4068 1.16353 5.24755
5.41711 1.16872 5.24755
5.46922 1.1911 5.24755
5.43117 1.17292 5.24755
5.44697 1.17855 5.24755
5.42852 1.17013 5.24755
5.43746 1.17314 5.24755
5.46166 1.18227 5.24755
5.47053 1.18518 5.24755
5.47802 1.19237 5.24755
5.45881 1.18346 5.24755
5.47121 1.1909 5.24755
5.46683 1.18553 5.24755
5.48953 1.19559 5.24755
5.46692 1.18304 5.24755
5.46507 1.18035 5.24755
5.49997 1.19623 5.24755
5.46979 1.18217 5.24755
5.47121 1.18402 5.24755
5.47073 1.18433 5.24755
5.48034 1.18613 5.24755
5.4788 1.18531 5.24755
5.45873 1.17889 5.24755
5.44048 1.17255 5.24755
5.42052 1.16727 5.24755
5.43092 1.16988 5.24755
5.43485 1.1706 5.24755
5.48137 1.19163 5.24755
5.43145 1.17057 5.24755
5.43237 1.17095 5.24755
5.45975 1.18171 5.24755
5.42457 1.16911 5.24755
5.43266 1.17201 5.24755
5.43132 1.17283 5.24755
5.42535 1.16966 5.24755
5.49 1.20554 5.24755
5.44536 1.17609 5.24755
5.43137 1.16969 5.24755
5.43622 1.17036 5.24755
5.43766 1.17121 5.24755
5.44238 1.172 5.24755
5.43616 1.16974 5.24755
5.4352 1.16972 5.24755
5.47267 1.189 5.24755
5.49169 1.1978 5.24755
5.50241 1.2043 5.24755
5.45991 1.17838 5.24755
5.44229 1.17128 5.24755
5.44162 1.17131 5.24755
5.42808 1.16815 5.24755
5.42755 1.16806 5.24755
5.43499 1.16953 5.24755
5.45978 1.18205 5.24755
5.4284 1.16817 5.24755
5.42935 1.16859 5.24755
5.44188 1.17211 5.24755
5.43671 1.17042 5.24755
5.45607 1.17762 5.24755
5.44533 1.17396 5.24755
5.44905 1.17514 5.24755
5.44757 1.17401 5.24755
5.44681 1.17376 5.24755
5.4651 1.18115 5.24755
5.46458 1.18045 5.24755
5.45912 1.17883 5.24755
5.45189 1.1775 5.24755
5.47099 1.18657 5.24755
5.45066 1.17717 5.24755
5.4973 1.20408 5.24755
5.44646 1.17577 5.24755
5.43971 1.17381 5.24755
5.44509 1.17573 5.24755
5.44299 1.17507 5.24755
5.44046 1.17415 5.24755
5.43843 1.17365 5.24755
5.43484 1.17253 5.24755
5.45572 1.18045 5.24755
5.44983 1.17929 5.24755
5.44037 1.17533 5.24755
5.44806 1.17867 5.24755
5.48006 1.19314 5.24755
5.47758 1.19083 5.24755
5.47578 1.18857 5.24755
5.47029 1.18618 5.24755
5.45893 1.18057 5.24755
5.46776 1.18482 5.24755
5.44483 1.17433 5.24755
5.45375 1.17758 5.24755
5.45747 1.18185 5.24755
5.45356 1.17734 5.24755
5.43626 1.17132 5.24755
5.43988 1.17217 5.24755
5.44323 1.17364 5.24755
5.44069 1.17306 5.24755
5.45003 1.17558 5.24755
5.45224 1.17665 5.24755
5.44555 1.17488 5.24755
5.45836 1.17817 5.24755
5.43829 1.17221 5.24755
5.44875 1.17537 5.24755
5.46788 1.18203 5.24755
5.43349 1.17182 5.24755
5.43715 1.17382 5.24755
5.45215 1.17975 5.24755
5.43904 1.17475 5.24755
5.44185 1.17507 5.24755
5.45307 1.17793 5.24755
5.44471 1.17562 5.24755
5.56565 1.2479 5.24755
5.44762 1.17582 5.24755
5.43307 1.17077 5.24755
5.43181 1.17034 5.24755
5.4322 1.17017 5.24755
5.45062 1.17557 5.24755
5.45509 1.17573 5.24755
5.44666 1.17345 5.24755
5.46997 1.18222 5.24755
5.45029 1.17456 5.24755
5.47762 1.18126 5.24755
5.47553 1.18109 5.24755
5.49343 1.18626 5.24755
5.53078 1.2055 5.24755
5.47954 1.18206 5.24755
5.48116 1.18262 5.24755
5.54809 1.22008 5.24755
5.5214 1.1986 5.24755
5.50879 1.18922 5.24755
5.53084 1.19694 5.24755
5.5163 1.1914 5.24755
5.51982 1.19239 5.24755
5.50664 1.18909 5.24755
5.52379 1.19324 5.24755
5.51352 1.19074 5.24755
5.53102 1.19553 5.24755
5.53196 1.1956 5.24755
5.55204 1.20482 5.24755
5.55137 1.20521 5.24755
5.55023 1.20732 5.24755
5.54777 1.20311 5.24755
5.5281 1.19472 5.24755
5.51273 1.19116 5.24755
5.52085 1.19304 5.24755
5.50641 1.18923 5.24755
5.50921 1.19101 5.24755
5.55483 1.21139 5.24755
5.51171 1.1909 5.24755
5.53447 1.19761 5.24755
5.5067 1.1892 5.24755
5.49419 1.18567 5.24755
5.5094 1.19119 5.24755
5.49222 1.1852 5.24755
5.50168 1.18839 5.24755
5.49758 1.18673 5.24755
5.4937 1.18699 5.24755
5.49841 1.18777 5.24755
5.53398 1.20469 5.24755
5.49015 1.1837 5.24755
5.4735 1.17994 5.24755
5.4737 1.17952 5.24755
5.46025 1.17608 5.24755
5.46248 1.17693 5.24755
5.46298 1.17719 5.24755
5.44588 1.17311 5.24755
5.45881 1.17629 5.24755
5.45089 1.17418 5.24755
5.46219 1.17748 5.24755
5.45066 1.17448 5.24755
5.45177 1.17531 5.24755
5.44231 1.17347 5.24755
5.45124 1.17732 5.24755
5.45663 1.18106 5.24755
5.50401 1.20718 5.24755
5.44325 1.17673 5.24755
5.46019 1.1825 5.24755
5.49148 1.19871 5.24755
5.46012 1.18316 5.24755
5.43122 1.1725 5.24755
5.42446 1.17014 5.24755
5.43265 1.17347 5.24755
5.42164 1.16897 5.24755
5.41961 1.16845 5.24755
5.40843 1.16475 5.24755
5.40937 1.1653 5.24755
5.4472 1.18748 5.24755
5.41916 1.16923 5.24755
5.41378 1.16703 5.24755
5.44689 1.18105 5.24755
5.40672 1.16475 5.24755
5.44568 1.18254 5.24755
5.46633 1.18825 5.24755
5.4814 1.19994 5.24755
5.49231 1.20784 5.24755
5.45589 1.18685 5.24755
5.42555 1.16936 5.24755
5.46226 1.18782 5.24755
5.43205 1.17154 5.24755
5.42364 1.16736 5.24755
5.42071 1.16663 5.24755
5.4297 1.17031 5.24755
5.44891 1.18057 5.24755
5.44512 1.17792 5.24755
5.44738 1.17734 5.24755
5.43102 1.17111 5.24755
5.4333 1.17317 5.24755
5.42563 1.17043 5.24755
5.43362 1.17448 5.24755
5.42865 1.17324 5.24755
5.41994 1.16965 5.24755
5.42206 1.17061 5.24755
5.43809 1.17772 5.24755
5.43214 1.17465 5.24755
5.44389 1.17934 5.24755
5.45861 1.18709 5.24755
5.44711 1.1816 5.24755
5.44207 1.17925 5.24755
5.43964 1.17947 5.24755
5.46816 1.19258 5.24755
5.5238 1.22641 5.24755
5.4488 1.1809 5.24755
5.48603 1.20239 5.24755
5.5106 1.22006 5.24755
5.47231 1.18936 5.24755
5.52487 1.21381 5.24755
5.49289 1.19788 5.24755
5.47587 1.18942 5.24755
5.47411 1.18833 5.24755
5.47009 1.18766 5.24755
5.4828 1.19473 5.24755
5.49752 1.20111 5.24755
5.50524 1.20782 5.24755
5.54263 1.22576 5.24755
5.53387 1.2199 5.24755
5.53965 1.22152 5.24755
5.5199 1.20946 5.24755
5.50319 1.2027 5.24755
5.5063 1.20193 5.24755
5.48745 1.19436 5.24755
5.49458 1.19546 5.24755
5.49031 1.1955 5.24755
5.49219 1.20026 5.24755
5.47356 1.18953 5.24755
5.47772 1.19217 5.24755
5.45838 1.18079 5.24755
5.45891 1.18217 5.24755
5.45093 1.17795 5.24755
5.44126 1.17467 5.24755
5.43562 1.17373 5.24755
5.44147 1.17687 5.24755
5.46812 1.18772 5.24755
5.44467 1.17725 5.24755
5.45642 1.18199 5.24755
5.44662 1.17655 5.24755
5.44957 1.17807 5.24755
5.45723 1.18161 5.24755
5.44649 1.17679 5.24755
5.42941 1.17019 5.24755
5.43565 1.17233 5.24755
5.43279 1.17203 5.24755
5.42657 1.17085 5.24755
5.43577 1.1738 5.24755
5.43327 1.17308 5.24755
5.43558 1.17364 5.24755
5.45463 1.18336 5.24755
5.43493 1.17445 5.24755
5.46086 1.18598 5.24755
5.44874 1.1803 5.24755
5.51599 1.21802 5.24755
5.43215 1.17409 5.24755
5.45594 1.18436 5.24755
5.44878 1.17908 5.24755
5.43533 1.1741 5.24755
5.43133 1.17224 5.24755
5.46933 1.19245 5.24755
5.47742 1.19343 5.24755
5.46916 1.18839 5.24755
5.46719 1.18806 5.24755
5.47952 1.19206 5.24755
5.51108 1.20772 5.24755
5.4585 1.18533 5.24755
5.4562 1.18505 5.24755
5.43597 1.1761 5.24755
5.44326 1.17979 5.24755
5.46044 1.18648 5.24755
5.45422 1.18297 5.24755
5.46424 1.18638 5.24755
5.45177 1.18081 5.24755
5.45001 1.18111 5.24755
5.44361 1.17861 5.24755
5.4401 1.17675 5.24755
5.4484 1.18018 5.24755
5.47545 1.19393 5.24755
5.44734 1.18087 5.24755
5.4395 1.17741 5.24755
5.44222 1.1778 5.24755
5.43703 1.17626 5.24755
5.44985 1.17982 5.24755
5.45828 1.18298 5.24755
5.44756 1.17939 5.24755
5.4498 1.18027 5.24755
5.43648 1.17475 5.24755
5.43561 1.17447 5.24755
5.44596 1.17844 5.24755
5.45983 1.1851 5.24755
5.46357 1.18803 5.24755
5.46999 1.19061 5.24755
5.48575 1.19943 5.24755
5.47419 1.19376 5.24755
5.4629 1.18953 5.24755
5.45106 1.18429 5.24755
5.45552 1.18698 5.24755
5.4774 1.19753 5.24755
5.48802 1.20622 5.24755
5.47568 1.1937 5.24755
5.47643 1.19251 5.24755
5.4777 1.19334 5.24755
5.46975 1.188 5.24755
5.4932 1.19654 5.24755
5.47242 1.18573 5.24755
5.45227 1.17779 5.24755
5.47602 1.1845 5.24755
5.50293 1.19599 5.24755
5.51015 1.19838 5.24755
5.53098 1.20875 5.24755
5.49095 1.19128 5.24755
5.47633 1.18703 5.24755
5.46035 1.18145 5.24755
5.47415 1.18476 5.24755
5.47509 1.18429 5.24755
5.49031 1.19076 5.24755
5.48912 1.18997 5.24755
5.46218 1.18027 5.24755
5.465 1.18077 5.24755
5.45789 1.17877 5.24755
5.45484 1.17711 5.24755
5.46025 1.17844 5.24755
5.46826 1.18166 5.24755
5.48173 1.18771 5.24755
5.45499 1.17655 5.24755
5.44219 1.17296 5.24755
5.45182 1.17572 5.24755
5.46047 1.17827 5.24755
5.47007 1.17997 5.24755
5.44752 1.17367 5.24755
5.45305 1.17571 5.24755
5.43926 1.17046 5.24755
5.44924 1.17382 5.24755
5.44743 1.17364 5.24755
5.45255 1.17583 5.24755
5.45111 1.17507 5.24755
5.44982 1.17488 5.24755
5.48524 1.18998 5.24755
5.47801 1.18602 5.24755
5.45973 1.17825 5.24755
5.44814 1.17323 5.24755
5.45601 1.17976 5.24755
5.46653 1.18499 5.24755
5.44196 1.17188 5.24755
5.44938 1.17362 5.24755
5.45103 1.17383 5.24755
5.44244 1.17115 5.24755
5.45817 1.18063 5.24755
5.43368 1.16904 5.24755
5.43137 1.16859 5.24755
5.42372 1.16665 5.24755
5.43349 1.17052 5.24755
5.48641 1.19616 5.24755
5.43333 1.17205 5.24755
5.41942 1.16704 5.24755
5.41269 1.16476 5.24755
5.4167 1.1674 5.24755
5.43418 1.17534 5.24755
5.40854 1.16541 5.24755
5.41163 1.16633 5.24755
5.40051 1.16361 5.24755
5.39584 1.16186 5.24755
5.39691 1.16245 5.24755
5.40051 1.16318 5.24755
5.40111 1.16316 5.24755
5.39793 1.16203 5.24755
5.39394 1.16121 5.24755
5.41051 1.16444 5.24755
5.40735 1.16373 5.24755
5.41185 1.16448 5.24755
5.41826 1.16608 5.24755
5.43888 1.17701 5.24755
5.41404 1.16578 5.24755
5.4244 1.16976 5.24755
5.42048 1.16798 5.24755
5.42137 1.16986 5.24755
5.44767 1.18138 5.24755
5.43746 1.17704 5.24755
5.42037 1.17048 5.24755
5.4345 1.17612 5.24755
5.4393 1.17587 5.24755
5.45234 1.18258 5.24755
5.41945 1.17107 5.24755
5.43069 1.17461 5.24755
5.42429 1.16996 5.24755
5.46248 1.18254 5.24755
5.46818 1.18755 5.24755
5.42026 1.16875 5.24755
5.41144 1.16426 5.24755
5.4367 1.17595 5.24755
5.52099 1.2346 5.24755
5.52127 1.23497 5.24755
5.45821 1.18733 5.24755
5.41076 1.16644 5.24755
5.39877 1.16181 5.24755
5.40764 1.16384 5.24755
5.40348 1.16396 5.24755
5.40072 1.16364 5.24755
5.40083 1.16472 5.24755
5.42748 1.17666 5.24755
5.40604 1.16357 5.24755
5.39318 1.16084 5.24755
5.41857 1.1676 5.24755
5.42754 1.17092 5.24755
5.43292 1.17097 5.24755
5.42026 1.16624 5.24755
5.43418 1.17006 5.24755
5.44608 1.17514 5.24755
5.45675 1.17767 5.24755
5.4532 1.17721 5.24755
5.44107 1.17278 5.24755
5.45601 1.18082 5.24755
5.46067 1.18336 5.24755
5.49357 1.19828 5.24755
5.48387 1.19404 5.24755
5.46478 1.18638 5.24755
5.46114 1.19015 5.24755
5.41803 1.16642 5.24755
5.42438 1.16845 5.24755
5.42599 1.16914 5.24755
5.41714 1.1674 5.24755
5.42332 1.17163 5.24755
5.40935 1.16342 5.24755
5.42823 1.17174 5.24755
5.44343 1.18328 5.24755
5.43898 1.18147 5.24755
5.47639 1.20381 5.24755
5.48111 1.20151 5.24755
5.4624 1.18945 5.24755
5.45394 1.18928 5.24755
5.44721 1.18594 5.24755
5.44167 1.18275 5.24755
5.43064 1.17599 5.24755
5.41028 1.16304 5.24755
5.42405 1.1736 5.24755
5.43321 1.17936 5.24755
5.40834 1.17044 5.24755
5.43429 1.18364 5.24755
5.43437 1.18381 5.24755
5.43215 1.1844 5.24755
5.4285 1.18423 5.24755
5.41569 1.17629 5.24755
5.41675 1.17972 5.24755
5.42387 1.17802 5.24755
5.4376 1.18413 5.24755
5.4007 1.16234 5.24755
5.39474 1.16003 5.24755
5.40423 1.16359 5.24755
