15.8236 9.7087 13.8661
15.2575 9.2403 12.3586
14.5098 8.3824 11.475
13.7662 7.61569 11.475
13.0358 6.90948 11.3182
12.6734 6.5314 11.3182
12.5713 6.41495 11.3182
12.4206 6.25906 11.0619
12.1899 6.06061 10.8138
12.1143 6.0086 10.8138
12.0754 5.97581 10.8138
11.9076 5.79511 10.8138
11.7356 5.61082 10.6825
11.558 5.41365 10.2321
11.4694 5.36855 9.48203
11.3625 5.24778 9.48203
11.4227 5.27586 9.48203
11.4439 5.27011 9.48203
11.3815 5.17071 9.48203
11.3814 5.18564 9.48203
11.1649 4.9715 9.48203
10.9673 4.76309 9.48203
10.6525 4.55409 9.18409
10.5467 4.47412 9.09047
10.4314 4.37746 9.09047
10.4874 4.41525 9.09047
10.4564 4.39141 9.09047
10.4282 4.38524 9.09047
10.437 4.3804 9.09047
10.4402 4.39753 9.09047
10.397 4.36474 8.88314
10.3519 4.30157 8.88314
10.3552 4.28519 8.88314
10.3855 4.3092 8.88314
10.2683 4.21769 8.88314
10.2251 4.2172 8.88314
10.1317 4.14284 8.88314
10.0384 4.06253 8.68418
9.82684 3.94141 8.68418
9.79119 3.99062 8.64107
9.44939 3.7058 8.63987
9.08503 3.41632 8.63987
9.18023 3.47572 8.33024
9.13909 3.44035 8.33024
9.02941 3.37577 8.33024
8.82291 3.18131 8.31367
8.87273 3.20221 8.31367
8.76506 3.12 8.24754
8.70374 3.06235 8.24754
8.75231 3.10622 8.24754
8.70329 3.05425 8.24754
8.71025 3.0611 8.15975
8.69459 3.06393 8.02629
8.66444 3.05254 8.02629
8.6542 3.03192 8.02629
8.70865 3.06286 8.02629
8.8081 3.13116 8.02629
8.86156 3.17357 8.02629
8.86843 3.17561 8.02629
8.84548 3.19673 8.02629
8.82905 3.19983 8.02629
8.89371 3.22196 8.02629
8.79945 3.12298 8.02629
8.80207 3.12811 8.02629
8.82442 3.14787 8.02629
8.83503 3.15303 8.02629
8.74205 3.05433 8.02629
8.79672 3.07307 8.02629
8.80377 3.07902 8.02629
8.75421 3.01721 8.02629
8.61721 2.94394 7.99618
8.63516 2.9552 7.99618
8.56936 2.91028 7.99618
8.59162 2.92599 7.99618
8.64473 2.96458 7.99618
8.60746 2.93313 7.99618
8.56293 2.8952 7.84172
8.52781 2.87358 7.84172
8.56026 2.92754 7.84172
8.5412 2.90028 7.84172
8.52131 2.88009 7.7735
8.55305 2.89222 7.7735
8.52217 2.87995 7.7735
8.484 2.84776 7.7735
8.47179 2.85832 7.7735
8.4784 2.89977 7.7735
8.50561 2.93623 7.7735
8.60574 3.00507 7.7735
8.5936 2.97748 7.7735
8.60178 2.98838 7.7735
8.61585 3.02591 7.7735
8.63813 3.06545 7.7735
8.69668 3.11332 7.7735
8.69826 3.08923 7.7735
8.72393 3.11884 7.7735
8.72898 3.10908 7.7735
8.70807 3.08255 7.7735
8.73453 3.11737 7.7735
8.79072 3.16909 7.7735
8.7502 3.17159 7.7735
8.70456 3.09223 7.7735
8.69356 3.11249 7.7735
8.62783 3.04073 7.7735
8.61963 3.03532 7.7735
8.60902 2.9859 7.7735
8.62837 3.0372 7.7735
8.61038 3.0153 7.7735
8.57194 2.9709 7.7735
8.53259 2.96258 7.7735
8.56214 2.98302 7.7735
8.56289 2.98386 7.7735
8.48579 2.9386 7.55852
8.54277 3.01484 7.55852
8.44958 2.95286 7.55852
8.44388 2.95663 7.55852
8.29979 2.82772 7.28869
8.22114 2.75888 7.28869
8.20567 2.75888 7.28869
8.14002 2.69599 7.28869
8.0636 2.65188 7.28869
8.0631 2.65626 7.28869
8.06037 2.64057 7.16738
8.00627 2.61949 7.16738
7.93803 2.57666 7.16738
7.74169 2.46226 7.12334
7.67135 2.40254 7.12334
7.53903 2.30061 7.12334
7.55065 2.31535 6.9271
7.43888 2.24401 6.9271
7.41659 2.23206 6.9271
7.45677 2.26757 6.7676
7.4104 2.23822 6.7676
7.41831 2.25116 6.7676
7.39917 2.2391 6.7676
7.38689 2.25461 6.7676
7.40467 2.26393 6.7676
7.395 2.23969 6.7676
7.41004 2.23815 6.7676
7.34165 2.20093 6.67608
7.2332 2.16321 6.67608
7.18992 2.13127 6.67608
7.15994 2.12164 6.67608
7.13943 2.10893 6.67608
7.01503 2.04854 6.66782
7.01306 2.06253 6.66782
6.99069 2.0578 6.66782
6.98628 2.05956 6.66782
6.96788 2.06254 6.47418
7.01236 2.08831 6.46172
7.05657 2.10871 6.46172
6.92806 2.04509 6.46172
6.93436 2.04573 6.46172
6.9163 2.052 6.46172
6.87256 2.02723 6.4017
6.87089 2.01791 6.4017
6.87629 2.01144 6.4017
6.85479 1.99833 6.4017
6.86941 2.01154 6.37496
6.9138 2.03248 6.37496
6.90007 2.02364 6.37496
6.89568 2.03089 6.37496
6.82672 1.99156 6.37496
6.79627 1.96099 6.34626
6.77443 1.94073 6.34626
6.75091 1.91842 6.34626
6.70122 1.89369 6.34626
6.64453 1.86285 6.34626
6.65883 1.86909 6.23192
6.76416 1.92483 6.23192
6.75286 1.90589 6.23192
6.72764 1.8947 6.23192
6.6508 1.85127 6.21428
6.61566 1.81577 5.9516
6.63522 1.8412 5.9516
6.61568 1.82256 5.9516
6.57686 1.80665 5.9516
6.54106 1.79313 5.9516
6.51247 1.77048 5.9516
6.54979 1.78062 5.9516
6.55679 1.77573 5.9516
6.50603 1.74772 5.9516
6.45791 1.73373 5.9516
6.47074 1.74427 5.92727
6.43691 1.7269 5.92727
6.47831 1.7438 5.92727
6.47794 1.74838 5.92727
6.50975 1.77986 5.92727
6.50805 1.78935 5.92727
6.4381 1.76161 5.92727
6.44426 1.75603 5.92727
6.48641 1.79193 5.92727
6.46656 1.78298 5.92727
6.45313 1.78055 5.92727
6.42861 1.77195 5.92727
6.45268 1.78592 5.92727
6.44346 1.77819 5.92727
6.44493 1.77333 5.92727
6.41709 1.76168 5.92727
6.39771 1.74592 5.92727
6.42199 1.76335 5.92727
6.44478 1.77192 5.92727
6.45531 1.7777 5.92727
6.48586 1.80313 5.92727
6.4342 1.76302 5.92727
6.43547 1.75732 5.92727
6.41339 1.74039 5.92727
6.42578 1.7516 5.92727
6.36612 1.71022 5.92727
6.32952 1.69897 5.92727
6.34269 1.70375 5.92727
6.33124 1.69378 5.92727
6.24323 1.64536 5.92727
6.27006 1.65998 5.92727
6.26057 1.66135 5.92727
6.29481 1.67231 5.92727
6.29489 1.65747 5.92727
6.31308 1.66711 5.92727
6.30949 1.66147 5.92727
6.35289 1.68806 5.92727
6.37772 1.70287 5.92727
6.34397 1.69237 5.92727
6.36707 1.70376 5.92727
6.34202 1.68749 5.92727
6.31348 1.67599 5.92727
6.29633 1.6628 5.92727
6.23146 1.62973 5.92727
6.2411 1.63326 5.92727
6.27056 1.64674 5.92727
6.26372 1.63396 5.92727
6.28641 1.64319 5.92727
6.28722 1.63873 5.91216
6.306 1.65544 5.91216
6.31683 1.66299 5.91216
6.3152 1.65497 5.91216
6.29027 1.64287 5.91216
6.29628 1.63965 5.91216
6.29853 1.63571 5.91216
6.28819 1.63431 5.88455
6.286 1.63695 5.88455
6.3149 1.65664 5.88455
6.26027 1.62567 5.88455
6.25425 1.62153 5.88455
6.25816 1.62772 5.85741
6.26557 1.6302 5.85741
6.24959 1.62417 5.85741
6.245 1.63401 5.85741
6.2577 1.64274 5.85741
6.2304 1.62626 5.85741
6.21781 1.61227 5.85741
6.21588 1.61099 5.85741
6.21389 1.60811 5.85741
6.21678 1.60814 5.85741
6.23472 1.61399 5.85741
6.23341 1.61913 5.85741
6.2526 1.63436 5.85741
6.26421 1.63168 5.85741
6.26461 1.63639 5.85741
6.283 1.64909 5.85741
6.26301 1.64602 5.85741
6.25622 1.62888 5.85741
6.26478 1.62713 5.85741
6.26786 1.61994 5.85741
6.24663 1.60934 5.85741
6.27742 1.63682 5.85741
6.2659 1.63181 5.85741
6.26326 1.62397 5.85741
6.26469 1.63409 5.85741
6.27071 1.64727 5.85741
6.28136 1.65233 5.85741
6.25728 1.63116 5.77207
6.24954 1.62647 5.77207
6.24739 1.60851 5.77207
6.24841 1.60484 5.77207
6.22429 1.59062 5.77207
6.20706 1.56825 5.77207
6.19469 1.55672 5.77207
6.19285 1.55377 5.77207
6.19721 1.5484 5.77207
6.20386 1.55452 5.77207
6.17403 1.5384 5.77207
6.17241 1.54039 5.77207
6.18503 1.5376 5.77207
6.18376 1.5312 5.77207
6.19424 1.54412 5.77207
6.16749 1.5273 5.77207
6.13642 1.50509 5.77207
6.18121 1.52207 5.77207
6.14351 1.50567 5.77207
6.16098 1.50816 5.77207
6.15023 1.5018 5.66924
6.17961 1.51891 5.66924
6.12534 1.49243 5.66924
6.07334 1.467 5.66924
6.10362 1.47853 5.66924
6.08595 1.47623 5.60358
6.14456 1.51608 5.60358
6.06553 1.47035 5.60358
5.97685 1.44195 5.54549
5.92662 1.42109 5.54549
5.95604 1.43359 5.54549
5.94193 1.43127 5.54549
5.91666 1.42133 5.54549
5.89208 1.4114 5.54549
5.93874 1.43433 5.54549
5.87922 1.39931 5.54549
5.85565 1.38901 5.54549
5.86312 1.39196 5.54549
5.90963 1.41448 5.54549
5.88876 1.40149 5.54549
5.94526 1.43438 5.54549
5.88832 1.40847 5.54549
5.8828 1.40714 5.54549
5.85772 1.38736 5.54549
5.8548 1.38324 5.54549
5.88198 1.3869 5.54549
5.92019 1.40663 5.54549
5.92092 1.41126 5.54549
5.88606 1.39428 5.54549
5.86756 1.38879 5.54549
5.86231 1.38877 5.54549
5.8503 1.38397 5.54549
5.84818 1.38211 5.54549
5.83118 1.3747 5.54549
5.82339 1.37045 5.54549
5.8107 1.36476 5.54549
5.79848 1.35981 5.54549
5.79435 1.35803 5.54549
5.81921 1.36526 5.54549
5.82191 1.36464 5.54549
5.82555 1.36597 5.54549
5.82861 1.365 5.54549
5.8182 1.35847 5.54549
5.82215 1.36053 5.54549
5.83655 1.36944 5.54549
5.88364 1.39489 5.54549
5.88804 1.39698 5.54549
5.85699 1.37886 5.54549
5.85703 1.37713 5.54549
5.8793 1.39161 5.54549
5.91711 1.40834 5.54549
5.9037 1.39687 5.54549
5.8888 1.38272 5.54549
5.87595 1.38329 5.54549
5.84742 1.37232 5.54549
5.82069 1.35958 5.54549
5.83684 1.36752 5.54549
5.83466 1.36716 5.54549
5.86124 1.3823 5.54549
5.85563 1.3781 5.54549
5.83375 1.36952 5.54549
5.79806 1.35852 5.54549
5.80295 1.3624 5.54549
5.84678 1.3848 5.54549
5.88412 1.40463 5.54549
5.84214 1.37594 5.54549
5.84933 1.37678 5.54549
5.85129 1.37749 5.54549
5.86157 1.37686 5.54549
5.89537 1.38888 5.54549
5.96184 1.42356 5.54549
5.9632 1.4293 5.54549
5.93268 1.41089 5.54549
5.93875 1.40899 5.54549
5.90486 1.39405 5.54549
5.83419 1.36537 5.54549
5.87609 1.38666 5.54549
5.89975 1.39725 5.54549
5.87674 1.3864 5.54549
5.85665 1.38007 5.54549
5.84785 1.3767 5.54549
5.81623 1.36309 5.54549
5.85523 1.38228 5.54549
5.87649 1.39163 5.54549
5.8753 1.39718 5.54549
5.84417 1.38187 5.54549
5.91437 1.42825 5.54549
5.88152 1.40135 5.54549
5.86349 1.38894 5.54549
5.8649 1.39157 5.54549
5.87642 1.39618 5.47801
5.85983 1.3849 5.47801
5.85122 1.38086 5.47801
5.85594 1.37981 5.47801
5.895 1.40597 5.47801
5.88891 1.39995 5.47801
5.94478 1.42866 5.47801
5.92439 1.40883 5.47801
5.91322 1.40388 5.47801
5.89401 1.39257 5.47801
5.89328 1.3851 5.41235
5.85818 1.36491 5.41235
5.82903 1.35128 5.41235
5.80343 1.34347 5.41235
5.73728 1.3132 5.41235
5.66627 1.28128 5.41235
5.65746 1.27715 5.41235
5.65642 1.27773 5.41235
5.64575 1.26722 5.41235
5.63534 1.26287 5.41235
5.62656 1.26348 5.41235
5.60186 1.25469 5.41235
5.57948 1.24439 5.41235
5.50297 1.20245 5.40545
5.49023 1.19699 5.40545
5.46695 1.18411 5.31078
5.43489 1.16522 5.31078
5.43786 1.16558 5.31078
5.43301 1.1642 5.31078
5.44054 1.16614 5.31078
5.43908 1.16665 5.31078
5.43993 1.16554 5.31078
5.44562 1.16668 5.31078
5.43949 1.164 5.31078
5.4468 1.16666 5.31078
5.43333 1.16367 5.31078
5.43294 1.16253 5.31078
5.43911 1.16335 5.31078
5.44044 1.16427 5.31078
5.45057 1.16921 5.31078
5.45474 1.17226 5.31078
5.47003 1.18261 5.31078
5.4412 1.16816 5.31078
5.45124 1.1702 5.31078
5.4403 1.16695 5.31078
5.46216 1.17169 5.31078
5.47132 1.17348 5.31078
5.47044 1.17062 5.31078
5.49042 1.17809 5.31078
5.48339 1.17621 5.31078
5.52813 1.1948 5.31078
5.52555 1.19263 5.31078
5.55098 1.20936 5.31078
5.53548 1.20189 5.31078
5.51204 1.19266 5.31078
5.47761 1.17012 5.31078
5.47976 1.17083 5.31078
5.48771 1.17074 5.31078
5.49305 1.17372 5.31078
5.51108 1.18243 5.31078
5.53049 1.18626 5.31078
5.51891 1.18424 5.31078
5.54929 1.20082 5.31078
5.55881 1.20114 5.30389
5.57955 1.20393 5.30389
5.58538 1.20126 5.30389
5.56405 1.19052 5.30389
5.55366 1.18577 5.30389
5.54752 1.18398 5.30389
5.54683 1.18327 5.30389
5.54211 1.18212 5.30389
5.54499 1.18442 5.30389
5.52315 1.17482 5.30389
5.52063 1.17528 5.30389
5.54792 1.189 5.30389
5.51514 1.17544 5.30389
5.5126 1.17346 5.30389
5.53608 1.18337 5.30389
5.53205 1.18185 5.30389
5.53366 1.18308 5.30389
5.51536 1.17544 5.30389
5.54046 1.18657 5.30389
5.53593 1.18329 5.30389
5.51787 1.17722 5.30389
5.49939 1.16839 5.30389
5.50407 1.17034 5.30389
5.49104 1.1661 5.30389
5.50837 1.175 5.30389
5.48829 1.16646 5.30389
5.51349 1.17701 5.30389
5.49924 1.16993 5.30389
5.49826 1.16983 5.30389
5.507 1.17368 5.30389
5.51409 1.17684 5.30389
5.51106 1.17608 5.30389
5.51725 1.17762 5.30389
5.52699 1.18024 5.30389
5.52668 1.18124 5.30389
5.51405 1.17627 5.30389
5.49656 1.16925 5.30389
5.50185 1.1713 5.30389
5.54342 1.1919 5.30389
5.5128 1.17697 5.30389
5.51038 1.17481 5.30389
5.49252 1.16524 5.30389
5.4903 1.16409 5.30389
5.48778 1.16527 5.30389
5.4884 1.16624 5.30389
5.48517 1.16466 5.30389
5.49551 1.16674 5.30389
5.48674 1.16367 5.30389
5.50146 1.17163 5.30389
5.49751 1.17075 5.30389
5.47889 1.16083 5.30389
5.46878 1.15979 5.30389
5.47806 1.16083 5.30389
5.49164 1.16617 5.30389
5.48831 1.16423 5.30389
5.49359 1.16465 5.30389
5.48972 1.16284 5.30389
5.49267 1.16478 5.30389
5.49565 1.16575 5.30389
5.51469 1.17615 5.30389
5.53706 1.18902 5.30389
5.53093 1.18531 5.30389
5.50373 1.17007 5.30389
5.50255 1.17014 5.30389
5.49845 1.16802 5.30389
5.48524 1.16299 5.30389
5.48365 1.16267 5.30389
5.48392 1.16285 5.30389
5.49916 1.17091 5.30389
5.48465 1.16391 5.30389
5.48154 1.16276 5.30389
5.50838 1.1731 5.30389
5.48821 1.16565 5.30389
5.47967 1.16276 5.30389
5.47908 1.16248 5.30389
5.4756 1.16248 5.30389
5.47651 1.16277 5.30389
5.5022 1.17271 5.30389
5.49746 1.16802 5.30389
5.4982 1.16877 5.30389
5.49022 1.1652 5.30389
5.47999 1.16232 5.30389
5.47936 1.16214 5.30389
5.47532 1.16151 5.30389
5.48365 1.16592 5.30389
5.47472 1.16131 5.30389
5.47626 1.16155 5.30389
5.48392 1.16303 5.30389
5.50315 1.17288 5.30389
5.53514 1.18971 5.30389
5.48737 1.16468 5.30389
5.49315 1.16774 5.30389
5.49243 1.1667 5.30389
5.49463 1.16798 5.30389
5.48558 1.16284 5.30389
5.48788 1.16347 5.30389
5.49586 1.16752 5.30389
5.4926 1.16701 5.30389
5.4758 1.1624 5.30389
5.47347 1.16232 5.30389
5.47615 1.16246 5.30389
5.4781 1.16264 5.30389
5.47696 1.16244 5.30389
5.47725 1.16245 5.30389
5.4792 1.16342 5.30389
5.49239 1.1688 5.30389
5.50725 1.17297 5.30389
5.49335 1.1673 5.30389
5.50929 1.17346 5.30389
5.52377 1.17934 5.30389
5.50652 1.17285 5.30389
5.49619 1.16675 5.30389
5.49459 1.16583 5.30389
5.50239 1.16819 5.30389
5.49091 1.16426 5.30389
5.51734 1.17542 5.30389
5.49502 1.16823 5.30389
5.52654 1.17898 5.30389
5.52861 1.1807 5.30389
5.50341 1.17092 5.30389
5.50636 1.17147 5.30389
5.4951 1.166 5.30389
5.50259 1.16871 5.30389
5.49759 1.16593 5.30389
5.50095 1.1676 5.30389
5.50385 1.16859 5.30389
5.50783 1.17092 5.30389
5.49417 1.16662 5.30389
5.48772 1.16391 5.30389
5.49088 1.16473 5.30389
5.49631 1.16765 5.30389
5.48788 1.16461 5.30389
5.48619 1.16398 5.30389
5.48904 1.16473 5.30389
5.49994 1.16831 5.30389
5.49572 1.16738 5.30389
5.4951 1.167 5.30389
5.49427 1.16741 5.27065
5.49279 1.16721 5.27065
5.50521 1.17203 5.27065
5.51771 1.1767 5.27065
5.56362 1.19725 5.27065
5.53615 1.18262 5.27065
5.55479 1.19416 5.27065
5.55252 1.19349 5.27065
5.51783 1.17511 5.27065
5.51774 1.17343 5.27065
5.50563 1.1697 5.27065
5.51574 1.17393 5.27065
5.51462 1.1729 5.27065
5.51843 1.17355 5.27065
5.51789 1.17608 5.27065
5.51806 1.17622 5.27065
5.54376 1.19064 5.27065
5.54034 1.19001 5.27065
5.5259 1.1792 5.27065
5.5064 1.1714 5.27065
5.51268 1.1736 5.27065
5.51365 1.17445 5.27065
5.49775 1.16802 5.27065
5.50607 1.17134 5.27065
5.51795 1.17553 5.27065
5.52469 1.18047 5.27065
5.52807 1.18456 5.27065
5.52166 1.18509 5.27065
5.49399 1.17147 5.27065
5.47549 1.16419 5.27065
5.49024 1.16909 5.27065
5.48389 1.16561 5.27065
5.48755 1.16719 5.27065
5.54692 1.19862 5.27065
5.54629 1.19538 5.27065
5.50358 1.17316 5.27065
5.58805 1.22067 5.27065
5.5502 1.19214 5.27065
5.54549 1.1929 5.27065
5.56323 1.20332 5.27065
5.54764 1.19489 5.27065
5.55077 1.19808 5.27065
5.5473 1.19668 5.27065
5.54141 1.19683 5.27065
5.50458 1.17789 5.27065
5.51737 1.1837 5.27065
5.51818 1.18266 5.27065
5.53025 1.18487 5.27065
5.51207 1.18075 5.27065
5.54034 1.1972 5.27065
5.54399 1.19533 5.27065
5.60817 1.23623 5.27065
5.60964 1.23504 5.27065
5.61728 1.23849 5.27065
5.54978 1.20118 5.27065
5.54175 1.19887 5.27065
5.56033 1.20883 5.27065
5.56785 1.21225 5.27065
5.55841 1.20687 5.27065
5.56575 1.21411 5.27065
5.56885 1.22144 5.27065
5.54865 1.20709 5.27065
5.53189 1.20139 5.27065
5.53098 1.20113 5.27065
5.5403 1.20643 5.27065
5.52308 1.19083 5.27065
5.51301 1.18267 5.27065
5.49327 1.1718 5.27065
5.47276 1.16613 5.27065
5.48065 1.1676 5.27065
5.47823 1.16705 5.25444
5.48008 1.16702 5.25444
5.47738 1.16664 5.25444
5.47742 1.16695 5.25444
5.48302 1.16965 5.25444
5.49957 1.17358 5.25444
5.49972 1.17266 5.25444
5.50082 1.17313 5.25444
5.51409 1.17683 5.25444
5.50371 1.17136 5.25444
5.52593 1.17958 5.25444
5.5349 1.18219 5.25444
5.53901 1.18382 5.25444
5.53144 1.17971 5.25444
5.52221 1.17721 5.25444
5.52972 1.17941 5.25444
5.54835 1.19023 5.25444
5.52648 1.1824 5.25444
5.52426 1.18234 5.25444
5.51383 1.18127 5.25444
5.52331 1.18479 5.25444
5.52158 1.18359 5.25444
5.49465 1.17498 5.25444
5.48984 1.17601 5.25444
5.51734 1.18463 5.25444
5.51062 1.17929 5.25444
5.50102 1.17963 5.25444
5.50764 1.18242 5.25444
5.5215 1.19337 5.25444
5.49104 1.18043 5.25444
5.5082 1.19005 5.25444
5.45445 1.16979 5.25444
5.45292 1.17109 5.25444
5.49034 1.17999 5.25444
5.52779 1.19342 5.25444
5.54247 1.20129 5.25444
5.51406 1.18663 5.25444
5.52285 1.19253 5.25444
5.49403 1.17913 5.25444
5.48365 1.17461 5.25444
5.48029 1.17552 5.25444
5.50878 1.18773 5.25444
5.51733 1.18881 5.25444
5.49799 1.17996 5.25444
5.48959 1.1776 5.25444
5.47737 1.17401 5.25444
5.47008 1.17344 5.25444
5.46746 1.17279 5.25444
5.44564 1.16622 5.25444
5.43758 1.165 5.25444
5.44819 1.16688 5.25444
5.44406 1.16544 5.25444
5.44536 1.16609 5.25444
5.45457 1.16746 5.25444
5.46448 1.16983 5.25444
5.45899 1.16865 5.25444
5.46158 1.16931 5.25444
5.45834 1.16891 5.25444
5.45817 1.16872 5.25444
5.46998 1.17102 5.25444
5.46209 1.16939 5.25444
5.46535 1.17007 5.25444
5.46894 1.17102 5.25444
5.47026 1.17133 5.25444
5.47282 1.17201 5.25444
5.4692 1.17076 5.25444
5.48517 1.17441 5.25444
5.48642 1.17485 5.25444
5.49294 1.17689 5.25444
5.49585 1.17711 5.25444
5.48386 1.17452 5.25444
5.48701 1.17522 5.25444
5.50263 1.1814 5.25444
5.50037 1.1806 5.25444
5.51541 1.18682 5.25444
5.5133 1.18368 5.25444
5.4962 1.17897 5.25444
5.50329 1.18001 5.25444
5.51634 1.18364 5.25444
5.50446 1.18177 5.25444
5.52104 1.1855 5.25444
5.5066 1.18091 5.25444
5.51286 1.18222 5.25444
5.51473 1.18289 5.25444
5.52365 1.18579 5.25444
5.53746 1.19213 5.25444
5.53861 1.18987 5.25444
5.52552 1.18419 5.25444
5.5237 1.18421 5.25444
5.53125 1.18667 5.25444
5.55529 1.19794 5.25444
5.53935 1.18795 5.25444
5.52888 1.18348 5.25444
5.56675 1.19792 5.25444
5.55896 1.19685 5.25444
5.56132 1.19633 5.25444
5.61179 1.2227 5.25444
5.58 1.20128 5.25444
5.59169 1.20269 5.25444
5.56398 1.18927 5.25444
5.55432 1.1852 5.25444
5.5395 1.17782 5.25444
5.53691 1.17637 5.25444
5.53515 1.17564 5.25444
5.53853 1.17705 5.25444
5.54227 1.17903 5.25444
5.53643 1.17645 5.25444
5.54307 1.18078 5.25444
5.53986 1.17988 5.25444
5.53947 1.17964 5.25444
5.54177 1.18091 5.25444
5.54981 1.18582 5.25444
5.55041 1.18649 5.25444
5.55604 1.18848 5.25444
5.57865 1.20282 5.25444
5.54803 1.18832 5.25444
5.56159 1.20089 5.25444
5.55081 1.18895 5.25444
5.5704 1.20039 5.25444
5.53516 1.18136 5.25444
5.55373 1.1889 5.25444
5.5506 1.18914 5.25444
5.55258 1.19254 5.25444
5.54519 1.18934 5.25444
5.54623 1.18919 5.25444
5.56199 1.19289 5.25444
5.564 1.19294 5.25444
5.56939 1.1943 5.25444
5.58294 1.19682 5.25444
5.57053 1.19004 5.25444
5.59432 1.20014 5.25444
5.59758 1.2013 5.25444
5.59836 1.20112 5.25444
5.59026 1.19749 5.25444
5.58272 1.1933 5.25444
5.56958 1.18885 5.25444
5.58088 1.19307 5.25444
5.57869 1.19367 5.25444
5.57591 1.19372 5.25444
5.57909 1.19665 5.25444
5.56961 1.1932 5.25444
5.56869 1.19433 5.25444
5.55778 1.18771 5.25444
5.5607 1.18861 5.25444
5.54873 1.18486 5.25444
5.55236 1.18558 5.25444
5.56851 1.19049 5.25444
5.57271 1.19353 5.25444
5.57641 1.19536 5.25444
5.5774 1.19521 5.25444
5.59567 1.20266 5.25444
5.62165 1.22385 5.25444
5.59478 1.20769 5.25444
5.61661 1.221 5.25444
5.58434 1.2022 5.25444
5.56123 1.19092 5.25444
5.56781 1.19483 5.25444
5.58551 1.20184 5.25444
5.5919 1.20477 5.25444
5.58996 1.20272 5.25444
5.58058 1.2019 5.25444
5.6059 1.2123 5.25444
5.58543 1.20405 5.25444
5.69998 1.26426 5.25444
5.67142 1.24007 5.25444
5.64093 1.22469 5.25444
5.65618 1.22999 5.25444
5.62766 1.21659 5.25444
5.63779 1.22262 5.25444
5.66102 1.2332 5.25444
5.62392 1.21506 5.25444
5.62156 1.21283 5.25444
5.62068 1.21429 5.25444
5.62721 1.21942 5.25444
5.65878 1.23547 5.25444
5.64627 1.22969 5.25444
5.69319 1.25381 5.25444
5.68606 1.25027 5.25444
5.6721 1.24115 5.25444
5.67198 1.24386 5.25444
5.71577 1.26675 5.25444
5.71437 1.26469 5.25444
5.71101 1.26142 5.25444
5.65812 1.23725 5.25444
5.6505 1.23036 5.25444
5.6574 1.23333 5.25444
5.64719 1.22749 5.25444
5.65568 1.23094 5.25444
5.67944 1.23819 5.25444
5.71339 1.25499 5.25444
5.6888 1.24757 5.25444
5.67255 1.23803 5.25444
5.67631 1.23821 5.25444
5.66063 1.23223 5.25444
5.66381 1.23425 5.25444
5.6851 1.24149 5.25444
5.67496 1.23435 5.25444
5.68074 1.23929 5.25444
5.64727 1.22605 5.25444
5.68526 1.24696 5.25444
5.64297 1.22389 5.25444
5.65014 1.22655 5.25444
5.65721 1.22409 5.25444
5.65526 1.22123 5.25444
5.6572 1.2207 5.25444
5.65431 1.21933 5.25444
5.64923 1.21746 5.25444
5.64764 1.21815 5.25444
5.64859 1.2191 5.25444
5.66866 1.22969 5.25444
5.65188 1.22608 5.25444
5.70055 1.25812 5.25444
5.69053 1.24546 5.25444
5.66669 1.23444 5.25444
5.65497 1.22821 5.25444
5.65821 1.22748 5.25444
5.66713 1.23133 5.25444
5.66029 1.22967 5.25444
5.65305 1.22597 5.25444
5.66119 1.23103 5.25444
5.6586 1.22837 5.25444
5.66018 1.2308 5.25444
5.6509 1.22521 5.25444
5.65701 1.22965 5.25444
5.66272 1.23319 5.25444
5.67213 1.23409 5.25444
5.66596 1.22938 5.25444
5.65565 1.2256 5.25444
5.66552 1.23055 5.25444
5.70192 1.25258 5.25444
5.65723 1.23102 5.25444
5.63585 1.22073 5.25444
5.6327 1.21969 5.25444
5.64668 1.2256 5.25444
5.65065 1.22567 5.25444
5.65025 1.22553 5.25444
5.63004 1.21588 5.25444
5.63869 1.22113 5.25444
5.63236 1.21912 5.25444
5.62605 1.21558 5.25444
5.63478 1.21918 5.25444
5.64368 1.22193 5.25444
5.63022 1.21399 5.25444
5.62868 1.21552 5.25444
5.61055 1.20735 5.25444
5.6207 1.21085 5.25444
5.61486 1.20851 5.25444
5.59478 1.20271 5.25444
5.5974 1.20343 5.25444
5.60108 1.20492 5.25444
5.60164 1.20479 5.25444
5.60951 1.20971 5.25444
5.58667 1.20257 5.25444
5.57849 1.19983 5.25444
5.58096 1.19981 5.25444
5.59387 1.20365 5.25444
5.58521 1.20214 5.25444
5.61028 1.21191 5.25444
5.62468 1.21675 5.25444
5.66829 1.23352 5.25444
5.71531 1.25505 5.25444
5.64991 1.22348 5.25444
5.63801 1.218 5.25444
5.61148 1.21114 5.25444
5.60622 1.21249 5.25444
5.62069 1.21756 5.25444
5.63684 1.2243 5.25444
5.64217 1.22673 5.25444
5.63846 1.22526 5.25444
5.63307 1.2218 5.25444
5.71445 1.27322 5.25444
5.63259 1.22445 5.25444
5.62609 1.22177 5.25444
5.62835 1.22023 5.25444
5.61522 1.21676 5.25444
5.61462 1.21951 5.25444
5.59118 1.20945 5.25444
5.5769 1.20587 5.25444
5.57281 1.20474 5.25444
5.58849 1.20763 5.25444
5.63974 1.23634 5.25444
5.59718 1.21579 5.25444
5.57924 1.20512 5.25444
5.58959 1.20929 5.25444
5.5801 1.20604 5.25444
5.59795 1.21309 5.25444
5.60379 1.2129 5.25444
5.59243 1.20861 5.25444
5.59442 1.21065 5.25444
5.56263 1.20245 5.25444
5.55106 1.20002 5.25444
5.56209 1.20293 5.25444
5.57303 1.20429 5.25444
5.57086 1.20769 5.25444
5.55023 1.19993 5.25444
5.53577 1.19693 5.25444
5.54537 1.20028 5.25444
5.54282 1.19719 5.25444
5.55204 1.19935 5.25444
5.53831 1.19661 5.25444
5.54484 1.19875 5.25444
5.53533 1.1947 5.25444
5.54864 1.19805 5.25444
5.54194 1.19495 5.25444
5.55687 1.19854 5.25444
5.55127 1.1962 5.25444
5.61158 1.22878 5.25444
5.5855 1.20614 5.25444
5.6025 1.2092 5.25444
5.58442 1.2044 5.25444
5.58471 1.20469 5.25444
5.58837 1.20824 5.25444
5.56588 1.19907 5.25444
5.59751 1.21018 5.25444
5.60592 1.21537 5.25444
5.58314 1.20601 5.25444
5.5531 1.19957 5.25444
5.55174 1.1998 5.25444
5.5705 1.20454 5.25444
5.60808 1.22563 5.25444
5.55874 1.20367 5.25444
5.54316 1.19981 5.25444
5.53158 1.19733 5.25444
5.49905 1.1902 5.25444
5.51629 1.19378 5.25444
5.50472 1.19078 5.25444
5.50647 1.19329 5.25444
5.51197 1.19883 5.25444
5.51005 1.19125 5.25444
5.52456 1.19412 5.25444
5.55472 1.20907 5.25444
5.51982 1.19587 5.25444
5.49352 1.18758 5.25444
5.45698 1.17894 5.25444
5.43363 1.17361 5.24755
5.41958 1.17801 5.24755
5.39652 1.16618 5.24755
5.40269 1.16724 5.24755
5.4351 1.18561 5.24755
5.37096 1.15814 5.24755
5.37032 1.15812 5.24755
5.39393 1.16188 5.24755
5.36526 1.15474 5.24755
5.35673 1.15383 5.24755
5.35972 1.15702 5.24755
5.37496 1.17445 5.24755
5.34439 1.15405 5.24755
5.35403 1.15534 5.24755
5.35237 1.15322 5.24755
5.36495 1.15323 5.24755
5.36305 1.15345 5.24755
5.38326 1.1647 5.24755
5.35265 1.15408 5.24755
5.37195 1.16023 5.24755
5.37381 1.15967 5.24755
5.35187 1.15476 5.24755
5.35296 1.15834 5.24755
5.37047 1.16767 5.24755
5.39618 1.17683 5.24755
5.38428 1.17482 5.24755
5.36238 1.16614 5.24755
5.34908 1.16169 5.24755
5.35154 1.16514 5.24755
5.34096 1.16083 5.24755
5.35358 1.16442 5.24755
5.36905 1.16913 5.24755
5.41163 1.18178 5.24755
5.4697 1.21542 5.24755
5.46506 1.20964 5.24755
5.42933 1.18394 5.24755
5.43792 1.18832 5.24755
5.41909 1.18361 5.24755
5.42314 1.18432 5.24755
5.40897 1.18547 5.24755
5.40192 1.17979 5.24755
5.39057 1.17514 5.24755
5.3676 1.16915 5.24755
5.37368 1.17205 5.24755
5.36276 1.16777 5.24755
5.37098 1.17132 5.24755
5.37632 1.16964 5.24755
5.3828 1.17329 5.24755
5.38838 1.17715 5.24755
5.39054 1.1799 5.24755
5.39776 1.18483 5.24755
5.40354 1.18458 5.24755
5.37764 1.1713 5.24755
5.39813 1.18007 5.24755
5.37264 1.16773 5.24755
5.37096 1.16781 5.24755
5.38694 1.17222 5.24755
5.38565 1.17227 5.24755
5.38629 1.17128 5.24755
5.39609 1.17595 5.24755
5.36866 1.16584 5.24755
5.35145 1.16096 5.24755
5.35385 1.16224 5.24755
5.3667 1.1665 5.24755
5.37945 1.175 5.24755
5.36991 1.16734 5.24755
5.35637 1.16133 5.24755
5.37191 1.16672 5.24755
5.35108 1.15983 5.24755
5.35321 1.15839 5.24755
5.36221 1.161 5.24755
5.37788 1.16701 5.24755
5.37662 1.16382 5.24755
5.37623 1.16323 5.24755
5.36148 1.15782 5.24755
5.38137 1.16289 5.24755
5.36866 1.1591 5.24755
5.39896 1.16985 5.24755
5.40369 1.1718 5.24755
5.3973 1.17166 5.24755
5.45927 1.2023 5.24755
5.42813 1.19295 5.24755
5.38104 1.16505 5.24755
5.33731 1.14948 5.24755
5.33182 1.1488 5.24755
5.34653 1.15249 5.24755
5.35926 1.15591 5.24755
5.36935 1.16075 5.24755
5.39296 1.17043 5.24755
5.43372 1.18876 5.24755
5.42536 1.18168 5.24755
5.40776 1.17499 5.24755
5.42681 1.18346 5.24755
5.39501 1.17134 5.24755
5.38624 1.16627 5.24755
5.41651 1.17769 5.24755
5.4249 1.17881 5.24755
5.41648 1.17308 5.24755
5.403 1.16797 5.24755
5.38295 1.16082 5.24755
5.36539 1.15416 5.24755
5.37898 1.15553 5.24755
5.39953 1.16494 5.24755
5.39041 1.16052 5.24755
5.4142 1.16563 5.24755
5.41304 1.16293 5.24755
5.39801 1.1581 5.24755
5.40144 1.15973 5.24755
5.43024 1.16578 5.24755
5.44316 1.16956 5.24755
5.4551 1.17312 5.24755
5.45954 1.17521 5.24755
5.45357 1.17354 5.24755
5.48009 1.18849 5.24755
5.47403 1.1986 5.24755
5.45861 1.18632 5.24755
5.43504 1.17158 5.24755
5.44433 1.17759 5.24755
5.43365 1.17139 5.24755
5.43709 1.17312 5.24755
5.44086 1.17396 5.24755
5.43301 1.17301 5.24755
5.44565 1.17861 5.24755
5.44207 1.17819 5.24755
5.42227 1.17047 5.24755
5.39985 1.16303 5.24755
5.39849 1.16351 5.24755
5.40631 1.16649 5.24755
5.39553 1.16172 5.24755
5.425 1.17198 5.24755
5.40243 1.16316 5.24755
5.43607 1.17329 5.24755
5.43098 1.16938 5.24755
5.42065 1.16592 5.24755
5.42732 1.16948 5.24755
5.42241 1.16708 5.24755
5.44171 1.17472 5.24755
5.4353 1.17192 5.24755
5.44494 1.17436 5.24755
5.44651 1.17894 5.24755
5.43318 1.17563 5.24755
5.49766 1.20631 5.24755
5.48006 1.19169 5.24755
5.43807 1.17449 5.24755
5.45175 1.17815 5.24755
5.44259 1.17296 5.24755
5.44746 1.17765 5.24755
5.47611 1.19388 5.24755
5.47922 1.19482 5.24755
5.47309 1.19208 5.24755
5.47743 1.19648 5.24755
5.49826 1.20262 5.24755
5.49642 1.20244 5.24755
5.50051 1.20269 5.24755
5.51987 1.21678 5.24755
5.46289 1.18476 5.24755
5.45657 1.18406 5.24755
5.42963 1.17153 5.24755
5.45403 1.18262 5.24755
5.45087 1.18169 5.24755
5.45716 1.18246 5.24755
5.45084 1.17962 5.24755
5.44286 1.17542 5.24755
5.47226 1.18584 5.24755
5.46944 1.18295 5.24755
5.48557 1.18546 5.24755
5.50359 1.19448 5.24755
5.51497 1.19993 5.24755
5.48108 1.18706 5.24755
5.47587 1.18138 5.24755
5.47178 1.18104 5.24755
5.48257 1.18434 5.24755
5.61503 1.25405 5.24755
5.55513 1.22207 5.24755
5.52719 1.2051 5.24755
5.47859 1.18447 5.24755
5.46703 1.1832 5.24755
5.48173 1.18661 5.24755
5.48766 1.19128 5.24755
5.4798 1.18844 5.24755
5.47295 1.18274 5.24755
5.4629 1.17866 5.24755
5.46925 1.18216 5.24755
5.47271 1.18427 5.24755
5.47319 1.18314 5.24755
5.48739 1.18651 5.24755
5.49313 1.19341 5.24755
5.49005 1.18831 5.24755
5.4837 1.1874 5.24755
5.47917 1.18596 5.24755
5.4985 1.19149 5.24755
5.4984 1.18982 5.24755
5.5034 1.19537 5.24755
5.4992 1.19312 5.24755
5.45532 1.17678 5.24755
5.47472 1.18289 5.24755
5.49229 1.18871 5.24755
5.51286 1.19409 5.24755
5.51028 1.19738 5.24755
5.52776 1.20461 5.24755
5.526 1.20272 5.24755
5.55576 1.22615 5.24755
5.55926 1.22465 5.24755
5.54185 1.20927 5.24755
5.50223 1.1858 5.24755
5.49637 1.18264 5.24755
5.51017 1.18648 5.24755
5.51429 1.18759 5.24755
5.52857 1.19416 5.24755
5.52574 1.19057 5.24755
5.52687 1.19133 5.24755
5.52198 1.19071 5.24755
5.52352 1.19036 5.24755
5.53558 1.19635 5.24755
5.53771 1.19655 5.24755
5.53989 1.1981 5.24755
5.53461 1.19481 5.24755
5.52935 1.1921 5.24755
5.52178 1.18837 5.24755
5.52129 1.18819 5.24755
5.55408 1.20315 5.24755
5.57951 1.21547 5.24755
5.59305 1.22601 5.24755
5.53709 1.19311 5.24755
5.52923 1.19121 5.24755
5.55101 1.20261 5.24755
5.53878 1.20075 5.24755
5.53729 1.19904 5.24755
5.53534 1.1973 5.24755
5.49417 1.18021 5.24755
5.50421 1.18267 5.24755
5.48089 1.17455 5.24755
5.47192 1.174 5.24755
5.46848 1.17258 5.24755
5.46623 1.17106 5.24755
5.48661 1.17742 5.24755
5.48376 1.17269 5.24755
5.48943 1.17473 5.24755
5.51746 1.18843 5.24755
5.5133 1.18666 5.24755
5.54756 1.20548 5.24755
5.51853 1.18995 5.24755
5.50165 1.18083 5.24755
5.51186 1.18458 5.24755
5.56329 1.21386 5.24755
5.53234 1.19351 5.24755
5.53679 1.19299 5.24755
5.59634 1.22211 5.24755
5.59122 1.21831 5.24755
5.60779 1.22388 5.24755
5.59157 1.21273 5.24755
5.63764 1.23909 5.24755
5.62123 1.23118 5.24755
5.58243 1.20786 5.24755
5.58344 1.21479 5.24755
5.57038 1.20708 5.24755
5.58341 1.21433 5.24755
5.54793 1.19726 5.24755
5.54962 1.19638 5.24755
5.56718 1.20469 5.24755
5.53715 1.19286 5.24755
5.52483 1.19002 5.24755
5.52733 1.19083 5.24755
5.55032 1.19728 5.24755
5.54563 1.19589 5.24755
5.5462 1.1982 5.24755
5.54474 1.19582 5.24755
5.53478 1.19316 5.24755
5.53489 1.19423 5.24755
5.54233 1.19561 5.24755
5.53838 1.19459 5.24755
5.53026 1.19327 5.24755
5.53003 1.19163 5.24755
5.54571 1.20022 5.24755
5.54812 1.20075 5.24755
5.53659 1.19872 5.24755
5.55798 1.20712 5.24755
5.56723 1.21156 5.24755
5.5832 1.21802 5.24755
5.59514 1.22415 5.24755
5.60129 1.22807 5.24755
5.55264 1.20851 5.24755
5.55319 1.20761 5.24755
5.54935 1.20885 5.24755
5.53846 1.20775 5.24755
5.54747 1.21478 5.24755
5.61945 1.25364 5.24755
5.54397 1.21585 5.24755
5.52138 1.20977 5.24755
5.53406 1.21292 5.24755
5.5285 1.20712 5.24755
5.52831 1.20947 5.24755
5.56584 1.22888 5.24755
5.57407 1.23115 5.24755
5.54181 1.21076 5.24755
5.57706 1.22806 5.24755
5.57671 1.22762 5.24755
5.53595 1.20651 5.24755
5.5254 1.1979 5.24755
5.52236 1.19679 5.24755
5.52325 1.19955 5.24755
5.52362 1.1987 5.24755
5.5254 1.19687 5.24755
5.53501 1.20295 5.24755
5.52736 1.19817 5.24755
5.52339 1.19839 5.24755
5.52352 1.20012 5.24755
5.52566 1.20106 5.24755
5.53104 1.20453 5.24755
5.54949 1.21081 5.24755
5.55339 1.21369 5.24755
5.53878 1.21143 5.24755
5.55223 1.21736 5.24755
5.52621 1.20397 5.24755
5.52126 1.20136 5.24755
5.53716 1.20714 5.24755
5.5125 1.19841 5.24755
5.5108 1.1977 5.24755
5.51122 1.19944 5.24755
5.52074 1.19942 5.24755
5.50587 1.18701 5.24755
5.51045 1.19242 5.24755
5.52206 1.19218 5.24755
5.5148 1.18854 5.24755
5.52033 1.19066 5.24755
5.52796 1.1946 5.24755
5.52762 1.19608 5.24755
5.54691 1.20577 5.24755
5.53105 1.19879 5.24755
5.52783 1.19657 5.24755
5.52761 1.19576 5.24755
5.51842 1.19278 5.24755
5.51697 1.19199 5.24755
5.52799 1.19679 5.24755
5.52706 1.19658 5.24755
5.52586 1.19586 5.24755
5.53221 1.19724 5.24755
5.53806 1.19981 5.24755
5.55044 1.20801 5.24755
5.53241 1.19596 5.24755
5.53585 1.19701 5.24755
5.5606 1.20656 5.24755
5.55641 1.20622 5.24755
5.54794 1.2028 5.24755
5.54937 1.20324 5.24755
5.55659 1.2053 5.24755
5.558 1.20697 5.24755
5.57005 1.21196 5.24755
5.55888 1.20611 5.24755
5.55722 1.20657 5.24755
5.54859 1.20264 5.24755
5.55186 1.20451 5.24755
5.54427 1.20065 5.24755
5.55141 1.20437 5.24755
5.5513 1.20388 5.24755
5.5509 1.20247 5.24755
5.54007 1.19724 5.24755
5.54781 1.20221 5.24755
5.53532 1.19499 5.24755
5.52712 1.19101 5.24755
5.5245 1.19035 5.24755
5.53591 1.19632 5.24755
5.54313 1.19912 5.24755
5.64727 1.26721 5.24755
5.56256 1.20841 5.24755
5.56599 1.21265 5.24755
5.55935 1.20832 5.24755
5.56406 1.21263 5.24755
5.56517 1.21155 5.24755
5.57271 1.21493 5.24755
5.54221 1.19882 5.24755
5.54779 1.20279 5.24755
5.54875 1.2042 5.24755
5.57407 1.21738 5.24755
5.55871 1.20926 5.24755
5.55544 1.20681 5.24755
5.54468 1.20193 5.24755
5.58063 1.22043 5.24755
5.5835 1.2255 5.24755
5.53644 1.1958 5.24755
5.54448 1.20053 5.24755
5.54447 1.20066 5.24755
5.56311 1.21098 5.24755
5.54438 1.20043 5.24755
5.54499 1.2005 5.24755
5.5769 1.2142 5.24755
5.54804 1.2016 5.24755
5.54566 1.19998 5.24755
5.53877 1.19793 5.24755
5.53297 1.19537 5.24755
5.56377 1.20719 5.24755
5.55893 1.20583 5.24755
5.5466 1.20018 5.24755
5.51937 1.18949 5.24755
5.54183 1.20097 5.24755
5.52593 1.19398 5.24755
5.53131 1.19625 5.24755
5.52559 1.19265 5.24755
5.53174 1.19552 5.24755
5.52711 1.19448 5.24755
5.5286 1.19455 5.24755
5.51988 1.19319 5.24755
5.52254 1.19278 5.24755
5.51639 1.1911 5.24755
5.52261 1.19234 5.24755
5.55803 1.20752 5.24755
5.56331 1.20715 5.24755
5.64463 1.25936 5.24755
5.62594 1.24866 5.24755
5.58071 1.21822 5.24755
5.59243 1.22563 5.24755
5.59929 1.23008 5.24755
5.60428 1.23432 5.24755
5.57257 1.21844 5.24755
5.56238 1.21452 5.24755
5.54916 1.20842 5.24755
5.54143 1.20695 5.24755
5.53277 1.20387 5.24755
5.50955 1.19399 5.24755
5.51857 1.20147 5.24755
5.54019 1.21544 5.24755
5.50702 1.19665 5.24755
5.49004 1.18774 5.24755
5.50308 1.19554 5.24755
5.49826 1.18986 5.24755
5.46922 1.17523 5.24755
5.48947 1.18609 5.24755
5.4796 1.18436 5.24755
5.46482 1.17829 5.24755
5.52173 1.21203 5.24755
5.53246 1.21384 5.24755
5.51471 1.19772 5.24755
5.49691 1.18136 5.24755
5.48632 1.17858 5.24755
5.48984 1.18289 5.24755
5.50099 1.18748 5.24755
5.5151 1.18994 5.24755
5.52297 1.19415 5.24755
5.50708 1.18346 5.24755
5.49216 1.1822 5.24755
5.55002 1.20678 5.24755
5.50958 1.1885 5.24755
5.50492 1.1829 5.24755
5.50637 1.18541 5.24755
5.503 1.1858 5.24755
5.50034 1.18831 5.24755
5.49128 1.18766 5.24755
5.50933 1.19278 5.24755
5.49385 1.1882 5.24755
5.50076 1.19382 5.24755
5.53237 1.20831 5.24755
5.51213 1.19548 5.24755
5.5062 1.1955 5.24755
5.46051 1.17502 5.24755
5.46184 1.17425 5.24755
5.47378 1.18105 5.24755
5.47985 1.18309 5.24755
5.47129 1.17876 5.24755
5.45793 1.17102 5.24755
5.46806 1.17843 5.24755
5.4588 1.17348 5.24755
5.48033 1.18662 5.24755
5.44821 1.16685 5.24755
5.48338 1.18405 5.24755
5.49863 1.19256 5.24755
5.5021 1.19469 5.24755
5.50241 1.1949 5.24755
5.49089 1.19133 5.24755
5.48095 1.185 5.24755
5.487 1.19123 5.24755
5.49385 1.19321 5.24755
5.52514 1.21114 5.24755
5.5067 1.20052 5.24755
5.51255 1.20287 5.24755
5.51122 1.20225 5.24755
5.51274 1.20296 5.24755
5.53345 1.21596 5.24755
5.55071 1.22129 5.24755
5.53493 1.21408 5.24755
5.60894 1.25197 5.24755
5.52327 1.20995 5.24755
5.57823 1.23685 5.24755
5.54779 1.22125 5.24755
5.54108 1.21945 5.24755
5.52942 1.21449 5.24755
5.49755 1.19841 5.24755
5.51292 1.20569 5.24755
5.49156 1.19126 5.24755
5.51032 1.20003 5.24755
5.4966 1.19145 5.24755
5.47708 1.18289 5.24755
5.4749 1.18027 5.24755
5.48418 1.18751 5.24755
5.46153 1.17789 5.24755
5.45575 1.1756 5.24755
5.47274 1.18415 5.24755
5.44477 1.17049 5.24755
5.44612 1.17315 5.24755
5.43021 1.17005 5.24755
5.42984 1.17059 5.24755
5.45966 1.18501 5.24755
5.43313 1.1715 5.24755
5.43376 1.17139 5.24755
5.45152 1.17913 5.24755
5.44682 1.17495 5.24755
5.44368 1.17441 5.24755
5.44963 1.17976 5.24755
5.47914 1.19288 5.24755
5.50898 1.21699 5.24755
5.44412 1.17298 5.24755
5.46829 1.18643 5.24755
5.44832 1.1751 5.24755
5.43645 1.16796 5.24755
5.43967 1.17176 5.24755
5.44596 1.17629 5.24755
5.46794 1.19041 5.24755
5.47123 1.19226 5.24755
5.46331 1.189 5.24755
5.46769 1.1865 5.24755
5.45368 1.179 5.24755
5.4751 1.18853 5.24755
5.48954 1.19764 5.24755
5.50657 1.20476 5.24755
5.53797 1.21968 5.24755
5.5488 1.21781 5.24755
5.53535 1.20679 5.24755
5.50788 1.19478 5.24755
5.52536 1.20297 5.24755
5.52301 1.19956 5.24755
5.50076 1.1902 5.24755
5.49144 1.18528 5.24755
5.52709 1.20607 5.24755
5.48564 1.18338 5.24755
5.48539 1.18355 5.24755
5.49898 1.19039 5.24755
5.49501 1.18911 5.24755
5.49115 1.18645 5.24755
5.4752 1.18128 5.24755
5.45255 1.17071 5.24755
5.448 1.16859 5.24755
5.44345 1.16742 5.24755
5.44255 1.16683 5.24755
5.45892 1.17393 5.24755
5.45777 1.17427 5.24755
5.48192 1.18371 5.24755
5.48459 1.18659 5.24755
5.4719 1.18691 5.24755
5.4772 1.18785 5.24755
5.46947 1.18418 5.24755
5.46892 1.18114 5.24755
5.47084 1.18112 5.24755
5.50633 1.19439 5.24755
5.50454 1.19284 5.24755
5.51177 1.19663 5.24755
5.5205 1.20493 5.24755
5.51076 1.20136 5.24755
5.48614 1.18679 5.24755
5.49872 1.19603 5.24755
5.4979 1.19097 5.24755
5.51901 1.20035 5.24755
5.50513 1.19364 5.24755
5.51002 1.19303 5.24755
5.51566 1.19427 5.24755
5.54025 1.20916 5.24755
5.57704 1.23898 5.24755
5.53313 1.21477 5.24755
5.55985 1.23102 5.24755
5.52656 1.2056 5.24755
5.50695 1.18975 5.24755
5.51382 1.19402 5.24755
5.56565 1.23001 5.24755
5.52281 1.20633 5.24755
5.50565 1.19491 5.24755
5.49746 1.19927 5.24755
5.47563 1.18763 5.24755
5.47396 1.18575 5.24755
5.48903 1.19166 5.24755
5.45514 1.17564 5.24755
5.47049 1.18362 5.24755
5.4461 1.17129 5.24755
5.45926 1.17546 5.24755
5.45372 1.17324 5.24755
5.47186 1.1812 5.24755
5.47968 1.18577 5.24755
5.48202 1.18387 5.24755
5.47401 1.18115 5.24755
5.51219 1.20184 5.24755
5.52778 1.20799 5.24755
5.52284 1.20817 5.24755
5.50306 1.20183 5.24755
5.46691 1.18213 5.24755
5.47192 1.18335 5.24755
5.44941 1.17581 5.24755
5.40262 1.16095 5.24755
5.38851 1.15596 5.24755
5.40136 1.15964 5.24755
5.40947 1.16248 5.24755
5.38842 1.15633 5.24755
5.39642 1.15765 5.24755
5.40992 1.16126 5.24755
5.40283 1.15979 5.24755
5.39541 1.15822 5.24755
5.38707 1.15563 5.24755
5.38356 1.15475 5.24755
5.39283 1.15735 5.24755
5.36526 1.14891 5.24755
5.37196 1.15061 5.24755
5.37715 1.15137 5.24755
5.37088 1.15011 5.24755
5.37196 1.15022 5.24755
5.37387 1.15048 5.24755
5.36731 1.14909 5.24755
5.37373 1.15108 5.24755
5.38178 1.15387 5.24755
5.37662 1.15237 5.24755
5.39559 1.16016 5.24755
5.38832 1.1563 5.24755
5.38598 1.15753 5.24755
5.3759 1.15235 5.24755
5.37715 1.1526 5.24755
5.38868 1.15949 5.24755
5.39203 1.15864 5.24755
5.39427 1.15988 5.24755
5.39566 1.15837 5.24755
5.41261 1.1713 5.24755
5.40223 1.16144 5.24755
5.39753 1.15933 5.24755
5.37692 1.15294 5.24755
5.38328 1.15567 5.24755
5.37677 1.15484 5.24755
5.3784 1.15575 5.24755
5.39682 1.16059 5.24755
5.38399 1.15662 5.24755
5.38965 1.15824 5.24755
5.37645 1.15453 5.24755
5.37136 1.15362 5.24755
5.37862 1.15521 5.24755
5.37188 1.15422 5.24755
5.38932 1.16108 5.24755
5.41397 1.17544 5.24755
5.38715 1.16179 5.24755
5.3749 1.15714 5.24755
5.36663 1.15343 5.24755
5.36129 1.15282 5.24755
5.35811 1.15265 5.24755
5.35709 1.15274 5.24755
5.34954 1.15134 5.24755
5.34987 1.15163 5.24755
5.38364 1.1677 5.24755
5.38111 1.16424 5.24755
5.36588 1.15667 5.24755
5.38939 1.16957 5.24755
5.3561 1.15502 5.24755
5.34411 1.15101 5.24755
5.35127 1.15393 5.24755
5.33834 1.14975 5.24755
5.33969 1.15002 5.24755
5.34507 1.15123 5.24755
5.33994 1.15014 5.24755
5.34769 1.15206 5.24755
5.34539 1.15165 5.24755
5.34252 1.15104 5.24755
5.34517 1.15154 5.24755
5.33965 1.15022 5.24755
5.35824 1.15595 5.24755
5.34377 1.15124 5.24755
5.35476 1.15492 5.24755
5.35416 1.15482 5.24755
5.34449 1.15163 5.24755
5.34078 1.15045 5.24755
5.34152 1.15026 5.24755
5.34259 1.15051 5.24755
5.3425 1.15045 5.24755
5.35047 1.15231 5.24755
5.35039 1.15312 5.24755
5.36212 1.15722 5.24755
5.37809 1.16378 5.24755
5.37045 1.15907 5.24755
5.35983 1.15525 5.24755
5.36616 1.15701 5.24755
5.38684 1.16455 5.24755
5.38858 1.16505 5.24755
5.39273 1.16715 5.24755
5.37499 1.15978 5.24755
5.39323 1.16845 5.24755
5.38687 1.16467 5.24755
5.49368 1.22622 5.24755
5.46486 1.2041 5.24755
5.46537 1.20754 5.24755
5.43699 1.19212 5.24755
5.43534 1.19269 5.24755
5.44582 1.20143 5.24755
5.42828 1.19266 5.24755
5.41568 1.18519 5.24755
5.44571 1.1981 5.24755
5.43185 1.19011 5.24755
5.45712 1.20377 5.24755
5.45128 1.19962 5.24755
5.43485 1.19131 5.24755
5.43632 1.19374 5.24755
5.37582 1.16059 5.24755
5.36233 1.15417 5.24755
5.36447 1.15485 5.24755
5.38289 1.16271 5.24755
5.36342 1.1546 5.24755
5.37388 1.15722 5.24755
5.37814 1.16035 5.24755
5.35679 1.15326 5.24755
5.38166 1.16123 5.24755
5.37176 1.15717 5.24755
5.3789 1.1609 5.24755
5.38502 1.16454 5.24755
5.38742 1.16486 5.24755
5.37742 1.1601 5.24755
5.39266 1.1655 5.24755
5.431 1.18277 5.24755
5.48039 1.21078 5.24755
5.49322 1.21241 5.24755
5.44743 1.18952 5.24755
5.43289 1.18388 5.24755
5.44875 1.19277 5.24755
5.43994 1.19192 5.24755
5.46927 1.20578 5.24755
5.45564 1.20082 5.24755
5.46426 1.20498 5.24755
5.43521 1.18993 5.24755
5.44276 1.18874 5.24755
5.43329 1.18501 5.24755
5.43669 1.18593 5.24755
5.48819 1.21056 5.24755
5.44789 1.1893 5.24755
5.41598 1.17848 5.24755
5.42025 1.17948 5.24755
5.41551 1.17611 5.24755
5.39329 1.16679 5.24755
5.39542 1.17001 5.24755
5.39479 1.16795 5.24755
5.39603 1.17056 5.24755
5.39197 1.16664 5.24755
5.415 1.1806 5.24755
5.40919 1.17726 5.24755
5.38071 1.16511 5.24755
5.39398 1.17066 5.24755
5.38733 1.16741 5.24755
5.37363 1.15947 5.24755
5.37907 1.16219 5.24755
5.39555 1.16992 5.24755
5.42387 1.18273 5.24755
5.41265 1.17765 5.24755
5.45234 1.19568 5.24755
5.41826 1.17752 5.24755
5.42433 1.18164 5.24755
5.41673 1.1769 5.24755
5.40373 1.1717 5.24755
5.4033 1.17141 5.24755
5.40135 1.16914 5.24755
5.40267 1.16746 5.24755
5.41747 1.17526 5.24755
5.40552 1.17014 5.24755
5.39499 1.16689 5.24755
5.39763 1.16794 5.24755
5.43145 1.18412 5.24755
5.44565 1.18975 5.24755
5.46996 1.20081 5.24755
5.42968 1.1783 5.24755
5.44115 1.18084 5.24755
5.43037 1.17606 5.24755
5.43337 1.17725 5.24755
5.43651 1.17796 5.24755
5.45038 1.18485 5.24755
5.45271 1.18546 5.24755
5.43101 1.17568 5.24755
5.42555 1.17338 5.24755
5.44469 1.18037 5.24755
5.47727 1.19527 5.24755
5.49934 1.20783 5.24755
5.50619 1.21109 5.24755
5.45203 1.18191 5.24755
5.46407 1.18722 5.24755
5.48241 1.1911 5.24755
5.48141 1.18903 5.24755
5.46887 1.1822 5.24755
5.48812 1.18938 5.24755
5.47399 1.18498 5.24755
5.47543 1.18493 5.24755
5.46763 1.18103 5.24755
5.47311 1.18313 5.24755
5.46896 1.18234 5.24755
5.47453 1.18351 5.24755
5.48797 1.19261 5.24755
5.47795 1.1848 5.24755
5.47106 1.1833 5.24755
5.48391 1.18735 5.24755
5.48393 1.18772 5.24755
5.48577 1.18946 5.24755
5.48013 1.18933 5.24755
5.49574 1.1964 5.24755
5.49322 1.19465 5.24755
5.4765 1.18806 5.24755
5.48249 1.19316 5.24755
5.50416 1.20309 5.24755
5.52528 1.21115 5.24755
5.51181 1.20223 5.24755
5.50585 1.19681 5.24755
5.52311 1.21003 5.24755
5.52321 1.20589 5.24755
5.52697 1.20755 5.24755
5.50679 1.19788 5.24755
5.50409 1.20038 5.24755
5.4999 1.19794 5.24755
5.49387 1.19659 5.24755
5.48674 1.19362 5.24755
5.50091 1.2024 5.24755
5.47536 1.18925 5.24755
5.47761 1.19069 5.24755
5.47199 1.18776 5.24755
5.46714 1.18619 5.24755
5.45864 1.1818 5.24755
5.45603 1.18144 5.24755
5.45278 1.18076 5.24755
5.44708 1.17982 5.24755
5.44708 1.17986 5.24755
5.46517 1.18843 5.24755
5.44678 1.18035 5.24755
5.44421 1.17937 5.24755
5.44722 1.1799 5.24755
5.49427 1.20505 5.24755
5.4496 1.18048 5.24755
5.44625 1.17969 5.24755
5.4442 1.17943 5.24755
5.44669 1.17991 5.24755
5.45698 1.18255 5.24755
5.4622 1.18398 5.24755
5.46989 1.18662 5.24755
5.4844 1.19359 5.24755
5.47651 1.18859 5.24755
5.45803 1.18211 5.24755
5.45993 1.18219 5.24755
5.46565 1.18367 5.24755
5.47485 1.1874 5.24755
5.48702 1.19267 5.24755
5.47703 1.18568 5.24755
5.47199 1.18479 5.24755
5.47369 1.18494 5.24755
5.47092 1.18427 5.24755
5.47625 1.18539 5.24755
5.48664 1.18868 5.24755
5.47143 1.18457 5.24755
5.47281 1.1847 5.24755
5.47765 1.18582 5.24755
5.48348 1.18969 5.24755
5.47154 1.1843 5.24755
5.5024 1.19433 5.24755
5.5022 1.1996 5.24755
5.46416 1.18173 5.24755
5.49878 1.19188 5.24755
5.49616 1.19061 5.24755
5.46908 1.1818 5.24755
5.47886 1.18404 5.24755
5.4789 1.18382 5.24755
5.47887 1.18301 5.24755
5.48501 1.18374 5.24755
5.52004 1.21055 5.24755
5.60721 1.27579 5.24755
5.48437 1.20517 5.24755
5.43842 1.18161 5.24755
5.40648 1.16668 5.24755
5.40634 1.16617 5.24755
5.42173 1.17237 5.24755
5.40494 1.16602 5.24755
5.40265 1.16538 5.24755
5.40518 1.16639 5.24755
5.39506 1.16327 5.24755
5.40162 1.16523 5.24755
5.40022 1.16495 5.24755
5.39488 1.16372 5.24755
5.41518 1.17069 5.24755
5.39653 1.16356 5.24755
5.40781 1.16588 5.24755
5.43755 1.18143 5.24755
5.42507 1.17485 5.24755
5.4001 1.16375 5.24755
5.43285 1.17799 5.24755
5.40574 1.1671 5.24755
5.40037 1.16483 5.24755
5.39838 1.16383 5.24755
5.40612 1.16806 5.24755
5.41768 1.17268 5.24755
5.3995 1.16548 5.24755
5.42859 1.17989 5.24755
5.40242 1.16455 5.24755
5.3957 1.16327 5.24755
5.4081 1.16633 5.24755
5.39976 1.16334 5.24755
5.42155 1.16848 5.24755
5.42572 1.17015 5.24755
5.42762 1.17043 5.24755
5.42124 1.16714 5.24755
5.43407 1.16937 5.24755
5.43296 1.1693 5.24755
5.42903 1.168 5.24755
5.42934 1.16855 5.24755
5.42908 1.16845 5.24755
5.4349 1.16915 5.24755
5.42517 1.16675 5.24755
5.4429 1.17359 5.24755
5.43019 1.16772 5.24755
5.43373 1.16891 5.24755
5.4369 1.16974 5.24755
5.4417 1.17045 5.24755
5.42691 1.16625 5.24755
5.43769 1.16906 5.24755
5.43333 1.16786 5.24755
5.43974 1.16933 5.24755
5.45159 1.17255 5.24755
5.44738 1.17152 5.24755
5.44402 1.17057 5.24755
5.42994 1.16686 5.24755
5.43518 1.168 5.24755
5.44133 1.16931 5.24755
5.44044 1.1691 5.24755
5.45737 1.17554 5.24755
5.44735 1.17455 5.24755
5.42679 1.16618 5.24755
5.44579 1.17296 5.24755
5.4551 1.18021 5.24755
5.43391 1.17067 5.24755
5.49318 1.20038 5.24755
5.45276 1.17951 5.24755
5.45218 1.17694 5.24755
5.45549 1.18127 5.24755
5.44517 1.17591 5.24755
5.42559 1.16666 5.24755
5.4363 1.1698 5.24755
5.45816 1.17977 5.24755
5.44903 1.17643 5.24755
5.43665 1.17121 5.24755
5.43237 1.16785 5.24755
5.42962 1.16747 5.24755
5.43316 1.16836 5.24755
5.4352 1.16887 5.24755
5.43289 1.1684 5.24755
5.43658 1.17134 5.24755
5.42824 1.16722 5.24755
5.42519 1.16669 5.24755
5.43952 1.17079 5.24755
5.43333 1.17072 5.24755
5.45033 1.17877 5.24755
5.45643 1.18076 5.24755
5.44719 1.17763 5.24755
5.43546 1.17314 5.24755
5.44172 1.17342 5.24755
5.42424 1.16804 5.24755
5.42826 1.16878 5.24755
5.44083 1.17286 5.24755
5.45387 1.18095 5.24755
5.4575 1.18283 5.24755
5.45943 1.18354 5.24755
5.42869 1.1707 5.24755
5.41729 1.16895 5.24755
5.41061 1.16503 5.24755
5.42901 1.17423 5.24755
5.43013 1.17667 5.24755
5.44722 1.18695 5.24755
5.41571 1.16738 5.24755
5.41949 1.16781 5.24755
5.41837 1.16793 5.24755
5.41827 1.16745 5.24755
5.41618 1.16625 5.24755
5.43468 1.17268 5.24755
5.43046 1.17156 5.24755
5.43858 1.17357 5.24755
5.46934 1.1848 5.24755
5.46272 1.18456 5.24755
5.4861 1.19635 5.24755
5.53613 1.22733 5.24755
5.4972 1.19755 5.24755
5.56634 1.23364 5.24755
5.50114 1.1986 5.24755
5.50439 1.1997 5.24755
5.47249 1.18434 5.24755
5.46327 1.17985 5.24755
5.46615 1.18159 5.24755
5.46354 1.18081 5.24755
5.46117 1.17954 5.24755
5.45393 1.17664 5.24755
5.44912 1.17392 5.24755
5.44265 1.17172 5.24755
5.43766 1.16945 5.24755
5.45257 1.17351 5.24755
5.47011 1.17928 5.24755
5.4737 1.18137 5.24755
5.44313 1.17017 5.24755
5.4436 1.17056 5.24755
5.44374 1.17033 5.24755
5.46445 1.17955 5.24755
5.46331 1.17989 5.24755
5.46509 1.17908 5.24755
5.46676 1.18184 5.24755
5.47097 1.18203 5.24755
5.51392 1.20524 5.24755
5.4816 1.18522 5.24755
5.52314 1.20456 5.24755
5.53568 1.20599 5.24755
5.49673 1.18331 5.24755
5.49453 1.18466 5.24755
5.50483 1.18788 5.24755
5.49054 1.18336 5.24755
5.50361 1.19301 5.24755
5.48819 1.18983 5.24755
5.46801 1.17679 5.24755
5.48722 1.18763 5.24755
5.54019 1.21268 5.24755
5.5047 1.19328 5.24755
5.50683 1.19071 5.24755
5.5049 1.19238 5.24755
5.52279 1.1993 5.24755
