15 7 6 12 24 9 20 23 11 16 22 19 17 27 26 25 3 13 1 14 10 2 28 21 18 5 29 4 8 
4 8 15 7 6 12 24 9 20 23 11 16 22 27 26 25 3 13 1 14 10 2 28 21 18 5 19 17 29 
10 2 6 12 24 9 20 23 11 16 22 19 17 27 26 25 3 29 4 8 15 7 28 21 18 5 13 1 14 
15 7 6 12 24 9 20 23 11 16 22 19 10 2 28 21 18 13 1 14 17 27 26 25 3 5 29 4 8 
29 4 8 15 7 6 20 23 11 16 22 19 17 27 26 25 3 13 1 14 10 2 12 24 9 28 21 18 5 
15 7 6 12 24 9 20 23 11 16 22 13 1 19 17 27 26 25 3 14 10 2 28 21 18 5 29 4 8 
36.255 54.5911
4 8 15 7 6 12 24 9 20 23 11 16 22 27 26 25 3 13 1 14 10 2 28 21 18 5 19 17 29 
4 8 15 7 6 12 24 9 20 23 25 3 13 1 14 11 16 22 27 26 10 2 28 21 18 5 19 17 29 
4 8 15 7 6 12 24 9 20 23 11 16 22 27 26 25 3 13 1 14 10 2 28 21 18 5 19 17 29 
20 23 11 16 22 27 24 29 4 8 15 7 6 12 26 25 3 13 1 14 10 2 28 21 18 5 19 17 9 
4 8 15 7 6 12 24 9 20 23 11 21 18 27 26 25 3 13 1 14 10 2 28 16 22 5 19 17 29 
22 27 26 25 3 12 24 9 20 23 11 29 4 8 15 7 6 13 1 14 10 2 28 21 18 5 19 17 16 
36.3305 54.7664
20 23 11 16 22 27 24 29 4 8 15 7 6 12 26 25 3 13 1 14 10 2 28 21 18 5 19 17 9 
7 6 12 26 25 21 18 5 19 17 9 20 23 11 16 22 3 13 1 14 10 2 28 27 24 29 4 8 15 
20 23 11 16 22 27 24 29 4 8 15 7 6 3 13 1 12 26 25 14 10 2 28 21 18 5 19 17 9 
29 4 11 16 19 17 9 20 23 8 15 7 6 12 26 25 3 13 1 14 10 2 28 21 18 5 22 27 24 
20 23 11 16 22 27 24 26 25 3 13 1 14 12 29 4 8 15 7 6 10 2 28 21 18 5 19 17 9 
20 23 11 16 22 27 24 29 10 2 15 7 6 12 26 25 3 13 1 14 4 8 28 21 18 5 19 17 9 
35.8355 52.662
20 23 11 16 22 27 24 29 4 8 15 7 6 3 13 1 12 26 25 14 10 2 28 21 18 5 19 17 9 
23 20 11 16 22 27 24 29 4 8 15 7 6 3 13 1 12 26 25 14 10 2 28 21 18 5 19 17 9 
20 23 11 16 22 27 24 29 4 8 15 7 6 3 13 19 1 12 26 25 14 10 2 28 21 18 5 17 9 
20 23 11 16 22 27 24 29 4 8 28 21 18 5 13 1 12 26 25 14 10 2 15 7 6 3 19 17 9 
20 23 11 16 22 27 24 29 4 8 28 21 18 15 7 6 3 13 1 12 26 25 14 10 2 5 19 17 9 
6 3 11 16 22 28 21 18 5 19 17 9 20 23 13 1 12 26 25 14 10 2 27 24 29 4 8 15 7 
35.9265 52.0598
20 23 11 16 22 27 24 29 4 8 15 7 6 3 13 19 1 12 26 25 14 10 2 28 21 18 5 17 9 
20 23 11 16 22 27 24 29 4 8 25 14 6 3 13 19 1 12 26 15 7 10 2 28 21 18 5 17 9 
20 23 11 16 22 27 24 29 4 8 15 7 6 3 13 19 1 12 26 25 14 10 17 9 21 18 5 2 28 
21 18 11 16 22 27 24 29 4 8 15 7 6 3 13 19 1 12 26 25 14 10 2 28 20 23 5 17 9 
10 2 28 21 18 5 17 9 20 8 15 7 6 3 13 19 1 12 26 23 11 16 22 27 24 29 4 25 14 
20 23 11 16 22 27 24 29 4 8 15 7 6 3 13 19 1 12 26 25 14 10 2 28 21 18 5 17 9 
36.3204 52.4148
21 18 11 16 22 27 24 29 4 8 15 7 6 3 13 19 1 12 26 25 14 10 2 28 20 23 5 17 9 
21 15 7 6 3 13 19 29 4 8 18 11 16 22 27 24 1 12 26 25 14 10 2 28 20 23 5 17 9 
28 20 23 5 17 9 21 18 4 8 15 7 6 3 13 19 1 12 26 11 16 22 27 24 29 25 14 10 2 
19 18 11 16 22 27 24 29 4 1 12 26 25 14 10 2 28 20 23 5 17 9 21 8 15 7 6 3 13 
21 18 11 16 22 27 2 28 20 23 5 17 6 3 13 19 1 12 26 25 14 10 24 29 4 8 15 7 9 
21 18 11 16 22 27 24 29 4 8 15 7 6 3 13 25 14 10 26 19 1 12 2 28 20 23 5 17 9 
37.1755 54.5074
28 20 23 5 17 9 21 18 4 8 15 7 6 3 13 19 1 12 26 11 16 22 27 24 29 25 14 10 2 
28 20 23 5 17 9 13 21 18 4 8 15 7 6 3 19 1 12 26 11 16 22 27 24 29 25 14 10 2 
28 20 23 5 17 9 21 19 1 12 26 11 16 22 27 18 4 8 15 7 6 3 13 24 29 25 14 10 2 
18 20 29 25 14 10 2 28 4 8 15 7 6 3 13 19 1 12 26 11 16 22 27 24 23 5 17 9 21 
28 20 23 5 17 9 21 12 26 18 4 8 15 7 6 3 13 19 1 11 16 22 27 24 29 25 14 10 2 
28 20 23 5 17 9 21 18 4 8 15 7 6 3 13 19 1 12 27 24 16 22 26 11 29 25 14 10 2 
37.5174 55.9996
18 20 29 25 14 10 2 28 4 8 15 7 6 3 13 19 1 12 26 11 16 22 27 24 23 5 17 9 21 
19 1 12 26 14 10 2 28 4 8 23 5 17 9 21 18 20 29 25 11 16 22 27 24 15 7 6 3 13 
18 20 29 5 17 9 2 28 4 8 15 7 6 3 13 19 1 12 26 11 16 22 27 24 23 25 14 10 21 
18 20 29 25 14 10 15 7 6 3 2 28 4 8 13 19 1 12 26 11 16 22 27 24 23 5 17 9 21 
2 28 4 8 15 7 6 3 4 8 15 7 6 3 13 19 1 12 26 11 16 22 27 18 20 29 25 14 10 
3 13 19 25 14 22 27 24 23 5 17 9 21 18 20 29 1 12 26 11 16 10 2 28 4 8 15 7 6 
35.7325 51.9883
2 28 4 8 15 7 6 3 4 8 15 7 6 3 13 19 1 12 26 11 16 22 27 18 20 29 25 14 10 
2 28 4 8 15 7 6 3 4 8 15 7 6 3 13 19 1 25 14 10 12 26 11 16 22 27 18 20 29 
2 28 4 11 16 22 27 18 20 29 25 14 6 3 13 19 1 12 26 8 15 7 6 3 4 8 15 7 10 
2 28 4 8 15 7 6 3 4 8 15 7 6 18 20 19 1 12 26 11 16 22 27 3 13 29 25 14 10 
29 25 4 8 15 7 6 3 4 8 15 7 6 3 13 19 14 10 2 28 1 12 26 11 16 22 27 18 20 
2 28 4 8 15 7 13 19 1 8 15 7 6 3 6 3 4 12 26 11 16 22 27 18 20 29 25 14 10 
32.6571 44.3298
2 28 4 8 15 7 6 3 4 8 15 7 6 3 13 19 1 12 26 11 16 22 27 18 20 29 25 14 10 
2 28 6 3 15 7 6 3 4 8 15 7 4 8 13 19 1 12 26 11 16 22 27 18 20 29 25 14 10 
2 28 4 8 15 7 6 3 4 8 15 7 6 3 13 19 1 12 25 14 10 26 11 16 22 27 18 20 29 
2 28 4 8 15 7 6 3 4 8 15 7 6 3 13 25 14 10 26 11 16 22 27 18 20 29 19 1 12 
10 2 28 4 8 15 6 3 4 8 15 7 6 3 13 19 1 12 26 11 16 22 7 27 18 20 29 25 14 
2 6 4 8 15 7 28 3 4 8 15 7 6 3 13 19 1 12 26 11 16 22 27 18 20 29 25 14 10 
34.2407 48.5829
2 28 6 3 15 7 6 3 4 8 15 7 4 8 13 19 1 12 26 11 16 22 27 18 20 29 25 14 10 
13 19 6 3 11 16 22 27 18 20 29 25 14 10 2 28 1 12 26 15 7 6 3 4 8 15 7 4 8 
4 8 13 19 1 12 29 25 14 10 2 28 6 3 15 7 6 3 26 11 16 22 27 18 20 4 8 15 7 
6 3 4 8 15 7 4 8 13 8 15 7 4 8 13 19 1 12 26 11 16 22 27 18 28 6 3 15 7 
8 13 19 1 18 20 29 25 14 10 2 28 6 3 15 7 6 12 26 11 16 22 27 3 4 8 15 7 4 
2 28 6 3 15 19 1 12 4 8 15 7 4 8 13 7 6 3 26 11 16 22 27 18 20 29 25 14 10 
34.8457 48.7869
2 28 6 3 15 19 1 12 4 8 15 7 4 8 13 7 6 3 26 11 16 22 27 18 20 29 25 14 10 
18 20 29 3 15 19 1 12 4 8 15 7 4 8 13 7 6 3 26 11 25 14 10 2 28 6 16 22 27 
2 28 6 3 15 19 1 12 4 8 15 7 4 8 18 7 6 3 26 11 16 22 27 13 20 29 25 14 10 
2 28 6 7 6 3 26 11 16 22 27 18 20 29 25 3 15 19 1 12 4 8 15 7 4 8 13 7 6 
16 28 6 3 15 19 1 12 4 26 11 16 22 27 18 20 29 25 8 15 7 4 8 13 7 6 3 26 11 
10 2 28 6 3 19 1 12 4 8 15 7 4 8 13 7 6 3 26 11 16 15 22 27 18 20 29 25 14 
34.6822 48.213
2 28 6 3 15 19 1 12 4 8 15 7 4 8 13 7 6 3 26 11 16 22 27 18 20 29 25 14 10 
2 28 6 3 15 19 1 12 4 8 22 27 18 15 7 4 8 13 7 6 3 26 11 16 20 29 25 14 10 
14 10 2 28 15 19 1 12 4 8 15 7 4 8 13 7 6 3 26 11 16 6 3 22 27 18 20 29 25 
2 28 6 18 15 19 1 12 4 8 15 7 4 8 13 7 6 3 26 11 16 22 27 3 20 29 25 14 10 
2 7 4 8 13 7 6 3 26 11 15 28 6 3 15 19 1 12 4 8 16 22 27 18 20 29 25 14 10 
2 28 6 3 15 3 26 11 19 1 12 4 8 15 7 4 8 13 7 6 16 22 27 18 20 29 25 14 10 
35.0583 48.8576
2 28 6 18 15 19 1 12 4 8 15 7 4 8 13 7 6 3 26 11 16 22 27 3 20 29 25 14 10 
11 16 22 27 3 20 29 25 14 10 2 28 4 8 13 7 6 6 18 15 19 1 12 4 8 15 7 3 26 
2 28 6 18 15 19 1 12 4 8 15 7 4 8 13 7 6 3 26 11 14 10 27 3 20 29 25 16 22 
2 28 27 3 20 19 1 12 4 8 15 7 4 8 13 7 6 3 26 11 16 22 6 18 15 29 25 14 10 
2 28 6 18 15 19 1 12 4 8 15 25 14 8 13 7 6 3 26 11 16 22 27 3 20 29 7 4 10 
14 10 2 28 6 18 15 19 4 8 15 7 4 8 13 7 6 3 26 11 16 22 27 3 20 29 25 1 12 
35.3614 49.6472
2 28 27 3 20 19 1 12 4 8 15 7 4 8 13 7 6 3 26 11 16 22 6 18 15 29 25 14 10 
10 2 28 27 3 20 19 1 12 4 15 7 4 8 13 7 6 3 26 11 16 22 6 18 15 29 8 25 14 
2 28 27 3 20 19 1 12 4 8 15 7 4 8 22 6 18 15 29 25 16 13 7 6 3 26 11 14 10 
15 28 27 3 20 19 1 12 4 8 2 7 4 8 13 7 6 3 26 11 16 22 6 18 15 29 25 14 10 
2 28 27 3 20 19 1 12 4 8 26 11 4 8 13 7 6 3 15 7 16 22 6 18 15 29 25 14 10 
19 1 12 8 15 7 4 12 4 8 15 7 4 8 13 7 6 3 26 11 16 22 6 18 15 29 27 3 20 
35.9046 53.4895
19 1 12 8 15 7 4 12 4 8 15 7 4 8 13 7 6 3 26 11 16 22 6 18 15 29 27 3 20 
19 1 16 22 6 18 15 29 27 3 20 7 4 8 13 7 6 3 26 11 12 8 15 7 4 12 4 8 15 
4 12 8 15 7 4 8 12 4 8 15 7 4 8 13 7 6 3 26 11 16 22 6 18 1 12 8 15 7 
19 1 12 8 15 7 4 12 4 8 7 15 7 4 8 13 6 3 26 11 16 22 6 18 15 29 27 3 20 
19 1 12 8 6 3 26 11 16 22 15 7 4 12 4 8 15 7 4 8 13 7 6 18 15 29 27 3 20 
19 1 12 8 15 7 4 12 4 8 15 7 4 8 13 7 22 6 18 15 16 6 3 26 11 29 27 3 20 
36.8769 53.0053
4 12 8 15 7 4 8 12 4 8 15 7 4 8 13 7 6 3 26 11 16 22 6 18 1 12 8 15 7 
4 12 8 15 7 4 7 6 3 26 11 16 22 6 18 8 12 4 8 15 7 4 8 13 7 12 8 15 7 
12 4 8 15 7 4 8 13 7 6 3 26 12 8 13 7 6 3 26 11 16 22 6 18 1 12 8 15 8 
4 12 8 15 7 4 8 12 4 8 15 7 4 8 16 7 6 3 26 11 13 22 6 18 1 12 8 15 7 
4 12 8 15 7 4 8 12 4 8 15 7 4 8 13 7 6 3 26 11 16 22 6 18 1 12 8 15 7 
4 12 8 15 7 4 8 12 4 8 15 26 11 16 22 6 18 1 7 4 8 13 7 6 3 26 11 16 22 
35.4903 48.177
4 12 8 15 7 4 8 12 4 8 15 7 4 8 13 7 6 3 26 11 16 22 6 18 1 12 8 15 7 
11 16 22 6 18 1 8 12 4 8 15 22 6 18 1 12 8 15 7 4 12 7 4 8 13 7 6 3 26 
4 12 8 15 7 4 8 12 4 22 6 18 4 8 13 7 6 3 26 11 16 8 15 7 1 12 8 15 7 
4 12 15 8 7 4 8 12 4 8 15 7 4 8 13 7 6 3 26 11 16 22 6 18 1 12 8 15 7 
7 6 8 3 26 11 16 22 6 18 1 12 8 15 7 4 12 15 7 4 8 12 4 8 15 7 4 8 13 
8 12 4 8 15 7 4 7 6 3 26 7 4 8 13 7 6 3 26 11 16 22 6 18 1 12 8 15 4 
35.0853 48.4942
4 12 8 15 7 4 8 12 4 8 15 7 4 8 13 7 6 3 26 11 16 22 6 18 1 12 8 15 7 
4 12 8 8 13 7 6 3 26 11 16 22 15 7 4 8 12 4 8 15 7 4 6 18 1 12 8 15 7 
4 12 8 15 7 6 3 26 11 16 22 7 4 8 12 4 8 15 7 4 8 13 6 18 1 12 8 15 7 
16 22 8 15 7 4 8 12 4 8 15 16 22 6 18 1 12 8 15 7 7 4 8 13 7 6 3 26 11 
4 12 8 15 7 4 8 12 4 8 15 7 4 7 13 7 6 3 26 11 16 22 6 18 1 12 8 15 8 
4 12 8 15 7 4 8 12 4 8 15 7 4 8 13 7 6 3 26 11 16 22 6 18 1 12 8 15 7 
35.1037 47.8437
4 12 8 8 13 7 6 3 26 11 16 22 15 7 4 8 12 4 8 15 7 4 6 18 1 12 8 15 7 
4 12 8 8 13 7 6 3 26 11 16 22 15 7 4 8 12 4 8 15 7 4 6 18 1 12 8 15 7 
18 1 8 8 13 7 6 3 26 11 16 22 15 7 4 8 12 4 8 15 7 15 7 4 12 12 8 4 6 
4 12 8 8 13 7 6 4 3 26 11 16 22 15 7 8 12 4 8 15 7 4 6 18 1 12 8 15 7 
4 12 8 22 15 7 4 8 12 4 16 8 13 7 6 3 26 11 8 15 7 4 6 18 1 12 8 15 7 
4 12 8 8 13 7 6 3 26 11 16 22 12 4 8 15 15 7 4 8 12 4 8 18 1 12 8 15 7 
32.675 43.7585
18 1 8 8 13 7 6 3 26 11 16 22 15 7 4 8 12 4 8 15 7 15 7 4 12 12 8 4 6 
18 1 8 8 13 7 6 3 26 11 16 22 15 7 4 8 12 4 8 15 12 7 15 7 4 12 8 4 6 
3 26 11 16 22 15 7 15 7 11 16 22 15 7 4 8 12 4 8 15 7 15 7 4 8 8 13 7 6 
18 1 4 8 13 7 6 3 26 11 16 22 15 7 4 8 12 8 8 15 7 15 7 4 12 12 8 4 6 
18 1 8 12 4 8 6 3 26 11 16 22 15 7 4 8 8 13 7 15 7 15 7 4 12 12 8 4 6 
18 1 8 8 13 7 6 3 26 11 16 22 15 7 4 8 12 12 4 8 15 7 15 7 4 12 8 4 6 
31.7379 41.1466
18 1 4 8 13 7 6 3 26 11 16 22 15 7 4 8 12 8 8 15 7 15 7 4 12 12 8 4 6 
18 1 4 8 13 7 6 3 26 11 16 22 8 15 15 7 4 8 12 8 7 15 7 4 12 12 8 4 6 
18 1 4 8 13 7 6 3 26 11 16 22 15 7 4 8 12 8 8 15 7 15 7 4 12 12 8 4 6 
18 1 4 8 13 15 7 15 26 11 16 22 15 7 4 8 12 8 8 7 6 3 7 4 12 12 8 4 6 
6 18 1 4 8 7 6 3 26 11 16 22 15 7 4 8 12 8 8 15 7 15 7 4 13 12 12 8 4 
18 1 15 7 4 8 12 8 8 4 8 13 7 6 3 26 11 16 22 15 7 15 7 4 12 12 8 4 6 
29.5001 38.273
6 18 1 4 8 7 6 3 26 11 16 22 15 7 4 8 12 8 8 15 7 15 7 4 13 12 12 8 4 
4 13 12 12 8 7 6 3 26 11 16 22 15 7 4 8 4 6 18 1 4 8 12 8 8 15 7 15 7 
6 7 15 7 4 13 12 12 8 11 16 22 15 7 4 8 12 8 8 15 18 1 4 8 7 6 3 26 4 
8 15 1 4 8 7 6 3 26 11 16 22 15 7 12 12 8 4 6 18 7 15 7 4 13 4 8 12 8 
11 18 1 4 8 7 12 8 4 6 16 22 15 7 4 8 12 8 8 15 7 15 7 4 13 12 6 3 26 
12 12 8 4 6 18 1 3 26 11 16 22 15 7 4 8 12 8 8 15 7 15 4 8 7 6 7 4 13 
28.4778 35.9032
11 18 1 4 8 7 12 8 4 6 16 22 15 7 4 8 12 8 8 15 7 15 7 4 13 12 6 3 26 
11 18 1 4 8 7 12 7 15 7 4 13 12 6 3 8 12 8 8 15 8 4 6 16 22 15 7 4 26 
4 6 16 22 15 7 7 15 4 6 16 22 15 7 4 8 12 8 8 15 7 11 18 1 4 8 7 12 8 
11 12 8 4 6 7 18 1 4 8 16 22 15 7 4 8 12 8 8 15 7 15 7 4 13 12 6 3 26 
4 13 12 6 3 26 11 18 4 6 16 22 15 7 4 8 12 8 8 15 1 4 8 7 12 8 7 15 7 
11 18 1 4 8 7 12 8 8 8 15 7 15 7 4 8 12 4 6 16 22 15 7 4 13 12 6 3 26 
30.5537 39.1265
4 6 16 22 15 7 7 15 4 6 16 22 15 7 4 8 12 8 8 15 7 11 18 1 4 8 7 12 8 
4 6 16 22 15 7 8 7 15 4 6 16 22 15 7 4 12 8 8 15 7 11 18 1 4 8 7 12 8 
4 6 16 22 15 7 7 15 4 6 16 22 15 8 12 7 4 8 12 8 7 11 18 1 4 8 7 12 8 
4 8 7 12 8 4 6 16 22 6 16 22 15 7 4 8 12 8 8 15 15 7 7 15 4 7 11 18 1 
4 6 16 22 15 7 7 15 4 6 16 22 15 8 8 15 7 7 4 8 12 8 18 1 4 8 7 12 8 
8 15 7 11 18 1 7 15 4 6 16 22 15 7 4 8 12 8 4 6 16 22 15 7 4 8 7 12 8 
30.2766 39.4463
4 6 16 22 15 7 7 15 4 6 16 22 15 7 4 8 12 8 8 15 7 11 18 1 4 8 7 12 8 
4 6 16 22 7 7 7 15 4 6 16 22 15 15 4 8 12 8 8 15 7 11 18 1 4 8 7 12 8 
8 7 12 8 4 6 16 15 4 6 16 22 15 7 4 8 12 8 8 22 15 7 7 15 7 11 18 1 4 
4 6 16 22 15 7 7 15 4 6 16 22 15 7 4 8 12 8 8 15 7 11 18 1 4 8 7 12 8 
22 15 7 4 6 16 7 15 4 6 16 22 15 7 4 8 12 8 8 15 7 11 18 1 4 8 7 12 8 
4 6 16 22 15 7 7 15 4 6 16 22 15 15 4 8 12 8 8 7 7 11 18 1 4 8 7 12 8 
29.9175 39.8543
4 6 16 22 7 7 7 15 4 6 16 22 15 15 4 8 12 8 8 15 7 11 18 1 4 8 7 12 8 
4 6 16 4 8 12 8 8 22 7 7 7 15 4 6 16 22 15 15 15 7 11 18 1 4 8 7 12 8 
4 6 16 22 7 7 7 15 4 6 16 22 15 7 11 18 1 4 8 7 12 8 8 12 8 8 15 15 4 
4 6 16 22 7 7 7 15 4 6 15 7 11 16 22 15 15 4 8 12 8 8 18 1 4 8 7 12 8 
4 6 16 22 7 7 7 15 4 6 16 22 15 15 8 8 15 4 8 12 7 11 18 1 4 8 7 12 8 
7 7 15 4 6 16 22 15 15 6 16 22 15 15 4 8 12 8 8 15 7 11 18 1 4 8 7 22 7 
29.5876 40.9082
4 6 16 4 8 12 8 8 22 7 7 7 15 4 6 16 22 15 15 15 7 11 18 1 4 8 7 12 8 
15 15 7 11 7 15 8 8 22 7 7 18 1 4 8 7 12 8 4 6 16 4 8 12 4 6 16 22 15 
4 6 16 4 8 12 8 8 22 7 7 7 15 4 6 7 12 16 22 15 15 15 7 11 18 1 4 8 8 
4 6 16 4 8 12 8 8 22 7 7 7 15 4 6 16 22 15 15 15 7 11 18 1 7 4 8 12 8 
7 7 15 4 6 16 22 8 22 8 4 6 16 4 8 12 8 15 15 15 7 11 18 1 4 8 7 12 7 
4 6 16 4 8 12 8 22 15 15 8 22 7 7 7 15 4 6 16 15 7 11 18 1 4 8 7 12 8 
29.4853 42.0677
4 6 16 4 8 12 8 22 15 15 8 22 7 7 7 15 4 6 16 15 7 11 18 1 4 8 7 12 8 
4 6 16 4 8 12 8 22 15 4 8 22 7 7 7 15 4 6 16 15 7 11 18 1 15 8 7 12 8 
15 6 16 4 8 7 12 8 4 15 8 22 7 7 7 15 4 6 16 15 7 11 18 1 4 8 12 8 22 
8 4 6 16 8 12 8 22 15 15 8 22 7 7 7 15 4 6 16 15 7 11 18 4 1 4 8 7 12 
4 6 16 4 8 12 8 22 15 15 8 22 7 7 15 7 15 4 6 16 15 7 11 18 1 4 8 7 12 
7 6 16 4 8 12 8 22 15 15 8 22 7 7 15 7 11 18 1 4 8 7 12 8 4 15 4 6 16 
33.1918 49.3307
4 6 16 4 8 12 8 22 15 15 8 22 7 7 15 7 15 4 6 16 15 7 11 18 1 4 8 7 12 
7 6 16 4 8 12 8 22 15 15 8 22 7 7 15 7 15 4 6 16 15 7 11 18 1 12 4 4 8 
7 12 4 6 16 4 8 12 8 22 8 22 7 7 15 7 15 4 6 16 15 7 11 18 1 4 8 15 15 
15 6 16 4 8 12 16 15 7 11 18 1 4 8 7 12 4 4 6 8 22 15 15 8 22 7 7 15 7 
4 15 7 11 8 12 8 22 15 15 8 22 7 7 15 7 15 4 6 16 6 16 4 18 1 4 8 7 12 
4 8 12 6 16 4 8 22 15 15 8 22 7 7 15 7 15 4 6 16 15 7 11 18 1 4 8 7 12 
34.5521 51.9754
15 6 16 4 8 12 16 15 7 11 18 1 4 8 7 12 4 4 6 8 22 15 15 8 22 7 7 15 7 
7 12 4 4 6 8 22 15 15 22 7 7 15 7 15 6 16 4 8 12 16 15 7 8 11 18 1 4 8 
12 4 4 6 8 22 16 15 7 11 18 1 4 15 7 15 6 16 4 8 12 15 15 8 22 7 7 8 7 
8 22 7 7 15 7 15 6 16 11 18 1 4 8 7 12 4 4 6 4 8 12 16 15 7 8 22 15 15 
6 6 16 4 8 12 16 15 7 11 18 1 4 8 7 12 4 4 15 8 22 15 15 8 22 7 7 15 7 
15 6 16 4 8 12 16 15 7 11 18 1 4 8 7 12 4 4 6 8 22 15 15 15 7 8 22 7 7 
31.7407 46.7083
8 22 7 7 15 7 15 6 16 11 18 1 4 8 7 12 4 4 6 4 8 12 16 15 7 8 22 15 15 
12 4 4 7 15 7 15 6 16 11 18 8 22 15 15 8 22 7 6 4 8 12 16 15 7 1 4 8 7 
6 16 11 18 8 22 7 7 15 7 15 1 4 8 7 12 4 4 6 4 8 12 16 15 7 8 22 15 15 
15 22 7 7 15 7 15 6 16 11 18 1 4 8 7 12 15 8 4 4 6 4 8 12 16 15 7 8 22 
8 11 18 1 15 7 15 6 16 22 7 7 4 8 7 12 4 4 6 4 8 12 16 15 7 8 22 15 15 
8 22 7 7 15 7 15 6 16 11 18 1 4 7 8 22 15 15 6 4 8 12 16 15 8 7 12 4 4 
31.6341 45.5775
12 4 4 7 15 7 15 6 16 11 18 8 22 15 15 8 22 7 6 4 8 12 16 15 7 1 4 8 7 
7 15 6 16 11 18 8 22 16 11 18 8 22 15 15 8 22 7 6 4 8 12 16 15 7 4 4 7 15 
12 4 4 7 15 7 15 6 16 11 18 1 4 8 22 15 15 8 22 7 6 4 8 12 16 15 7 8 7 
12 4 4 7 15 7 15 6 16 4 8 8 22 15 15 8 22 7 6 4 8 12 16 15 7 1 11 18 7 
15 7 1 7 15 7 15 6 16 11 18 8 22 15 15 8 22 7 6 4 8 7 12 4 4 4 8 12 16 
12 4 4 7 15 7 15 6 16 11 18 8 22 7 6 8 22 15 15 8 22 12 16 15 7 1 4 8 7 
33.701 49.6581
12 4 4 7 15 7 15 6 16 11 18 8 22 7 6 8 22 15 15 8 22 12 16 15 7 1 4 8 7 
12 4 4 7 15 7 15 6 16 11 18 8 22 7 6 8 22 15 15 8 22 12 16 15 7 1 4 8 7 
12 4 7 15 4 7 15 6 16 11 18 8 22 7 6 8 22 15 15 8 22 12 16 15 7 1 4 8 7 
12 15 7 15 4 4 7 6 16 11 18 8 22 7 6 8 22 15 15 8 22 12 16 15 7 1 4 8 7 
7 6 8 22 15 15 8 6 16 11 18 8 7 12 4 4 7 15 7 15 22 12 16 15 7 1 4 8 22 
1 4 4 7 15 7 15 6 16 11 18 8 22 7 6 8 8 7 12 4 22 15 15 8 22 12 16 15 7 
32.8914 48.3381
1 4 4 7 15 7 15 6 16 11 18 8 22 7 6 8 8 7 12 4 22 15 15 8 22 12 16 15 7 
1 4 4 7 15 7 15 6 16 11 18 8 8 8 6 22 7 7 12 4 22 15 15 8 22 12 16 15 7 
16 11 18 8 22 7 6 8 1 4 4 7 15 7 15 6 8 7 12 4 22 15 15 8 22 12 16 15 7 
7 15 7 15 6 16 11 6 16 11 18 8 22 7 6 8 8 7 12 4 22 15 15 8 22 12 16 4 4 
1 4 4 7 15 7 8 7 12 4 22 15 15 8 15 6 16 11 18 8 22 7 6 8 22 12 16 15 7 
15 15 4 7 15 7 15 6 16 11 18 8 22 7 6 8 22 12 16 15 7 1 4 8 8 7 12 4 22 
32.6614 48.9772
1 4 4 7 15 7 8 7 12 4 22 15 15 8 15 6 16 11 18 8 22 7 6 8 22 12 16 15 7 
1 4 4 15 7 15 7 8 7 12 4 22 15 8 15 6 16 11 18 8 22 7 6 8 22 12 16 15 7 
1 4 4 7 15 7 8 7 12 4 22 15 11 18 8 22 7 6 8 22 12 16 15 8 15 6 16 15 7 
1 4 4 7 15 7 8 7 12 4 22 15 15 8 15 6 22 12 16 15 7 7 6 8 16 11 18 8 22 
8 22 12 16 15 7 1 4 4 7 15 15 15 8 15 6 16 11 18 8 22 7 7 8 7 12 4 22 6 
1 4 4 11 18 8 22 7 15 7 8 7 12 4 22 15 15 8 15 6 16 7 6 8 22 12 16 15 7 
32.1498 47.2009
1 4 4 15 7 15 7 8 7 12 4 22 15 8 15 6 16 11 18 8 22 7 6 8 22 12 16 15 7 
18 8 22 15 7 15 7 8 7 12 4 22 15 8 15 6 16 7 1 4 4 7 6 8 22 12 16 15 11 
7 16 15 7 1 4 4 15 7 12 4 22 15 8 15 6 16 11 18 8 22 7 6 8 22 12 15 7 8 
1 4 4 15 7 15 7 7 8 7 12 4 22 15 8 15 6 16 11 18 8 22 6 8 22 12 16 15 7 
1 4 4 15 15 6 16 11 18 8 7 15 7 8 7 12 4 22 15 8 22 7 6 8 22 12 16 15 7 
1 4 4 15 7 15 7 8 7 12 7 6 8 22 12 16 16 11 18 8 22 4 22 15 8 15 6 15 7 
34.2893 51.8037
1 4 4 15 7 15 7 8 7 12 4 22 15 8 15 6 16 11 18 8 22 7 6 8 22 12 16 15 7 
1 15 6 16 11 18 8 22 7 6 8 22 15 8 4 4 15 7 15 7 8 7 12 4 22 12 16 15 7 
1 4 4 15 7 16 11 18 8 22 7 6 15 8 15 6 15 7 8 7 12 4 22 8 22 12 16 15 7 
1 4 4 15 16 11 18 8 22 7 6 8 22 7 15 7 8 7 12 4 22 15 8 15 6 12 16 15 7 
8 7 12 4 7 1 4 4 15 7 15 22 15 8 15 6 16 11 18 8 22 7 6 8 22 12 16 15 7 
1 4 4 15 7 15 7 8 15 8 4 22 7 12 15 6 16 11 18 8 22 7 6 8 22 12 16 15 7 
35.1476 52.9441
1 4 4 15 7 15 7 8 15 8 4 22 7 12 15 6 16 11 18 8 22 7 6 8 22 12 16 15 7 
6 8 22 12 16 15 7 8 15 8 4 22 7 12 15 6 16 11 18 7 1 4 4 15 7 15 8 22 7 
1 4 4 15 7 15 7 8 15 8 4 22 7 12 15 6 16 6 8 22 11 18 8 22 7 12 16 15 7 
1 4 4 15 7 15 7 8 15 8 4 22 7 12 15 22 6 16 11 18 8 7 6 8 22 12 16 15 7 
1 4 4 15 6 15 7 15 7 8 15 8 4 22 7 12 16 11 18 8 22 7 6 8 22 12 16 15 7 
1 4 4 15 7 15 7 8 15 8 4 22 7 12 15 6 16 11 18 8 22 7 6 8 22 12 16 15 7 
35.2445 53.2935
1 4 4 15 6 15 7 15 7 8 15 8 4 22 7 12 16 11 18 8 22 7 6 8 22 12 16 15 7 
4 8 22 12 16 15 7 1 4 4 15 6 15 22 7 12 16 11 18 8 22 7 6 7 15 7 8 15 8 
22 7 4 15 6 15 7 15 7 8 15 8 4 22 7 12 16 11 18 7 1 4 6 8 22 12 16 15 8 
1 4 4 15 7 15 7 15 6 8 15 8 4 22 7 12 16 11 18 8 22 7 6 8 22 12 16 15 7 
1 4 4 7 6 15 7 15 7 8 15 8 4 22 7 12 16 11 18 8 22 15 6 8 22 12 16 15 7 
1 4 4 22 7 12 16 11 7 8 15 8 4 15 6 15 7 15 18 8 22 7 6 8 22 12 16 15 7 
34.8186 51.5302
22 7 4 15 6 15 7 15 7 8 15 8 4 22 7 12 16 11 18 7 1 4 6 8 22 12 16 15 8 
4 7 22 15 6 15 7 15 7 8 15 8 4 22 7 12 16 11 18 7 1 4 6 8 22 12 16 15 8 
15 8 22 7 4 15 6 15 7 8 15 8 4 22 7 12 16 11 18 7 1 4 6 8 7 15 22 12 16 
22 7 4 15 6 15 7 15 7 8 15 8 4 22 7 15 8 12 16 11 18 7 1 4 6 8 22 12 16 
22 12 16 15 6 15 7 15 7 8 15 8 4 22 7 12 16 11 18 7 1 4 6 8 22 7 4 15 8 
8 15 8 4 22 7 12 16 7 22 7 4 15 6 15 7 15 11 18 7 1 4 6 8 22 12 16 15 8 
37.0126 54.2288
4 7 22 15 6 15 7 15 7 8 15 8 4 22 7 12 16 11 18 7 1 4 6 8 22 12 16 15 8 
8 4 16 15 8 4 7 22 15 6 15 7 15 22 7 12 16 11 18 7 1 4 6 8 22 12 7 8 15 
4 7 22 15 6 15 7 15 7 8 15 8 4 22 7 12 16 11 18 7 1 4 6 8 22 12 16 15 8 
4 22 16 15 8 4 7 22 15 6 15 7 15 7 7 12 16 11 18 7 1 4 6 8 22 12 8 15 8 
4 7 22 15 6 15 7 15 7 8 15 8 4 22 7 12 16 11 4 7 1 18 6 8 22 12 16 15 8 
6 8 22 12 16 15 8 15 7 8 15 8 4 22 7 12 4 7 22 15 6 15 7 16 11 18 7 1 4 
35.8936 51.2784
8 4 16 15 8 4 7 22 15 6 15 7 15 22 7 12 16 11 18 7 1 4 6 8 22 12 7 8 15 
6 8 22 12 7 8 15 8 15 6 15 7 15 22 7 12 4 16 15 8 4 7 22 16 11 18 7 1 4 
8 4 16 15 8 4 7 22 15 6 15 7 15 22 7 12 16 11 18 7 1 4 6 8 22 12 7 8 15 
8 4 16 15 8 4 7 22 15 6 15 7 16 11 18 7 15 22 7 12 16 11 18 7 1 4 7 8 15 
16 11 18 7 8 4 7 22 15 6 15 7 15 22 8 15 8 4 16 15 1 4 6 8 22 12 7 7 12 
8 4 16 15 8 4 7 22 15 6 15 7 15 22 7 12 16 11 4 6 18 7 1 8 22 12 7 8 15 
37.0697 54.2016
8 4 16 15 8 4 7 22 15 6 15 7 16 11 18 7 15 22 7 12 16 11 18 7 1 4 7 8 15 
15 4 16 15 8 4 7 22 15 6 15 7 16 11 18 8 7 15 22 7 12 16 11 18 7 1 4 7 8 
7 16 11 18 7 15 8 15 8 4 16 15 8 4 7 22 15 22 7 12 16 11 18 7 1 4 7 6 15 
7 1 4 7 8 4 7 22 15 6 15 7 16 11 18 7 15 22 15 8 4 16 15 8 7 12 16 11 18 
8 4 16 15 8 4 7 22 15 6 15 7 16 11 18 7 15 22 7 12 16 11 18 7 1 4 7 8 15 
8 4 16 15 8 4 7 22 15 6 15 7 7 11 18 7 15 22 16 12 16 11 18 7 1 4 7 8 15 
35.8147 50.4954
8 4 16 15 8 4 7 22 15 6 15 7 16 11 18 7 15 22 7 12 16 11 18 7 1 4 7 8 15 
8 4 16 15 8 4 7 22 15 6 15 7 16 11 18 7 15 22 7 12 16 11 18 7 1 4 7 8 15 
8 4 16 15 8 4 7 22 15 6 15 7 16 11 18 7 15 22 7 12 16 11 18 7 1 4 7 8 15 
4 7 8 15 8 4 16 22 15 6 15 7 16 11 18 7 15 22 7 12 15 8 4 7 16 11 18 7 1 
8 11 18 7 15 22 7 12 16 4 16 15 8 4 7 22 15 6 15 7 16 11 18 7 1 4 7 8 15 
8 4 16 15 8 4 7 22 15 6 15 7 16 11 18 7 15 22 7 12 16 11 18 7 1 4 7 8 15 
37.3356 53.6493
8 4 16 15 8 4 7 22 15 6 15 7 16 11 18 7 15 22 7 12 16 11 18 7 1 4 7 8 15 
8 4 16 15 8 4 22 7 12 7 22 15 6 15 7 16 11 18 7 15 16 11 18 7 1 4 7 8 15 
8 4 16 15 8 4 7 22 15 6 15 7 16 7 15 22 18 11 7 12 16 11 18 7 1 4 7 8 15 
8 4 16 15 8 4 7 22 7 12 16 11 18 7 1 4 7 22 15 6 15 7 16 11 18 7 15 22 15 
8 4 16 15 7 12 16 11 8 4 7 22 15 6 15 7 16 11 18 7 15 22 18 7 1 4 7 8 15 
8 4 16 15 8 4 7 22 15 6 15 7 16 11 18 7 15 22 7 12 16 11 18 7 1 4 7 8 15 
36.6734 52.2134
8 4 16 15 7 12 16 11 8 4 7 22 15 6 15 7 16 11 18 7 15 22 18 7 1 4 7 8 15 
8 4 7 16 7 12 16 11 8 4 7 22 15 6 15 16 15 11 18 7 15 22 18 7 1 4 7 8 15 
11 18 7 15 22 18 7 11 8 4 7 7 1 4 7 8 15 8 4 16 15 7 12 22 15 6 15 7 16 
18 7 15 22 7 12 16 11 8 4 7 22 15 6 15 7 16 15 8 4 16 15 18 7 1 4 7 8 11 
8 4 16 15 7 12 16 11 8 15 7 16 4 7 22 15 6 11 18 7 15 22 18 7 1 4 7 8 15 
7 1 4 7 8 12 16 11 8 4 7 22 15 6 15 7 16 15 8 4 16 15 7 11 18 7 15 22 18 
34.094 47.3844
7 1 4 7 8 12 16 11 8 4 7 22 15 6 15 7 16 15 8 4 16 15 7 11 18 7 15 22 18 
15 6 15 7 16 15 8 4 16 15 7 11 18 22 18 7 1 4 7 8 12 16 11 11 18 7 15 22 22 
7 1 4 16 11 7 8 12 8 4 7 22 15 6 15 7 16 15 8 4 16 15 7 11 18 7 15 22 18 
7 1 4 7 8 16 15 8 4 16 15 7 11 18 7 15 12 16 11 8 4 7 22 15 6 15 7 22 18 
7 1 4 7 8 12 16 6 15 7 16 11 8 4 7 22 15 15 8 4 16 15 7 11 18 7 15 22 18 
6 15 7 16 15 8 4 11 8 7 15 22 18 7 1 4 7 8 12 16 16 15 7 11 18 4 7 22 15 
32.7513 45.1019
7 1 4 7 8 16 15 8 4 16 15 7 11 18 7 15 12 16 11 8 4 7 22 15 6 15 7 22 18 
4 7 22 15 6 15 7 8 4 16 15 7 11 22 15 6 15 7 22 18 7 1 18 7 15 12 16 11 8 
7 1 4 7 8 16 8 4 7 22 15 6 11 18 7 15 12 16 11 15 8 4 16 15 7 15 7 22 18 
7 22 18 7 1 16 15 8 4 16 15 7 11 18 7 15 12 16 11 8 4 7 4 7 8 22 15 6 15 
15 7 22 18 7 1 4 8 4 16 15 7 11 18 7 15 12 16 11 8 4 7 7 8 16 15 22 15 6 
4 7 8 16 15 8 4 16 4 16 15 7 11 18 7 15 12 16 11 8 4 7 22 15 6 15 7 22 1 
33.7715 47.3245
4 7 8 16 15 8 4 16 4 16 15 7 11 18 7 15 12 16 11 8 4 7 22 15 6 15 7 22 1 
4 15 12 16 11 8 4 7 22 15 6 15 7 22 7 7 8 16 15 8 4 16 4 16 15 7 11 18 1 
4 7 8 16 15 8 16 11 8 4 7 22 15 6 15 15 12 4 16 4 16 15 7 11 18 7 7 22 1 
4 7 8 16 15 12 16 11 8 4 16 4 16 15 7 11 18 7 15 8 4 7 22 15 6 15 7 22 1 
15 7 8 16 15 8 4 7 22 1 4 7 11 18 7 15 12 16 11 8 4 7 22 15 6 15 16 4 16 
4 7 8 16 15 8 4 16 12 4 16 15 7 11 18 7 15 16 11 8 4 7 22 15 6 15 7 22 1 
33.906 49.2433
15 7 8 16 15 8 4 7 22 1 4 7 11 18 7 15 12 16 11 8 4 7 22 15 6 15 16 4 16 
15 7 8 16 15 8 4 7 22 1 4 7 11 15 16 4 16 16 11 8 4 7 22 15 6 18 7 15 12 
15 7 8 16 15 8 4 7 22 1 4 7 11 4 7 22 15 6 15 16 18 7 15 12 16 11 8 4 16 
8 4 7 22 15 8 4 7 22 1 4 7 11 18 7 15 16 4 16 15 7 8 16 15 6 15 12 16 11 
15 7 8 16 15 8 4 7 16 11 8 4 11 18 7 15 12 22 1 4 7 7 22 15 6 15 16 4 16 
7 11 18 7 15 12 16 11 8 15 7 8 16 15 8 4 7 22 1 4 4 7 22 15 6 15 16 4 16 
34.3 49.9032
15 7 8 16 15 8 4 7 16 11 8 4 11 18 7 15 12 22 1 4 7 7 22 15 6 15 16 4 16 
15 7 8 16 15 8 12 22 1 4 7 16 11 8 4 11 18 7 15 4 7 7 22 15 6 15 16 4 16 
15 7 8 16 15 8 1 4 7 11 8 4 11 18 7 15 12 22 4 7 16 7 22 15 6 15 16 4 16 
15 7 8 16 15 8 4 7 16 11 8 4 11 18 7 15 12 22 1 4 7 7 22 15 6 15 16 4 16 
11 18 7 15 15 8 4 6 15 16 4 16 15 7 8 16 12 22 1 4 7 7 22 15 7 16 11 8 4 
16 15 8 15 7 8 4 7 16 11 8 4 11 18 7 15 12 22 1 4 7 7 22 15 6 15 16 4 16 
34.986 51.9757
15 7 8 16 15 8 12 22 1 4 7 16 11 8 4 11 18 7 15 4 7 7 22 15 6 15 16 4 16 
4 16 15 7 15 8 12 22 1 4 7 16 11 8 4 11 18 7 8 16 15 4 7 7 22 15 6 15 16 
15 6 15 16 4 8 12 22 1 4 7 16 11 8 4 11 18 16 15 7 8 16 15 7 15 4 7 7 22 
4 11 18 7 15 4 12 22 1 4 7 16 4 16 15 7 8 16 15 8 7 7 22 15 6 15 16 11 8 
7 16 11 8 15 6 15 16 4 16 15 7 8 16 4 11 18 7 15 4 7 7 22 15 8 12 22 1 4 
18 7 15 4 7 8 12 22 1 4 7 16 15 16 4 16 15 7 8 16 15 7 22 15 6 11 8 4 11 
34.0884 50.1243
18 7 15 4 7 8 12 22 1 4 7 16 15 16 4 16 15 7 8 16 15 7 22 15 6 11 8 4 11 
18 7 15 4 7 8 12 22 1 4 7 16 15 16 4 16 15 7 8 16 15 7 22 15 6 11 8 4 11 
12 22 1 4 18 7 15 4 7 8 7 16 15 16 4 16 15 7 8 16 15 7 22 15 6 11 8 4 11 
15 6 11 8 4 11 12 22 1 4 7 16 15 16 4 16 18 7 15 4 7 8 15 7 8 16 15 7 22 
18 7 7 16 7 8 12 22 1 4 15 4 15 16 4 16 15 7 8 16 15 7 22 15 6 11 8 4 11 
18 7 15 4 7 8 12 15 1 4 7 16 15 16 4 16 22 7 8 16 15 7 22 15 6 11 8 4 11 
34.5353 51.8426
18 7 15 4 7 8 12 15 1 4 7 16 15 16 4 16 22 7 8 16 15 7 22 15 6 11 8 4 11 
18 7 15 4 16 7 8 12 15 1 4 7 15 16 4 16 22 7 8 16 15 7 22 15 6 11 8 4 11 
18 7 15 4 7 8 12 15 1 4 7 16 15 16 4 16 22 7 8 16 15 7 22 15 6 11 8 4 11 
18 7 15 4 7 8 8 4 11 4 7 16 15 16 4 16 22 7 8 16 15 7 22 15 6 11 12 15 1 
18 7 15 4 8 16 15 7 22 15 6 11 8 4 7 8 12 15 1 4 7 16 15 16 4 16 22 7 11 
18 7 15 4 7 8 12 15 1 4 7 16 15 16 4 16 22 7 8 16 15 6 22 15 7 11 8 4 11 
34.7135 52.8445
18 7 15 4 7 8 12 15 1 4 7 16 15 16 4 16 22 7 8 16 15 6 22 15 7 11 8 4 11 
7 16 15 16 4 16 22 7 8 16 15 6 8 4 11 18 7 15 8 16 15 6 22 15 7 11 8 1 4 
18 7 15 16 4 7 8 12 15 1 4 7 16 15 16 4 22 7 8 16 15 6 22 15 7 11 8 4 11 
18 7 15 4 7 8 4 16 22 7 8 16 15 16 12 15 1 4 7 16 15 6 22 15 7 11 8 4 11 
18 7 15 4 16 15 6 15 1 4 7 16 15 16 4 16 22 7 8 7 8 12 22 15 7 11 8 4 11 
18 7 15 4 7 8 12 15 1 4 7 16 15 16 4 16 22 7 8 16 15 6 22 15 7 11 8 4 11 
34.4531 51.3062
18 7 15 4 7 8 4 16 22 7 8 16 15 16 12 15 1 4 7 16 15 6 22 15 7 11 8 4 11 
16 12 15 1 4 7 16 15 6 22 8 16 11 18 7 15 4 7 8 4 16 22 7 15 7 11 8 4 15 
1 4 7 4 7 8 4 16 22 7 8 16 15 16 12 11 18 7 15 16 15 6 22 15 7 11 8 4 15 
7 8 16 4 7 8 8 4 11 18 7 15 15 16 12 15 1 4 7 16 15 6 22 15 7 11 4 16 22 
4 7 15 4 7 8 4 16 22 7 8 16 15 16 12 15 1 4 7 16 15 11 18 6 22 15 7 11 8 
18 7 15 4 7 8 4 16 22 7 8 16 15 16 12 15 1 4 7 16 6 15 22 15 7 11 8 4 11 
31.2476 44.2247
18 7 15 4 7 8 4 16 22 7 8 16 15 16 12 15 1 4 7 16 6 15 22 15 7 11 8 4 11 
15 7 15 4 7 8 4 16 22 7 8 16 15 16 12 15 1 4 7 16 6 15 22 15 7 11 8 18 7 
1 4 7 4 7 8 4 6 15 22 15 7 11 8 4 11 18 7 15 16 16 22 7 8 16 15 16 12 15 
4 7 16 6 7 8 4 16 22 15 22 15 7 11 8 4 11 18 7 15 4 7 8 16 15 16 12 15 1 
18 7 15 4 7 8 4 16 22 7 8 16 15 16 12 15 1 4 7 16 6 15 22 15 7 11 8 4 11 
18 15 16 12 15 1 4 7 16 6 15 7 15 4 7 8 4 16 22 7 8 16 22 15 7 11 8 4 11 
31.0192 42.2638
15 7 15 4 7 8 4 16 22 7 8 16 15 16 12 15 1 4 7 16 6 15 22 15 7 11 8 18 7 
15 7 15 4 7 8 4 16 22 7 8 16 15 16 12 15 1 4 7 16 18 15 22 15 7 11 8 6 7 
4 7 15 4 7 8 4 16 22 7 8 16 7 16 6 15 22 15 7 11 8 18 7 15 15 16 12 15 1 
15 7 15 4 7 22 4 16 8 7 8 16 15 16 12 15 1 4 7 16 6 15 22 15 7 11 8 18 7 
16 6 15 22 15 7 4 16 22 7 8 16 15 16 12 15 1 4 7 15 7 15 4 7 8 11 8 18 7 
15 7 15 4 7 8 4 16 22 7 8 16 15 16 12 15 1 15 22 15 6 4 7 16 7 11 8 18 7 
33.3116 48.1178
4 7 15 4 7 8 4 16 22 7 8 16 7 16 6 15 22 15 7 11 8 18 7 15 15 16 12 15 1 
22 15 15 4 7 8 4 16 22 7 15 15 16 12 15 1 4 7 7 11 8 18 7 8 16 7 16 6 15 
4 7 15 22 4 7 8 4 16 7 8 16 7 16 6 15 22 15 7 11 8 18 7 15 15 16 12 15 1 
4 7 15 15 7 11 8 18 7 15 8 16 7 16 6 15 22 4 7 8 4 16 22 7 15 16 12 15 1 
4 8 16 7 16 6 15 22 15 7 15 4 7 8 4 16 22 7 7 11 8 18 7 15 15 16 12 15 1 
22 7 8 15 16 12 15 1 4 7 15 16 7 16 6 15 22 15 7 11 8 18 7 15 4 7 8 4 16 
33.7607 49.9158
22 7 8 15 16 12 15 1 4 7 15 16 7 16 6 15 22 15 7 11 8 18 7 15 4 7 8 4 16 
22 7 8 15 6 15 16 12 15 1 4 7 15 16 7 16 22 15 7 11 8 18 7 15 4 7 8 4 16 
15 7 11 15 16 12 15 1 8 18 7 15 4 7 8 4 16 22 7 8 4 7 15 16 7 16 6 15 22 
22 7 8 15 15 7 11 8 18 7 15 16 12 15 1 4 7 15 16 7 16 6 15 22 4 7 8 4 16 
22 7 8 15 16 12 15 1 4 7 15 16 7 16 6 15 22 15 4 16 8 18 7 15 4 7 8 7 11 
4 16 22 7 8 15 16 12 15 1 15 16 7 16 6 15 22 15 7 11 8 18 7 4 7 15 4 7 8 
35.5625 53.2971
15 7 11 15 16 12 15 1 8 18 7 15 4 7 8 4 16 22 7 8 4 7 15 16 7 16 6 15 22 
15 7 11 15 16 12 15 1 8 18 7 4 16 7 8 15 4 22 7 8 4 7 15 16 7 16 6 15 22 
15 7 22 7 8 4 7 15 16 7 16 6 15 7 8 4 16 11 15 16 12 15 1 8 18 7 15 4 22 
15 7 11 8 15 16 12 15 1 8 18 7 15 4 7 4 16 22 7 8 4 7 15 16 7 16 6 15 22 
15 7 11 15 7 15 15 1 8 18 16 12 4 7 8 4 16 22 7 8 4 7 15 16 7 16 6 15 22 
15 7 11 16 22 7 8 4 7 15 16 7 16 6 15 22 15 16 12 15 1 8 18 7 15 4 7 8 4 
35.7042 52.6853
15 7 11 8 15 16 12 15 1 8 18 7 15 4 7 4 16 22 7 8 4 7 15 16 7 16 6 15 22 
15 7 11 8 15 16 12 15 1 8 18 7 15 16 22 7 8 7 4 4 4 7 15 16 7 16 6 15 22 
4 16 22 7 8 4 12 15 1 8 18 16 6 15 22 15 7 11 8 15 16 7 15 16 7 7 15 4 7 
15 7 11 8 15 16 7 4 16 22 7 12 15 1 8 18 7 15 4 8 4 7 15 16 7 16 6 15 22 
15 7 16 22 7 8 4 7 15 16 7 16 6 11 8 15 16 12 15 1 8 18 7 15 4 7 4 15 22 
15 7 11 8 15 16 12 15 7 15 16 7 15 4 7 4 16 22 7 8 4 1 8 18 7 16 6 15 22 
34.7514 51.0531
15 7 11 8 15 16 7 4 16 22 7 12 15 1 8 18 7 15 4 8 4 7 15 16 7 16 6 15 22 
4 8 4 7 15 16 7 16 6 15 22 12 15 1 8 18 7 15 15 7 11 8 15 16 7 4 16 22 7 
4 7 11 8 15 16 7 4 16 22 7 12 15 1 16 7 16 6 15 22 15 7 15 8 18 7 15 4 8 
15 7 11 8 15 16 15 22 16 22 7 12 15 1 8 18 7 15 4 8 4 7 15 16 7 16 6 7 4 
15 7 11 8 15 16 7 4 16 22 7 12 4 8 4 7 7 15 15 1 8 18 15 16 7 16 6 15 22 
15 7 11 8 15 16 18 7 15 4 8 4 7 7 4 16 22 7 12 15 1 8 15 16 7 16 6 15 22 
35.2965 51.7572
4 7 11 8 15 16 7 4 16 22 7 12 15 1 16 7 16 6 15 22 15 7 15 8 18 7 15 4 8 
4 7 11 8 15 16 7 22 15 7 15 12 15 1 16 7 16 6 15 4 16 22 7 8 18 7 15 4 8 
16 22 7 12 1 16 7 16 6 15 22 12 15 1 16 7 16 6 15 22 15 7 15 8 8 15 16 7 4 
4 7 11 8 15 16 16 7 16 22 7 12 15 1 7 4 16 6 15 22 15 7 15 8 18 7 15 4 8 
12 15 1 16 7 16 6 4 16 4 8 4 7 11 8 15 16 7 15 22 15 7 15 8 18 7 15 22 7 
8 18 7 15 4 8 4 7 11 8 7 12 15 1 16 7 16 6 15 22 15 15 16 7 4 16 22 7 15 
38.6116 58.334
12 15 1 16 7 16 6 4 16 4 8 4 7 11 8 15 16 7 15 22 15 7 15 8 18 7 15 22 7 
12 15 1 15 22 15 7 15 8 18 8 4 7 11 8 15 16 7 16 7 16 6 4 16 4 7 15 22 7 
8 15 16 7 15 22 15 7 15 8 8 15 22 7 12 15 1 16 7 16 6 4 16 4 18 7 4 7 11 
22 7 1 16 7 16 6 4 16 4 8 4 7 11 8 15 16 7 15 22 15 7 15 8 12 15 18 7 15 
7 11 8 15 16 7 15 22 15 7 15 7 12 15 1 16 7 16 6 4 16 4 8 8 18 7 15 22 4 
4 8 4 7 11 8 15 7 12 15 1 16 7 16 6 4 16 7 15 22 15 7 15 8 18 7 15 22 16 
39.2136 58.8167
4 8 4 7 11 8 15 7 12 15 1 16 7 16 6 4 16 7 15 22 15 7 15 8 18 7 15 22 16 
4 8 4 7 11 8 15 7 12 15 1 16 7 16 6 4 16 7 15 22 15 7 15 8 18 7 15 22 16 
4 7 4 7 11 8 15 7 12 15 1 16 8 16 6 4 16 7 15 22 15 7 15 8 18 7 15 22 16 
22 8 4 7 11 8 15 7 12 15 1 16 7 16 6 4 16 7 15 22 15 7 15 8 18 7 16 4 15 
16 4 8 7 11 8 15 7 12 15 1 16 7 16 6 4 16 7 15 22 15 7 4 15 8 18 7 15 22 
15 8 4 7 11 8 15 7 15 22 15 7 15 8 18 7 15 22 16 4 1 16 7 16 6 4 16 7 12 
39.6295 58.6115
16 4 8 7 11 8 15 7 12 15 1 16 7 16 6 4 16 7 15 22 15 7 4 15 8 18 7 15 22 
16 4 8 7 11 8 15 7 12 15 1 16 7 16 6 4 16 7 15 22 15 7 4 15 8 18 7 15 22 
7 12 15 1 16 7 16 16 4 8 7 11 8 15 6 4 16 7 15 22 15 7 4 15 8 18 7 15 22 
16 7 15 22 15 7 4 15 12 15 1 16 7 7 15 22 16 4 8 7 11 8 15 7 8 18 16 6 4 
16 6 4 7 11 8 15 7 12 15 1 16 22 16 4 8 16 7 15 22 15 7 4 15 8 18 7 15 7 
16 4 8 7 11 8 15 7 4 15 8 18 7 16 6 4 16 7 15 22 15 7 12 15 1 16 7 15 22 
37.9558 56.6215
16 7 15 22 15 7 4 15 12 15 1 16 7 7 15 22 16 4 8 7 11 8 15 7 8 18 16 6 4 
16 7 15 22 15 7 4 15 12 15 1 16 7 7 15 22 16 4 8 16 11 8 15 7 8 18 7 6 4 
16 7 8 15 15 7 4 15 12 15 1 16 7 7 15 22 16 4 8 7 11 15 22 7 8 18 16 6 4 
8 7 15 22 15 7 4 8 7 11 8 15 7 8 18 16 6 4 15 12 15 1 16 7 7 15 22 16 4 
7 7 15 22 16 4 8 15 12 15 6 4 16 7 15 22 15 7 4 7 11 8 15 7 8 18 16 1 16 
16 7 15 22 15 8 7 11 8 15 7 8 18 16 7 4 15 12 15 1 16 7 7 15 22 16 4 6 4 
33.551 48.9345
16 7 8 15 15 7 4 15 12 15 1 16 7 7 15 22 16 4 8 7 11 15 22 7 8 18 16 6 4 
16 7 8 15 15 7 4 15 12 15 8 18 16 6 1 16 7 7 15 22 16 4 8 7 11 15 22 7 4 
16 7 8 15 1 15 7 4 15 12 15 16 7 7 15 22 16 4 8 7 11 15 22 7 8 18 16 6 4 
16 7 8 15 15 7 16 4 8 7 11 16 7 7 15 22 4 15 12 15 1 15 22 7 8 18 16 6 4 
16 7 8 15 15 7 4 15 12 15 1 16 7 7 15 22 16 4 8 7 11 15 16 6 4 22 7 8 18 
16 7 8 15 15 7 4 15 12 15 1 16 7 15 22 7 8 18 8 7 11 7 15 22 16 4 16 6 4 
33.3174 49.2143
16 7 8 15 15 7 4 15 12 15 1 16 7 7 15 22 16 4 8 7 11 15 16 6 4 22 7 8 18 
16 7 8 15 22 16 4 8 7 11 15 16 7 7 15 15 7 4 15 12 15 1 16 6 4 22 7 8 18 
16 7 8 15 15 7 4 15 12 15 1 16 7 7 15 22 16 4 8 7 11 15 16 6 4 22 7 8 18 
16 7 8 15 15 7 4 15 12 15 1 16 7 4 8 7 11 15 16 6 4 22 15 22 16 7 7 8 18 
15 16 8 15 15 7 4 15 12 15 1 16 7 7 15 22 16 4 7 8 18 16 7 6 4 22 8 7 11 
16 7 8 16 4 8 7 11 15 16 6 4 22 7 8 22 15 15 7 4 15 12 15 1 16 7 7 15 18 
33.6228 51.91
16 7 8 15 15 7 4 15 12 15 1 16 7 7 15 22 16 4 8 7 11 15 16 6 4 22 7 8 18 
16 7 8 15 15 7 4 15 12 15 1 16 7 7 15 22 16 11 15 16 4 8 7 6 4 22 7 8 18 
18 16 7 15 15 7 4 15 12 15 1 16 7 7 15 22 16 4 8 7 11 8 15 16 6 4 22 7 8 
15 7 16 6 4 22 7 8 18 16 1 16 7 7 15 22 16 4 8 7 11 15 8 15 15 7 4 15 12 
16 16 7 8 15 15 7 4 15 12 15 1 7 7 15 22 16 4 8 7 11 15 16 6 4 22 7 8 18 
16 7 8 15 15 7 4 15 12 15 1 16 7 7 15 22 6 4 22 7 8 15 16 16 4 8 7 11 18 
33.0608 50.6875
16 7 8 15 15 7 4 15 12 15 1 16 7 7 15 22 6 4 22 7 8 15 16 16 4 8 7 11 18 
15 22 4 22 7 8 15 16 16 4 8 7 11 18 16 7 6 8 15 15 7 4 15 12 15 1 16 7 7 
16 16 4 8 7 11 18 16 7 8 15 15 7 4 15 22 6 4 22 7 8 15 15 12 15 1 16 7 7 
8 7 8 15 15 7 4 15 12 15 1 16 7 7 15 22 6 4 22 7 8 15 16 16 18 16 7 11 4 
16 7 8 15 15 7 7 8 15 16 16 4 8 7 11 18 6 4 22 4 15 12 15 1 16 7 7 15 22 
7 15 8 15 8 15 16 16 4 8 7 11 18 16 7 22 6 4 22 7 15 7 4 15 12 15 1 16 7 
31.4524 48.1289
16 7 8 15 15 7 4 15 12 15 1 16 7 7 15 22 6 4 22 7 8 15 16 16 4 8 7 11 18 
16 7 8 15 15 7 4 15 12 15 1 16 7 7 15 22 11 18 6 4 22 7 8 15 16 16 4 8 7 
12 15 1 16 15 7 11 18 16 7 8 15 7 7 15 22 6 4 22 7 8 15 16 16 4 8 7 4 15 
18 16 7 8 15 15 7 15 12 15 1 16 7 7 15 22 6 4 22 7 8 15 4 16 16 4 8 7 11 
7 15 22 6 4 22 7 8 15 8 7 11 18 16 7 8 15 15 7 4 15 12 16 16 4 15 1 16 7 
16 7 8 15 15 7 4 15 12 15 1 16 7 7 15 22 6 4 22 7 8 15 16 16 4 8 7 11 18 
33.7574 53.5194
7 15 22 6 4 22 7 8 15 8 7 11 18 16 7 8 15 15 7 4 15 12 16 16 4 15 1 16 7 
7 15 22 6 4 16 7 8 15 8 7 11 18 16 7 8 15 15 7 4 15 12 16 16 4 15 1 22 7 
7 8 15 15 7 4 15 12 16 16 4 11 18 16 7 15 22 6 4 22 7 8 15 8 7 15 1 16 7 
7 15 22 1 16 7 7 8 15 8 7 11 18 16 7 8 15 15 7 4 15 12 16 16 4 15 6 4 22 
7 15 22 15 7 4 15 12 16 16 6 4 22 7 8 15 8 7 11 18 16 7 8 15 4 15 1 16 7 
7 15 22 6 4 22 7 8 15 8 7 11 18 16 7 8 15 15 7 4 15 12 16 16 4 15 1 16 7 
34.3428 52.0335
7 8 15 15 7 4 15 12 16 16 4 11 18 16 7 15 22 6 4 22 7 8 15 8 7 15 1 16 7 
16 4 11 18 16 4 15 16 7 7 8 15 15 7 7 15 22 6 4 22 7 8 15 8 7 15 1 12 16 
16 7 15 22 7 4 15 12 7 15 1 16 7 7 8 15 15 6 4 22 7 8 15 8 16 16 4 11 18 
7 8 15 15 7 4 15 12 16 16 4 11 18 16 7 15 22 6 4 22 7 8 15 8 7 15 1 16 7 
7 8 15 18 16 7 15 12 16 16 4 11 15 7 4 15 22 6 4 22 7 8 15 8 7 15 1 16 7 
7 8 15 15 7 4 11 18 4 15 12 16 16 16 7 15 22 6 4 22 7 8 15 8 7 15 1 16 7 
35.4092 54.3312
7 8 15 18 16 7 15 12 16 16 4 11 15 7 4 15 22 6 4 22 7 8 15 8 7 15 1 16 7 
7 8 15 18 16 7 15 12 16 16 4 11 15 7 4 15 22 7 4 22 6 8 15 8 7 15 1 16 7 
7 8 15 22 6 4 22 7 8 15 8 7 15 18 16 7 15 12 16 16 4 11 15 7 4 15 1 16 7 
7 8 15 18 16 7 15 12 16 16 4 11 1 16 15 7 4 15 22 6 4 22 7 8 15 8 7 15 7 
15 7 4 15 16 7 15 12 15 1 16 7 7 8 15 18 22 6 4 22 7 8 15 8 7 16 16 4 11 
7 6 4 22 7 8 15 8 7 15 1 16 15 7 4 15 22 8 15 18 16 7 15 12 16 16 4 11 7 
34.6586 52.3139
7 6 4 22 7 8 15 8 7 15 1 16 15 7 4 15 22 8 15 18 16 7 15 12 16 16 4 11 7 
7 6 4 22 7 8 15 16 7 15 8 7 15 1 16 15 7 4 15 22 8 15 18 12 16 16 4 11 7 
7 6 4 22 15 8 15 8 7 15 1 16 15 7 4 7 22 8 15 18 16 7 15 12 16 16 4 11 7 
7 15 22 8 15 18 16 7 15 12 16 16 6 4 22 7 8 15 8 7 15 1 16 15 7 4 4 11 7 
7 6 4 22 7 8 15 8 7 15 1 16 15 7 4 15 22 8 15 18 16 7 15 12 16 16 4 11 7 
7 15 12 16 16 4 11 7 7 15 1 16 15 7 4 15 22 8 15 6 4 22 7 8 15 8 7 18 16 
33.9365 50.2587
7 6 4 22 7 8 15 16 7 15 8 7 15 1 16 15 7 4 15 22 8 15 18 12 16 16 4 11 7 
7 4 4 22 7 8 15 16 7 15 8 7 15 1 16 15 7 6 15 22 8 15 18 12 16 16 4 11 7 
7 6 4 22 7 8 15 18 12 16 8 7 15 1 16 15 7 4 15 22 8 15 16 7 15 16 4 11 7 
7 4 4 22 7 15 22 8 15 18 12 16 16 4 11 7 7 6 8 15 16 7 15 8 7 15 1 16 15 
7 6 4 22 7 8 15 16 7 15 8 15 22 8 15 18 7 4 7 15 1 16 15 12 16 16 4 11 7 
7 6 15 7 4 15 22 16 7 15 8 7 15 1 16 4 22 7 8 15 8 15 18 12 16 16 4 11 7 
33.7885 51.0809
7 4 4 22 7 15 22 8 15 18 12 16 16 4 11 7 7 6 8 15 16 7 15 8 7 15 1 16 15 
7 4 4 22 7 15 22 8 15 18 12 16 16 4 11 7 7 6 8 15 16 7 15 8 7 15 1 16 15 
7 7 6 8 15 16 22 8 15 8 7 15 1 16 15 7 4 4 22 7 15 7 15 18 12 16 16 4 11 
15 7 4 22 7 15 22 8 15 18 12 16 16 4 11 7 7 6 8 15 16 7 4 15 8 7 15 1 16 
7 4 4 22 7 15 22 8 15 18 12 16 16 4 11 7 7 6 8 15 16 7 15 8 7 15 1 16 15 
7 4 4 22 7 15 22 8 15 18 12 16 16 4 11 7 7 6 8 15 1 16 15 8 7 15 16 7 15 
33.1794 50.9566
7 4 4 22 7 15 22 8 15 18 12 16 16 4 11 7 7 6 8 15 16 7 15 8 7 15 1 16 15 
7 4 15 22 7 15 22 8 15 18 12 16 16 4 11 7 7 6 8 15 16 7 15 8 7 4 1 16 15 
7 4 4 22 7 15 22 8 15 18 12 16 16 4 11 7 7 6 8 15 16 7 15 8 7 15 1 16 15 
16 15 7 4 4 22 7 15 22 8 15 18 16 4 11 7 7 6 8 15 16 7 15 8 7 15 12 16 1 
15 1 4 22 7 15 22 8 15 18 12 16 16 4 11 7 7 6 8 15 16 7 15 8 7 7 4 16 15 
16 4 11 7 7 15 1 16 15 7 4 4 22 7 15 22 8 6 8 15 16 7 15 8 7 15 18 12 16 
32.1577 48.2048
16 15 7 4 4 22 7 15 22 8 15 18 16 4 11 7 7 6 8 15 16 7 15 8 7 15 12 16 1 
16 15 7 4 4 22 7 15 22 6 8 15 16 4 11 7 7 8 15 18 16 7 15 8 7 15 12 16 1 
16 15 7 4 4 22 7 15 22 8 15 18 16 4 11 7 7 6 8 15 16 7 15 8 7 15 12 16 1 
16 15 7 4 4 22 7 15 15 16 7 15 8 7 15 7 7 6 8 22 8 15 18 16 4 11 12 16 1 
12 16 1 16 4 22 7 15 22 8 15 18 16 4 11 7 7 15 7 4 6 8 15 16 7 15 8 7 15 
16 15 18 16 4 11 7 7 6 8 15 7 4 4 22 7 15 22 8 15 16 7 15 8 7 15 12 16 1 
31.2536 46.5914
16 15 7 4 4 22 7 15 22 8 15 18 16 4 11 7 7 6 8 15 16 7 15 8 7 15 12 16 1 
6 8 15 16 7 15 7 15 22 8 15 8 7 15 12 16 1 16 15 7 4 4 22 18 16 4 11 7 7 
16 15 7 4 4 22 7 15 22 7 15 12 16 4 11 7 7 6 8 15 16 7 15 8 8 15 18 16 1 
7 15 12 4 4 22 7 15 22 8 15 18 16 4 11 16 1 16 15 7 7 7 6 8 15 16 7 15 8 
8 7 15 12 16 1 7 15 22 8 15 18 16 4 11 7 7 6 8 16 15 7 4 4 22 15 16 7 15 
16 15 7 4 4 22 7 7 6 8 15 15 22 8 15 18 16 4 11 7 16 7 15 8 7 15 12 16 1 
31.303 46.5944
6 8 15 16 7 15 7 15 22 8 15 8 7 15 12 16 1 16 15 7 4 4 22 18 16 4 11 7 7 
7 7 6 8 15 16 7 15 22 8 15 8 7 15 12 16 1 16 15 7 4 4 22 15 7 18 16 4 11 
6 8 15 16 7 15 7 15 22 8 15 8 7 15 12 16 1 16 15 7 4 4 22 18 16 4 11 7 7 
6 8 15 16 7 15 7 15 22 8 15 8 7 15 12 16 1 16 11 7 15 7 4 4 22 18 16 4 7 
4 22 15 16 7 15 7 15 22 8 15 8 7 15 12 16 1 16 11 7 7 6 8 18 16 4 15 7 4 
6 8 15 12 16 15 7 15 22 8 15 8 7 15 16 7 1 16 15 7 4 4 22 18 16 4 11 7 7 
32.4826 46.6149
6 8 15 16 7 15 7 15 22 8 15 8 7 15 12 16 1 16 15 7 4 4 22 18 16 4 11 7 7 
16 15 7 4 4 15 7 15 22 8 15 8 7 15 12 16 1 6 8 15 16 7 22 18 16 4 11 7 7 
6 8 15 16 7 15 7 15 22 8 15 8 7 4 15 12 16 1 16 15 7 4 22 18 16 4 11 7 7 
6 8 15 7 15 12 16 1 16 15 7 4 16 7 15 7 15 22 8 15 8 4 22 18 16 4 11 7 7 
16 4 11 7 7 6 8 15 16 8 15 8 7 15 12 16 1 16 15 7 7 15 7 15 22 4 4 22 18 
6 8 15 16 7 15 12 16 1 15 7 15 22 8 15 8 7 16 15 7 4 4 22 18 16 4 11 7 7 
33.3075 48.693
6 8 15 16 7 15 12 16 1 15 7 15 22 8 15 8 7 16 15 7 4 4 22 18 16 4 11 7 7 
6 8 15 16 7 15 22 8 15 8 7 15 12 16 1 15 7 16 15 7 4 4 22 18 16 4 11 7 7 
16 8 15 16 7 15 12 16 1 15 7 15 22 7 4 4 22 18 16 4 11 7 7 6 15 8 15 8 7 
6 8 15 16 7 15 12 16 4 4 22 18 16 8 15 8 7 16 15 7 1 15 7 15 22 4 11 7 7 
6 15 8 7 16 15 7 4 8 15 16 7 15 12 16 1 15 7 15 22 8 4 22 18 16 4 11 7 7 
18 16 4 16 7 15 12 16 1 15 7 15 22 8 15 8 7 16 15 7 4 4 7 6 8 15 11 7 22 
33.2896 48.1983
6 8 15 16 7 15 12 16 4 4 22 18 16 8 15 8 7 16 15 7 1 15 7 15 22 4 11 7 7 
6 8 15 16 7 15 15 22 4 11 7 18 16 8 15 8 7 16 15 7 1 15 7 12 16 4 4 22 7 
11 8 15 16 7 15 12 16 4 4 22 18 16 8 15 8 7 7 6 7 16 15 7 1 15 7 15 22 4 
15 7 1 15 7 15 22 4 11 4 22 18 16 8 15 7 7 6 8 15 16 7 15 12 16 4 8 7 16 
6 8 15 16 7 15 12 16 4 4 22 18 16 8 15 8 7 15 16 7 1 15 7 15 22 4 11 7 7 
6 8 15 16 7 15 12 8 7 16 22 18 16 8 15 16 4 4 15 7 1 15 7 15 22 4 11 7 7 
32.7134 46.7728
6 8 15 16 7 15 12 16 4 4 22 18 16 8 15 8 7 16 15 7 1 15 7 15 22 4 11 7 7 
6 8 7 16 15 15 16 7 15 12 16 4 4 22 18 16 8 15 8 7 1 15 7 15 22 4 11 7 7 
6 8 15 16 7 15 7 16 15 4 22 18 16 8 15 8 12 16 4 7 1 15 7 15 22 4 11 7 7 
6 8 15 16 7 15 12 16 4 4 22 15 22 4 15 8 7 16 15 7 1 15 7 18 16 8 11 7 7 
6 8 15 16 7 15 12 16 4 4 22 18 16 8 15 8 7 16 15 11 7 1 15 7 15 22 4 7 7 
6 8 15 16 7 15 12 16 4 4 22 18 16 8 15 8 7 15 22 4 11 15 7 16 15 7 1 7 7 
31.6535 44.2831
6 8 7 16 15 15 16 7 15 12 16 4 4 22 18 16 8 15 8 7 1 15 7 15 22 4 11 7 7 
8 7 1 15 7 15 22 4 15 12 16 4 4 22 18 16 7 7 6 8 7 16 15 15 16 7 11 8 15 
4 22 18 16 8 15 16 7 15 12 16 7 6 8 7 16 15 15 8 7 1 15 7 15 22 4 11 7 4 
8 7 12 16 4 15 16 7 15 1 15 7 15 22 4 11 7 7 6 8 7 16 15 4 22 18 16 8 15 
6 8 7 16 15 15 16 7 15 12 16 1 15 7 15 22 4 15 8 7 4 4 22 18 16 8 11 7 7 
8 15 8 7 1 15 7 15 22 12 16 4 4 11 7 7 6 8 7 16 15 15 16 7 15 4 22 18 16 
30.1656 42.5213
4 22 18 16 8 15 16 7 15 12 16 7 6 8 7 16 15 15 8 7 1 15 7 15 22 4 11 7 4 
4 22 18 16 8 15 16 7 15 12 16 7 6 8 7 16 15 15 8 7 1 15 7 15 22 4 11 7 4 
4 22 18 16 8 15 16 7 15 7 15 7 6 8 7 16 15 15 8 7 1 15 12 16 22 4 11 7 4 
4 22 18 16 8 15 16 7 15 15 7 15 22 4 11 16 15 15 8 7 1 12 16 7 6 8 7 7 4 
4 4 22 18 16 8 15 16 7 15 12 16 6 8 7 16 15 15 8 7 1 15 7 15 22 4 11 7 7 
4 22 18 16 8 15 7 6 15 12 16 16 7 8 7 16 15 15 8 7 1 15 7 15 22 4 11 7 4 
29.3276 39.6419
4 22 18 16 8 15 7 6 15 12 16 16 7 8 7 16 15 15 8 7 1 15 7 15 22 4 11 7 4 
4 22 18 16 8 15 7 6 15 12 16 16 7 8 7 16 15 7 15 22 1 15 15 8 7 4 11 7 4 
12 22 18 16 8 15 11 7 4 4 16 16 7 8 7 16 15 15 8 7 1 15 7 15 22 4 7 6 15 
4 22 18 16 8 15 7 6 15 12 16 16 7 22 4 16 15 15 8 7 1 15 7 15 8 7 11 7 4 
8 7 1 15 7 15 22 4 11 12 16 16 7 8 7 7 4 4 22 18 16 8 15 7 6 15 16 15 15 
4 4 22 18 16 15 7 6 15 12 16 16 7 8 7 16 15 15 8 7 1 15 8 7 15 22 4 11 7 
28.0191 38.8714
4 22 18 16 8 15 7 6 15 12 16 16 7 8 7 16 15 7 15 22 1 15 15 8 7 4 11 7 4 
7 4 4 22 18 16 7 6 15 12 16 16 7 8 7 16 15 7 15 22 1 15 15 8 7 8 15 4 11 
4 4 22 16 8 15 7 6 15 12 16 16 7 8 7 16 15 7 15 22 1 15 15 8 18 7 4 11 7 
4 22 18 16 8 15 7 6 15 15 16 16 7 8 7 16 15 7 12 22 1 15 15 8 7 4 11 7 4 
4 22 18 16 8 15 7 6 15 12 16 16 7 8 7 16 15 7 15 22 15 8 1 15 7 4 11 7 4 
4 22 1 15 15 8 7 4 11 7 4 16 7 8 7 16 15 7 15 22 18 16 8 15 7 6 15 12 16 
28.8686 39.6022
4 22 18 16 8 15 7 6 15 15 16 16 7 8 7 16 15 7 12 22 1 15 15 8 7 4 11 7 4 
4 22 18 16 8 15 8 7 4 11 7 16 7 8 7 16 15 7 12 22 1 15 15 7 6 15 15 16 4 
4 4 22 18 16 8 15 7 6 15 16 16 7 8 7 16 15 7 12 22 1 15 15 8 7 4 15 11 7 
4 22 18 16 8 15 7 6 15 15 16 16 7 8 7 16 15 11 7 12 22 1 15 15 8 7 4 7 4 
15 16 16 7 8 16 15 7 12 22 1 15 15 8 7 16 15 7 12 22 1 15 15 8 8 15 7 6 15 
8 7 4 16 8 15 7 6 15 15 16 16 7 8 7 16 15 11 7 4 4 22 18 7 12 22 1 15 15 
27.6678 37.8925
4 22 18 16 8 15 7 6 15 15 16 16 7 8 7 16 15 7 12 22 1 15 15 8 7 4 11 7 4 
8 7 16 15 15 15 8 7 4 11 7 4 4 22 18 16 8 7 12 22 1 15 7 6 15 15 16 16 7 
15 7 12 22 1 15 15 8 7 4 16 16 7 8 7 4 4 22 18 16 8 15 7 6 15 15 11 7 16 
4 22 18 16 8 15 7 6 22 1 15 15 8 7 4 11 7 7 12 15 15 16 16 7 8 7 16 15 4 
4 16 7 8 7 16 15 7 22 18 16 8 15 7 6 15 15 16 12 22 1 15 15 8 7 4 11 7 4 
7 12 22 1 8 15 7 6 15 15 16 16 7 8 7 16 4 4 22 18 16 15 15 8 7 4 11 7 15 
26.8467 37.2738
4 16 7 8 7 16 15 7 22 18 16 8 15 7 6 15 15 16 12 22 1 15 15 8 7 4 11 7 4 
15 16 7 8 16 12 22 1 15 15 8 7 4 11 7 4 4 7 16 15 7 22 18 16 8 15 7 6 15 
11 7 4 4 16 16 15 7 22 18 16 8 15 7 6 15 15 16 12 22 7 8 7 1 15 15 8 7 4 
4 16 7 8 7 16 15 7 22 18 16 8 15 7 6 15 15 16 12 22 1 15 15 8 7 4 11 7 4 
4 16 7 8 7 16 15 7 22 18 16 8 15 7 6 15 15 16 12 22 1 15 15 8 7 4 11 7 4 
4 16 7 8 7 16 15 7 22 18 16 8 15 7 15 16 6 15 15 16 12 22 1 15 15 8 11 7 4 
28.8749 41.0254
4 16 7 8 7 16 15 7 22 18 16 8 15 7 6 15 15 16 12 22 1 15 15 8 7 4 11 7 4 
4 16 7 8 7 16 15 8 7 22 18 16 15 7 6 15 15 16 12 22 1 15 15 8 7 4 11 7 4 
7 6 15 15 15 15 8 7 4 11 7 4 4 16 7 8 7 16 12 22 1 16 15 7 22 18 16 8 15 
4 16 7 8 7 16 15 7 22 18 16 8 15 15 16 12 7 6 15 22 1 15 15 8 7 4 11 7 4 
22 18 16 8 15 11 7 4 4 16 7 8 7 7 6 15 15 16 12 22 1 15 15 8 7 4 16 15 7 
4 16 7 8 7 16 15 7 22 18 16 8 7 15 6 15 15 16 12 22 1 15 15 8 7 4 11 7 4 
27.5546 38.084
4 16 7 8 7 16 15 8 7 22 18 16 15 7 6 15 15 16 12 22 1 15 15 8 7 4 11 7 4 
15 7 6 15 15 16 15 8 4 11 7 4 4 16 7 8 7 16 12 22 1 15 15 8 7 7 22 18 16 
7 4 7 8 7 16 15 8 7 22 18 16 15 7 6 15 15 16 12 22 1 15 4 16 15 8 7 4 11 
4 6 15 15 16 12 22 1 15 15 8 7 4 7 16 7 8 7 16 15 8 7 22 18 16 15 11 7 4 
8 7 4 11 7 16 15 8 7 22 18 16 15 7 6 7 4 4 16 7 8 15 15 16 12 22 1 15 15 
4 4 16 7 8 7 15 8 7 22 18 16 15 7 6 15 15 16 12 22 1 16 15 15 8 7 4 11 7 
26.4267 36.0751
4 6 15 15 16 12 22 1 15 15 8 7 4 7 16 7 8 7 16 15 8 7 22 18 16 15 11 7 4 
4 6 15 15 16 12 22 1 15 8 7 16 15 8 7 22 18 16 15 11 7 4 7 15 8 7 4 7 16 
4 6 15 15 16 12 8 7 22 18 16 15 11 7 16 7 8 7 16 15 22 1 15 15 8 7 4 7 4 
4 6 15 15 16 12 22 1 15 15 15 8 7 4 7 16 7 8 7 16 8 7 22 18 16 15 11 7 4 
4 6 15 15 16 12 22 1 15 15 8 7 4 7 16 7 8 7 16 15 8 7 22 18 16 15 11 7 4 
4 6 15 15 7 16 15 8 7 22 18 16 15 11 7 7 8 16 12 22 1 15 15 8 7 4 7 16 4 
25.1912 32.617
4 6 15 15 16 12 22 1 15 15 8 7 4 7 16 7 8 7 16 15 8 7 22 18 16 15 11 7 4 
11 6 15 15 16 12 22 1 15 15 8 7 4 7 16 7 8 7 16 15 8 7 7 4 4 22 18 16 15 
4 6 15 15 7 16 15 16 12 22 1 15 15 8 7 4 7 16 7 8 8 7 22 18 16 15 11 7 4 
4 6 15 15 16 12 22 1 15 15 8 7 4 7 16 7 8 8 7 16 15 7 22 18 16 15 11 7 4 
4 6 15 15 16 12 22 7 16 15 8 7 22 18 16 15 11 1 15 15 8 7 4 7 16 7 8 7 4 
4 6 15 8 7 4 7 15 16 12 22 1 15 15 16 7 8 7 16 15 8 7 22 18 16 15 11 7 4 
25.4771 33.3995
11 6 15 15 16 12 22 1 15 15 8 7 4 7 16 7 8 7 16 15 8 7 7 4 4 22 18 16 15 
15 6 15 15 16 12 22 1 11 15 8 7 4 7 16 7 8 7 16 15 8 7 7 4 4 22 18 16 15 
8 7 4 7 8 7 16 15 8 7 7 7 4 7 16 7 8 7 16 15 6 15 15 16 12 22 1 15 15 
11 6 15 15 16 12 22 1 15 15 8 7 4 7 16 7 8 4 4 22 18 16 7 7 16 15 8 7 15 
7 8 7 16 15 8 7 1 15 15 8 7 4 7 15 11 6 15 15 16 12 22 7 4 4 22 18 16 16 
15 8 22 18 16 15 11 6 15 15 16 7 4 7 16 7 8 7 16 15 8 7 7 4 4 12 22 1 15 
26.0353 37.2317
11 6 15 15 16 12 22 1 15 15 8 7 4 7 16 7 8 4 4 22 18 16 7 7 16 15 8 7 15 
11 6 15 15 16 12 22 1 15 15 8 7 4 16 7 16 7 8 4 4 22 18 7 7 16 15 8 7 15 
11 6 15 15 16 12 22 8 4 4 22 1 15 15 8 7 4 7 16 7 18 16 7 7 16 15 8 7 15 
11 6 15 15 16 12 22 1 15 15 8 7 4 7 16 7 8 4 4 22 18 16 7 7 16 15 8 7 15 
11 6 15 15 15 12 22 1 15 15 8 7 4 7 16 7 8 4 4 22 18 16 7 7 16 16 8 7 15 
11 6 15 15 16 12 22 1 15 15 8 7 4 7 16 16 15 8 7 15 18 16 7 7 7 8 4 4 22 
27.9887 41.1167
11 6 15 15 15 12 22 1 15 15 8 7 4 7 16 7 8 4 4 22 18 16 7 7 16 16 8 7 15 
7 7 16 16 8 7 15 11 6 15 8 7 4 7 16 7 8 4 4 22 18 15 15 12 22 1 15 15 16 
11 6 15 7 16 7 22 1 15 15 8 7 4 15 15 12 8 4 4 22 18 16 7 7 16 16 8 7 15 
11 6 15 15 15 12 22 1 15 15 8 7 4 7 7 16 8 4 4 22 18 16 7 7 16 16 8 7 15 
11 6 15 15 15 12 22 1 8 4 8 7 4 7 16 7 15 15 4 22 18 16 7 7 16 16 8 7 15 
11 6 15 15 15 12 22 1 15 15 8 7 4 7 16 7 8 4 16 22 18 4 7 7 16 16 8 7 15 
28.5821 42.3542
7 7 16 16 8 7 15 11 6 15 8 7 4 7 16 7 8 4 4 22 18 15 15 12 22 1 15 15 16 
7 7 16 16 8 7 15 11 6 22 18 15 15 12 22 1 15 15 16 15 8 7 4 7 16 7 8 4 4 
7 7 7 16 7 8 4 4 22 16 16 8 7 15 11 6 15 8 7 4 18 15 15 12 22 1 15 15 16 
8 4 16 16 8 7 15 11 6 15 8 22 1 15 15 16 7 7 4 22 18 15 15 12 7 4 7 16 7 
7 7 15 15 12 22 1 15 6 15 8 7 4 7 16 7 8 4 4 22 18 16 16 8 7 15 11 15 16 
7 7 16 16 15 8 15 11 6 8 7 7 4 7 16 7 8 4 4 22 18 15 15 12 22 1 15 15 16 
26.3223 36.7744
7 7 16 16 8 7 15 11 6 15 8 7 4 7 16 7 8 4 4 22 18 15 15 12 22 1 15 15 16 
7 7 16 16 8 7 15 11 6 15 8 7 8 4 4 22 4 7 16 7 8 4 4 22 18 15 15 15 16 
7 7 16 16 8 7 15 11 6 15 8 7 22 18 4 7 16 7 8 4 4 15 15 12 22 1 15 15 16 
7 7 7 16 16 8 7 15 11 6 15 8 4 7 16 7 8 4 4 22 18 15 15 12 22 1 15 15 16 
7 7 16 16 7 16 7 11 6 15 8 7 4 8 7 15 8 4 4 22 18 15 15 12 22 1 15 15 16 
7 7 16 8 7 4 15 11 6 15 16 8 7 7 16 7 8 4 4 22 18 15 15 12 22 1 15 15 16 
27.513 39.5885
7 7 16 16 8 7 15 11 6 15 8 7 4 7 16 7 8 4 4 22 18 15 15 12 22 1 15 15 16 
7 7 8 7 4 7 16 16 16 8 7 15 11 6 15 7 8 4 4 22 18 15 15 12 22 1 15 15 16 
7 7 22 18 15 15 12 22 1 15 15 7 4 7 16 7 8 4 4 16 16 8 7 15 11 6 15 8 16 
4 4 22 18 15 15 12 22 1 15 8 7 4 7 16 7 8 7 7 16 16 8 7 15 11 6 15 15 16 
7 7 16 16 8 7 15 11 15 15 6 15 8 7 4 7 16 7 8 4 4 22 18 12 22 1 15 15 16 
7 7 8 4 4 22 18 15 15 12 22 1 16 16 8 7 15 11 6 15 8 7 4 7 16 7 15 15 16 
26.724 38.0131
7 7 16 16 8 7 15 11 6 15 8 7 4 7 16 7 8 4 4 22 18 15 15 12 22 1 15 15 16 
4 7 16 7 8 4 4 22 6 15 15 16 7 7 16 16 8 7 15 11 18 15 15 12 22 1 15 8 7 
7 7 16 16 8 7 15 11 6 15 8 7 4 7 16 7 8 4 4 22 18 15 15 12 22 1 15 15 16 
16 16 8 16 8 7 15 11 6 15 8 7 4 7 16 7 8 4 4 22 18 15 15 12 22 1 15 7 7 
7 7 16 16 8 7 15 11 6 15 8 7 4 7 16 7 8 4 4 22 18 15 15 12 22 1 15 15 16 
18 15 15 12 8 7 15 11 6 15 8 7 4 15 12 22 1 15 15 16 7 7 7 16 7 8 4 4 22 
28.1003 40.3087
7 7 16 16 8 7 15 11 6 15 8 7 4 7 16 7 8 4 4 22 18 15 15 12 22 1 15 15 16 
7 7 16 15 15 12 22 1 15 15 16 7 4 7 16 7 8 4 4 22 18 16 8 7 15 11 6 15 8 
7 7 16 16 8 7 15 11 6 15 8 7 4 7 16 7 8 4 4 22 18 15 15 12 22 1 15 15 16 
7 7 16 16 8 7 15 11 6 15 8 7 4 7 16 7 8 4 4 22 22 1 18 15 15 12 15 15 16 
15 15 12 22 1 15 15 16 6 15 8 7 4 7 16 7 7 16 16 8 7 15 11 7 8 4 4 22 18 
4 7 16 16 8 7 15 11 6 15 8 7 4 7 16 7 8 16 7 22 18 15 15 12 22 1 15 15 4 
27.4469 39.1724
7 7 16 15 15 12 22 1 15 15 16 7 4 7 16 7 8 4 4 22 18 16 8 7 15 11 6 15 8 
6 15 8 7 7 16 15 15 12 22 1 15 4 7 16 7 8 4 4 22 18 16 8 7 15 11 15 16 7 
7 7 16 15 15 12 22 1 15 8 16 7 4 7 16 7 8 4 4 22 18 16 8 7 15 11 6 15 15 
16 15 15 12 22 1 15 15 16 7 4 7 16 7 16 7 8 4 4 22 18 16 8 7 15 11 6 15 7 
7 16 7 8 4 4 22 18 15 15 16 7 4 7 7 16 15 15 12 22 1 16 8 7 15 11 6 15 8 
7 7 16 15 15 12 22 1 15 11 16 7 4 7 16 7 8 4 4 22 18 16 8 7 15 15 6 15 8 
29.3914 41.6662
7 7 16 15 15 12 22 1 15 15 16 7 4 7 16 7 8 4 4 22 18 16 8 7 15 11 6 15 8 
7 7 16 15 15 12 22 1 15 15 16 7 4 7 4 4 22 16 7 8 4 4 22 18 16 8 7 15 11 
7 7 16 15 15 12 22 4 22 18 16 8 4 7 16 7 8 4 1 15 15 16 7 7 15 11 6 15 8 
7 7 16 15 15 12 22 1 15 15 16 7 4 15 11 6 15 8 4 22 18 16 8 7 7 16 7 8 4 
7 7 16 15 15 12 22 1 15 4 22 18 16 8 15 16 7 4 7 16 7 8 4 7 15 11 6 15 8 
7 7 16 15 15 12 22 1 15 15 16 7 4 4 4 22 18 7 16 7 8 4 4 7 15 11 6 15 8 
28.3606 40.419
7 7 16 15 15 12 22 1 15 15 16 7 4 7 4 4 22 16 7 8 4 4 22 18 16 8 7 15 11 
4 7 4 4 22 16 7 8 4 4 16 8 7 15 11 7 7 16 15 15 4 4 22 18 16 15 15 16 7 
4 4 22 16 7 8 4 4 22 15 16 7 15 11 7 7 16 15 15 12 22 1 15 18 16 8 7 4 7 
7 7 16 15 15 12 22 1 15 15 16 4 22 7 4 4 22 16 7 8 4 7 4 18 16 8 7 15 11 
7 7 16 15 15 7 4 7 4 15 16 12 22 1 15 4 22 16 7 8 4 4 22 18 16 8 7 15 11 
8 4 4 22 15 12 22 1 15 15 4 4 22 18 16 8 7 15 11 7 16 7 4 7 4 4 22 16 7 
26.6381 37.3751
4 4 22 16 7 8 4 4 22 15 16 7 15 11 7 7 16 15 15 12 22 1 15 18 16 8 7 4 7 
1 15 18 16 8 7 4 4 22 15 16 7 15 11 7 4 7 4 4 22 16 7 8 7 16 15 15 12 22 
4 4 22 16 7 8 4 4 22 15 16 7 15 11 7 7 16 15 15 12 22 1 15 18 16 8 7 4 7 
4 4 22 16 7 18 16 8 7 4 7 7 15 11 7 7 16 15 15 12 22 1 15 8 4 4 22 15 16 
4 4 22 16 7 7 16 15 15 12 7 8 4 4 22 15 16 7 15 11 22 1 15 18 16 8 7 4 7 
4 4 22 16 7 8 4 1 15 18 16 7 15 11 7 7 16 15 15 12 22 4 22 15 16 8 7 4 7 
27.3193 37.6783
1 15 18 16 8 7 4 4 22 15 16 7 15 11 7 4 7 4 4 22 16 7 8 7 16 15 15 12 22 
1 15 7 15 11 7 4 7 4 4 18 16 8 7 4 4 22 15 16 22 16 7 8 7 16 15 15 12 22 
11 7 16 15 15 12 22 1 15 18 16 8 7 4 4 4 7 4 4 22 16 7 8 7 22 15 16 7 15 
7 16 15 15 12 22 1 15 22 15 16 7 15 11 7 4 7 4 18 16 8 7 4 4 4 22 16 7 8 
22 16 7 8 7 7 4 4 22 15 16 7 15 11 7 4 7 4 4 1 15 18 16 8 16 15 15 12 22 
1 15 18 16 8 7 4 4 22 15 16 7 15 11 7 4 7 4 7 22 16 4 8 7 16 15 15 12 22 
26.4125 35.6989
11 7 16 15 15 12 22 1 15 18 16 8 7 4 4 4 7 4 4 22 16 7 8 7 22 15 16 7 15 
11 7 16 15 4 4 4 7 4 4 15 12 22 1 15 18 16 8 7 22 16 7 8 7 22 15 16 7 15 
4 4 7 4 4 22 16 1 15 18 16 16 7 15 11 7 16 15 15 12 22 7 8 7 22 15 8 7 4 
11 7 16 15 15 4 7 4 4 22 16 7 8 7 22 12 22 1 15 18 16 8 7 4 4 15 16 7 15 
11 7 16 7 4 4 4 7 4 15 15 12 22 1 15 18 16 8 4 22 16 7 8 7 22 15 16 7 15 
11 7 16 15 7 4 4 22 16 7 8 7 22 15 15 12 22 1 15 18 16 8 7 4 4 4 16 7 15 
29.3008 43.7222
4 4 7 4 4 22 16 1 15 18 16 16 7 15 11 7 16 15 15 12 22 7 8 7 22 15 8 7 4 
4 4 7 4 4 22 16 22 7 8 7 22 15 8 7 4 16 15 15 12 1 15 18 16 16 7 15 11 7 
4 22 16 1 15 18 16 1 15 18 16 16 7 15 11 7 16 15 15 12 22 7 8 7 22 4 4 7 4 
22 7 8 7 22 15 8 1 15 18 16 16 7 15 11 7 16 7 4 4 4 7 4 4 22 16 15 15 12 
4 4 7 4 22 7 8 7 22 15 16 16 7 15 11 7 16 15 15 12 4 22 16 1 15 18 8 7 4 
18 16 16 7 4 22 16 1 4 4 4 7 4 15 11 7 16 15 15 12 22 7 8 7 22 15 8 7 15 
28.0791 40.4606
4 4 7 4 4 22 16 1 15 18 16 16 7 15 11 7 16 15 15 12 22 7 8 7 22 15 8 7 4 
16 15 15 12 4 22 16 1 15 18 16 16 7 15 11 4 4 4 7 4 22 7 8 7 22 15 8 7 7 
15 12 7 4 4 22 16 1 15 18 16 16 7 15 11 7 16 15 4 4 22 7 8 7 22 15 8 7 4 
4 4 7 4 4 22 16 1 15 18 16 16 7 15 11 7 22 15 8 7 16 15 15 12 22 7 8 7 4 
15 15 15 11 4 22 16 1 15 18 16 16 7 12 22 7 8 7 22 15 8 7 4 4 4 7 4 7 16 
4 4 7 4 16 15 4 22 16 1 15 18 16 16 7 15 11 7 15 12 22 7 8 7 22 15 8 7 4 
28.3422 41.6812
15 15 15 11 4 22 16 1 15 18 16 16 7 12 22 7 8 7 22 15 8 7 4 4 4 7 4 7 16 
15 15 15 11 4 22 16 1 15 18 16 7 22 15 8 7 8 16 7 12 22 7 4 4 4 7 4 7 16 
18 16 16 7 12 22 7 7 16 15 15 15 11 4 22 16 8 7 22 15 8 7 4 4 4 7 4 1 15 
15 15 15 11 4 22 16 1 15 18 16 16 7 12 22 7 8 7 22 15 8 7 4 4 4 7 4 7 16 
8 15 15 11 4 22 16 1 15 18 16 8 7 4 4 4 7 4 7 16 16 7 12 22 7 8 7 22 15 
15 15 15 11 4 22 16 1 15 4 7 4 7 12 22 7 8 7 22 15 8 7 4 4 18 16 16 7 16 
29.5791 45.56
15 15 15 11 4 22 16 1 15 4 7 4 7 12 22 7 8 7 22 15 8 7 4 4 18 16 16 7 16 
15 15 15 11 4 22 16 1 15 4 7 4 7 8 7 4 4 18 16 15 12 22 7 8 7 22 16 7 16 
7 16 15 15 4 22 16 1 15 4 7 4 7 12 22 7 8 15 11 7 22 15 8 7 4 4 18 16 16 
11 4 15 15 15 22 16 1 15 4 7 4 7 12 22 7 8 7 22 15 8 7 4 4 18 16 16 7 16 
15 15 15 11 4 22 16 1 15 4 7 4 7 12 22 7 8 7 22 15 8 7 4 4 18 16 16 7 16 
4 18 15 11 4 22 16 1 15 4 7 4 7 12 22 7 8 16 16 7 16 15 15 7 22 15 8 7 4 
32.6951 51.4552
11 4 15 15 15 22 16 1 15 4 7 4 7 12 22 7 8 7 22 15 8 7 4 4 18 16 16 7 16 
11 4 15 4 7 12 22 7 15 4 7 15 15 22 16 1 8 7 22 15 8 7 4 4 18 16 16 7 16 
22 7 8 7 22 15 8 7 4 11 4 15 15 15 22 16 1 15 4 7 4 7 12 4 18 16 16 7 16 
18 16 16 7 16 11 4 15 15 4 7 4 7 12 22 7 8 7 22 15 8 7 4 15 15 22 16 1 4 
11 4 12 22 7 8 7 22 15 8 7 15 15 15 22 16 1 15 4 7 4 7 4 4 18 16 16 7 16 
11 4 15 15 15 22 16 1 15 4 7 4 7 12 22 7 8 7 22 15 8 7 4 4 18 16 16 7 16 
32.9158 51.3852
22 7 8 7 22 15 8 7 4 11 4 15 15 15 22 16 1 15 4 7 4 7 12 4 18 16 16 7 16 
22 7 8 7 22 15 8 7 4 11 4 15 15 15 22 16 1 15 4 18 16 7 12 4 7 4 16 7 16 
22 7 8 7 15 22 16 1 22 15 8 7 4 11 4 15 15 15 4 7 4 7 12 4 18 16 16 7 16 
22 7 8 7 22 15 8 7 4 11 4 15 15 15 22 12 4 18 16 7 4 7 16 1 15 4 16 7 16 
15 15 22 16 1 15 8 7 4 11 4 16 22 7 8 7 22 15 4 7 4 7 12 4 18 16 16 7 15 
22 7 8 7 22 15 8 7 4 11 4 4 7 4 7 12 4 15 15 15 15 22 16 1 18 16 16 7 16 
32.6341 49.8505
22 7 8 7 15 22 16 1 22 15 8 7 4 11 4 15 15 15 4 7 4 7 12 4 18 16 16 7 16 
22 7 8 7 15 22 16 1 22 15 15 4 7 4 7 12 15 8 7 4 11 4 15 15 15 4 7 7 16 
7 12 4 18 16 16 7 16 22 15 8 7 4 11 4 15 15 15 4 7 4 22 7 8 7 15 22 16 1 
16 16 7 16 22 7 8 7 15 22 16 7 4 11 4 15 15 15 4 7 4 7 12 4 1 22 15 8 18 
7 8 8 7 15 22 16 1 22 15 8 7 4 11 4 15 15 15 4 7 4 7 12 4 18 16 16 7 22 
22 7 8 7 15 15 4 7 4 7 12 4 18 11 4 15 15 22 16 1 22 15 8 7 4 16 16 7 16 
31.3935 46.2496
7 12 4 18 16 16 7 16 22 15 8 7 4 11 4 15 15 15 4 7 4 22 7 8 7 15 22 16 1 
7 12 4 18 11 4 15 15 15 4 16 16 7 16 22 15 8 7 4 7 4 22 7 8 7 15 22 16 1 
7 12 4 18 16 15 4 7 4 22 7 8 7 15 22 16 1 16 7 16 22 15 8 7 4 11 4 15 15 
7 12 4 18 16 16 7 16 22 15 8 7 8 7 15 22 15 15 4 7 4 22 7 4 11 4 15 16 1 
15 4 7 18 16 16 7 16 22 15 8 7 4 11 22 16 1 7 12 4 4 22 7 8 7 15 4 15 15 
7 12 4 18 16 16 7 16 22 15 8 7 4 11 4 15 7 15 4 7 4 22 7 8 15 15 22 16 1 
32.8602 49.2075
15 4 7 18 16 16 7 16 22 15 8 7 4 11 22 16 1 7 12 4 4 22 7 8 7 15 4 15 15 
15 4 7 18 16 16 7 4 11 22 8 7 16 22 15 16 1 7 12 4 4 22 7 8 7 15 4 15 15 
15 4 7 18 16 16 7 16 22 15 8 7 4 11 16 1 7 12 4 4 22 7 8 7 22 15 4 15 15 
4 22 7 8 7 15 4 15 22 15 8 7 4 11 22 15 15 4 7 18 16 16 7 16 16 1 7 12 4 
15 4 7 18 16 16 7 16 22 15 8 7 4 11 22 16 1 7 12 4 4 22 7 8 7 15 4 15 15 
15 4 7 18 22 16 1 7 12 4 16 16 7 16 22 15 8 7 4 11 4 22 7 8 7 15 4 15 15 
35.2287 55.5512
15 4 7 18 16 16 7 16 22 15 8 7 4 11 16 1 7 12 4 4 22 7 8 7 22 15 4 15 15 
15 4 7 18 16 16 7 16 22 15 8 7 4 11 16 1 7 12 4 4 15 15 8 7 22 15 4 22 7 
15 4 7 18 16 16 7 16 22 15 8 7 16 11 4 1 7 12 4 4 22 7 8 7 22 15 4 15 15 
7 16 15 8 7 4 11 16 22 15 8 7 4 11 16 1 7 12 4 4 22 7 8 7 4 7 18 16 16 
4 22 7 8 7 22 15 16 22 15 8 7 4 7 22 15 4 15 15 15 4 7 18 11 16 1 7 12 4 
15 4 7 18 16 16 7 16 22 15 8 7 22 11 16 1 7 12 4 4 22 7 8 7 4 15 4 15 15 
33.2424 49.9138
4 22 7 8 7 22 15 16 22 15 8 7 4 7 22 15 4 15 15 15 4 7 18 11 16 1 7 12 4 
1 7 12 4 4 22 7 8 7 22 15 7 4 7 22 15 4 15 15 15 4 7 18 11 16 22 15 8 16 
4 22 7 8 7 22 15 16 22 15 8 7 4 7 22 15 18 11 15 15 4 7 4 15 16 1 7 12 4 
4 22 7 8 7 22 15 16 15 15 4 7 18 11 16 1 4 15 22 15 8 7 4 7 22 15 7 12 4 
22 15 8 7 12 4 4 22 7 8 7 7 4 7 22 15 4 15 15 15 4 7 18 11 16 1 22 15 16 
18 11 16 1 7 22 15 16 22 15 8 7 4 7 22 15 4 15 15 15 12 4 4 22 7 8 7 4 7 
32.3615 47.9727
4 22 7 8 7 22 15 16 22 15 8 7 4 7 22 15 4 15 15 15 4 7 18 11 16 1 7 12 4 
4 22 7 8 7 22 15 16 22 15 8 7 4 7 22 15 16 1 7 15 4 7 18 11 4 15 15 12 4 
4 22 7 8 4 15 15 15 4 7 18 11 4 7 22 15 7 22 15 16 22 15 8 7 16 1 7 12 4 
4 22 7 8 7 22 15 16 22 15 8 7 4 7 22 15 4 7 12 4 4 7 18 11 16 1 15 15 15 
22 22 7 8 7 22 15 4 4 15 8 7 4 7 22 15 4 15 15 15 4 7 18 11 16 1 7 12 16 
4 22 7 8 7 22 15 16 22 15 8 7 4 7 22 15 11 16 1 7 4 15 15 15 4 7 18 12 4 
33.1332 49.8769
4 22 7 8 7 22 15 16 22 15 8 7 4 7 22 15 4 7 12 4 4 7 18 11 16 1 15 15 15 
4 4 7 18 7 22 15 16 22 15 8 7 4 7 22 15 4 7 15 4 22 7 8 11 16 1 15 15 12 
22 15 8 8 7 22 15 16 4 22 7 7 4 7 22 15 4 7 12 4 4 7 18 11 16 1 15 15 15 
22 15 16 8 15 4 22 7 22 15 8 7 4 7 22 15 4 7 12 4 4 7 18 11 16 1 15 15 7 
22 15 16 22 4 22 7 8 7 15 8 7 4 7 22 15 4 7 12 4 4 7 18 11 16 1 15 15 15 
4 22 7 8 7 22 15 16 22 15 8 7 4 7 22 15 4 7 12 4 4 7 18 11 16 1 15 15 15 
33.2613 51.6888
4 22 7 8 7 22 15 16 22 15 8 7 4 7 22 15 4 7 12 4 4 7 18 11 16 1 15 15 15 
4 4 7 18 11 22 15 16 22 15 8 7 4 7 22 15 15 15 15 4 22 7 8 7 16 1 4 7 12 
4 22 7 8 7 22 15 16 22 15 8 7 4 7 22 15 4 7 12 4 4 7 18 11 16 1 15 15 15 
4 22 15 4 7 12 4 4 7 15 8 7 4 7 22 7 8 7 22 15 16 22 18 11 16 1 15 15 15 
4 22 7 8 7 22 15 16 22 15 8 7 4 7 12 4 4 7 22 15 4 7 12 11 16 1 15 15 15 
4 22 7 8 7 22 15 16 22 15 8 7 16 1 15 15 15 7 12 4 4 7 18 11 4 7 22 15 4 
31.243 47.31
4 22 7 8 7 22 15 16 22 15 8 7 4 7 22 15 4 7 12 4 4 7 18 11 16 1 15 15 15 
4 22 7 8 7 22 15 16 22 22 15 4 7 7 15 8 7 4 12 4 4 7 18 11 16 1 15 15 15 
4 22 7 8 7 22 15 16 22 15 8 7 4 7 22 15 4 7 12 4 15 7 18 11 16 1 15 4 15 
4 22 7 8 7 22 15 16 22 12 4 4 7 18 11 16 1 7 15 8 7 4 7 22 15 4 15 15 15 
18 11 7 8 7 22 15 16 22 15 8 7 4 4 7 18 11 16 1 4 7 22 15 4 7 12 4 4 7 
4 22 7 8 7 22 15 16 4 7 8 7 4 7 22 15 4 7 12 4 22 15 18 11 16 1 15 15 15 
31.667 47.7059
4 22 7 8 7 22 15 16 22 15 8 7 4 7 22 15 4 7 12 4 4 7 18 11 16 1 15 15 15 
4 22 7 8 7 22 15 16 22 15 8 7 4 7 22 16 15 4 7 12 4 4 7 18 11 1 15 15 15 
4 22 7 8 7 22 15 16 22 15 8 4 4 7 22 15 7 7 12 4 4 7 18 11 16 1 15 15 15 
12 4 4 7 18 11 15 16 22 15 8 18 11 16 1 15 15 15 4 22 7 8 7 4 7 22 15 4 7 
4 22 7 4 4 22 15 16 22 15 8 7 4 7 22 15 4 7 12 8 7 7 18 11 16 1 15 15 15 
16 1 15 15 15 4 22 7 8 7 22 15 4 7 22 15 4 7 12 4 4 7 18 16 22 15 8 7 11 
31.9624 49.2899
4 22 7 8 7 22 15 16 22 15 8 7 4 7 22 16 15 4 7 12 4 4 7 18 11 1 15 15 15 
4 22 7 8 7 22 15 16 22 15 8 7 4 7 22 4 15 4 7 12 4 16 7 18 11 1 15 15 15 
4 22 7 8 7 22 15 16 22 15 8 7 4 7 22 16 15 4 18 11 1 15 7 12 4 4 7 15 15 
4 22 7 8 7 22 15 16 7 18 11 22 15 8 7 4 7 22 16 15 4 7 12 4 4 1 15 15 15 
12 4 4 7 18 22 15 16 22 15 8 7 4 7 11 1 15 15 15 4 22 7 8 7 22 16 15 4 7 
7 4 7 22 7 18 11 1 15 15 15 4 22 7 8 16 15 4 7 12 4 4 7 22 15 16 22 15 8 
31.8255 48.8599
4 22 7 8 7 22 15 16 7 18 11 22 15 8 7 4 7 22 16 15 4 7 12 4 4 1 15 15 15 
4 22 7 8 7 22 15 16 7 18 4 4 1 15 7 4 7 22 16 15 4 7 12 11 22 15 8 15 15 
4 22 7 8 7 22 15 16 7 18 11 22 15 8 7 4 7 22 16 15 4 7 12 4 4 1 15 15 15 
4 22 7 8 7 22 15 16 7 18 4 4 11 22 15 8 7 4 7 22 16 15 4 7 12 1 15 15 15 
15 15 7 8 7 22 15 16 7 18 11 22 15 8 7 4 7 22 16 15 4 7 12 15 4 22 4 4 1 
4 15 8 8 7 22 15 16 7 18 11 22 22 7 7 4 7 22 16 15 4 7 12 4 4 1 15 15 15 
31.6437 49.2387
4 22 7 8 7 22 15 16 7 18 4 4 1 15 7 4 7 22 16 15 4 7 12 11 22 15 8 15 15 
4 22 7 8 7 22 15 16 7 18 4 4 1 15 7 4 7 22 16 15 4 11 12 7 22 15 8 15 15 
4 22 7 8 7 22 7 4 7 22 16 15 16 7 18 4 4 1 15 15 4 7 12 11 22 15 8 15 15 
15 7 4 7 7 7 12 11 22 15 8 15 15 4 22 7 8 22 16 15 4 22 15 16 7 18 4 4 1 
4 22 7 8 7 22 15 16 7 18 4 4 1 15 7 4 7 22 15 15 16 15 4 7 12 11 22 15 8 
15 7 4 7 22 16 11 22 15 8 15 15 4 22 7 8 7 22 15 15 4 7 12 16 7 18 4 4 1 
32.9896 52.5875
4 22 7 8 7 22 15 16 7 18 4 4 1 15 7 4 7 22 16 15 4 7 12 11 22 15 8 15 15 
4 16 15 4 7 12 11 16 7 18 4 4 1 15 7 4 7 22 22 7 8 7 22 15 22 15 8 15 15 
4 22 7 8 7 22 15 22 16 15 4 7 12 11 22 15 8 15 15 18 4 4 1 15 7 4 7 16 7 
8 7 22 15 7 22 15 16 7 18 4 4 1 15 7 4 7 22 16 15 4 7 12 11 22 15 8 22 7 
8 7 22 15 16 7 18 4 4 1 15 7 1 15 7 4 7 22 16 15 4 7 12 11 22 15 8 22 7 
4 22 1 8 7 22 15 16 7 18 4 4 7 15 7 4 7 22 16 15 4 7 12 11 22 15 8 15 15 
33.6596 51.608
4 16 15 4 7 12 11 16 7 18 4 4 1 15 7 4 7 22 22 7 8 7 22 15 22 15 8 15 15 
4 16 15 4 7 12 11 16 7 18 15 4 1 15 7 4 7 22 22 7 8 7 22 15 22 15 8 4 15 
4 16 15 8 15 15 11 16 7 18 4 4 1 15 7 4 7 22 22 7 8 7 22 15 22 15 4 7 12 
7 16 15 4 4 12 11 16 7 18 4 4 1 15 7 4 7 22 22 7 8 7 22 15 22 15 8 15 15 
4 16 15 4 7 12 11 16 7 18 4 4 1 15 7 4 7 22 8 15 15 22 7 8 7 22 15 22 15 
4 16 15 4 7 12 11 16 7 18 4 4 1 15 7 4 7 22 22 7 8 7 22 15 22 15 8 15 15 
33.4882 52.4321
4 16 15 8 15 15 11 16 7 18 4 4 1 15 7 4 7 22 22 7 8 7 22 15 22 15 4 7 12 
4 16 15 8 15 22 15 11 16 7 18 4 4 1 15 7 4 7 22 7 8 7 22 15 22 15 4 7 12 
4 16 15 8 15 15 11 16 7 18 4 4 1 15 4 7 4 7 22 22 7 8 7 22 15 22 4 7 12 
4 16 15 8 15 15 11 16 7 22 7 18 4 4 1 15 7 4 7 22 22 7 8 15 22 15 4 7 12 
4 16 15 8 15 15 11 16 7 7 22 22 7 8 7 22 18 4 4 1 15 7 4 15 22 15 4 7 12 
4 16 15 8 4 1 11 16 7 18 4 15 15 15 7 4 7 22 22 7 8 7 22 15 22 15 4 7 12 
33.476 52.0857
4 16 15 8 15 15 11 16 7 18 4 4 1 15 7 4 7 22 22 7 8 7 22 15 22 15 4 7 12 
4 16 15 4 15 15 11 16 7 18 4 4 1 15 7 8 7 22 22 7 8 7 22 15 22 15 4 7 12 
11 16 7 4 1 15 7 16 7 18 4 4 1 15 7 4 7 22 22 7 8 7 22 15 16 15 8 15 15 
15 4 7 12 4 15 11 16 7 18 4 4 1 15 7 4 7 22 16 15 8 15 22 7 8 7 22 15 22 
4 16 15 8 15 15 11 16 7 18 4 4 1 15 7 4 7 22 22 8 7 7 22 15 22 15 4 7 12 
4 16 15 8 15 7 8 7 22 15 22 15 11 16 7 18 4 4 1 15 7 4 7 22 22 15 4 7 12 
33.9383 52.5603
11 16 7 4 1 15 7 16 7 18 4 4 1 15 7 4 7 22 22 7 8 7 22 15 16 15 8 15 15 
22 22 15 7 1 15 7 16 7 18 4 4 1 7 8 7 22 15 16 15 8 15 15 11 16 7 4 4 7 
11 16 7 4 1 4 7 22 22 7 8 7 22 15 7 15 7 16 7 18 4 4 1 15 16 15 8 15 15 
11 16 7 4 1 15 7 8 7 7 16 7 18 4 4 1 15 7 4 7 22 22 22 15 16 15 8 15 15 
11 16 7 4 1 15 7 8 7 22 15 16 15 8 15 15 7 22 22 7 16 7 18 4 4 1 15 7 4 
11 4 1 15 7 4 7 16 7 18 4 16 7 4 1 15 7 22 22 7 8 7 22 15 16 15 8 15 15 
31.6467 48.4121
11 16 7 4 1 15 7 16 7 18 4 4 1 15 7 4 7 22 22 7 8 7 22 15 16 15 8 15 15 
11 16 22 4 1 15 7 16 7 18 4 4 1 15 7 4 7 7 22 7 8 7 22 15 16 15 8 15 15 
11 16 7 4 1 15 7 16 7 18 4 4 1 15 7 4 7 22 22 7 15 8 7 22 15 16 15 8 15 
11 16 7 4 1 15 7 16 7 18 7 8 4 4 1 15 7 4 7 22 22 7 22 15 16 15 8 15 15 
15 7 16 4 15 11 16 7 7 18 4 4 1 15 7 4 7 22 22 7 8 7 22 15 16 15 8 15 1 
7 22 22 7 8 15 7 16 7 22 15 16 15 8 15 15 11 16 7 4 1 7 18 4 4 1 15 7 4 
34.0246 53.4641
7 22 22 7 8 15 7 16 7 22 15 16 15 8 15 15 11 16 7 4 1 7 18 4 4 1 15 7 4 
7 16 22 22 7 8 15 7 16 7 22 15 15 8 15 15 11 16 7 4 1 7 18 4 4 1 15 7 4 
7 22 22 7 8 15 4 1 7 16 7 22 15 16 15 8 15 15 11 16 7 7 18 4 4 1 15 7 4 
1 7 18 4 8 15 7 16 7 22 15 16 15 8 15 15 11 16 7 4 7 22 22 7 4 1 15 7 4 
4 4 22 7 8 15 7 16 7 22 15 16 15 8 1 7 18 4 4 1 15 15 11 16 7 4 1 7 18 
7 22 22 7 8 15 7 16 7 22 15 7 15 8 15 15 11 16 7 4 1 7 18 4 4 1 15 16 4 
33.1637 49.564
7 22 22 7 8 15 7 16 7 22 15 16 15 8 15 15 11 16 7 4 1 7 18 4 4 1 15 7 4 
7 22 22 7 8 15 7 16 7 22 15 16 15 8 15 15 11 16 7 4 1 7 18 4 4 1 15 7 4 
7 22 22 7 8 15 7 16 7 22 15 16 15 8 15 15 11 18 4 4 1 7 16 7 4 1 15 7 4 
7 22 22 7 8 15 7 16 7 22 15 16 15 4 15 15 11 16 7 4 1 7 18 4 8 1 15 7 4 
7 22 22 7 8 16 15 7 7 22 15 16 15 8 15 15 11 16 7 4 1 7 18 4 4 1 15 7 4 
7 22 22 7 8 15 7 16 7 15 15 11 16 22 15 16 15 8 7 4 1 7 18 4 4 1 15 7 4 
31.5702 46.6594
7 22 22 7 8 15 7 16 7 22 15 16 15 8 15 15 11 18 4 4 1 7 16 7 4 1 15 7 4 
4 1 7 16 7 4 1 15 7 22 15 16 15 8 15 15 11 18 4 7 22 22 7 8 15 7 16 7 4 
7 22 16 15 8 15 7 16 7 22 15 22 7 8 15 15 11 18 4 4 1 7 16 7 4 1 15 7 4 
4 1 22 7 8 15 7 16 7 22 15 16 15 8 15 15 11 18 15 7 4 7 22 4 4 1 7 16 7 
11 18 4 4 1 7 16 7 4 1 15 16 15 8 15 4 7 22 22 7 8 15 7 16 7 22 15 7 15 
7 22 22 7 8 15 7 16 7 22 15 16 1 7 16 7 4 1 15 4 15 8 15 15 11 18 4 7 4 
33.4386 49.2323
7 22 22 7 8 15 7 16 7 22 15 16 1 7 16 7 4 1 15 4 15 8 15 15 11 18 4 7 4 
15 15 11 7 8 15 7 16 7 22 15 16 1 7 16 7 4 1 15 4 15 4 7 22 22 18 4 7 8 
1 22 22 7 8 15 7 16 7 8 15 15 11 18 4 7 4 7 15 4 15 22 15 16 1 7 16 7 4 
7 22 22 7 8 15 7 16 7 22 15 16 15 4 1 7 16 7 4 1 15 8 15 15 11 18 4 7 4 
7 22 22 7 8 15 7 7 4 1 15 4 15 8 15 16 7 22 15 16 1 7 16 7 4 1 15 4 15 
7 16 7 4 1 15 7 16 7 18 4 7 4 7 22 22 7 8 15 4 15 8 15 15 11 22 15 16 1 
34.7057 52.7846
7 16 7 4 1 15 7 16 7 18 4 7 4 7 22 22 7 8 15 4 15 8 15 15 11 22 15 16 1 
7 4 7 4 1 15 7 16 7 16 1 7 16 7 22 22 7 8 15 4 15 8 15 15 11 22 15 18 4 
4 7 7 4 1 15 7 11 22 15 16 1 7 16 22 22 7 8 15 4 15 8 15 15 16 7 18 4 7 
7 16 7 4 1 15 7 16 7 8 15 4 15 8 15 15 11 18 4 7 4 7 22 22 7 8 15 4 15 
7 11 7 4 1 15 7 16 7 18 4 7 4 7 22 22 7 8 15 4 15 8 15 15 16 22 15 16 1 
7 16 7 4 1 15 7 16 7 18 4 7 8 15 4 15 8 4 7 22 22 7 8 15 4 22 15 16 1 
34.6155 53.3778
7 16 7 4 1 15 7 16 7 18 4 7 4 7 22 22 7 8 15 4 15 8 15 15 11 22 15 16 1 
7 16 7 22 22 7 8 7 4 1 15 7 16 7 18 4 7 4 15 4 15 8 15 15 11 22 15 16 1 
7 16 22 22 7 8 15 4 15 8 15 15 7 4 1 15 7 16 7 18 4 7 4 7 11 22 15 16 1 
7 16 7 4 1 15 7 16 7 18 4 7 4 7 22 15 16 22 7 8 15 4 15 8 15 15 11 22 1 
7 16 8 15 4 15 8 15 15 11 22 7 4 7 22 22 7 7 4 1 15 7 16 7 18 4 15 16 1 
22 15 7 4 1 15 7 16 7 18 4 7 4 7 22 22 7 8 15 4 15 8 16 1 7 16 15 15 11 
36.1749 56.5952
22 15 7 4 1 15 7 16 7 18 4 7 4 7 22 22 7 8 15 4 15 8 16 1 7 16 15 15 11 
22 15 7 4 1 15 7 16 7 18 4 7 4 7 1 7 16 15 15 4 15 8 16 22 22 7 8 15 11 
16 1 7 16 15 15 11 22 15 7 4 1 15 7 22 22 7 8 15 4 15 7 16 7 18 4 7 4 8 
15 7 16 7 18 22 15 7 4 1 4 7 4 7 22 22 7 8 15 4 15 8 16 1 7 16 15 15 11 
7 18 4 7 4 15 4 15 7 18 4 7 4 7 22 22 7 8 15 4 15 22 15 7 4 1 15 7 16 
16 15 7 4 1 15 7 16 7 18 4 7 7 8 15 4 4 7 22 22 7 8 15 4 15 8 16 1 7 
36.0374 55.9051
16 15 7 4 1 15 7 16 7 18 4 7 7 8 15 4 4 7 22 22 7 8 15 4 15 8 16 1 7 
16 15 7 4 1 15 7 16 7 18 4 7 7 8 7 4 4 15 22 22 7 8 15 4 15 8 16 1 7 
7 22 22 4 1 15 7 16 7 8 15 4 15 8 16 1 7 16 15 7 7 18 4 7 7 8 15 4 4 
4 15 7 4 1 15 7 16 7 18 4 7 7 22 7 8 15 4 15 8 15 4 4 7 22 22 7 8 15 
16 15 7 4 1 15 7 16 7 18 4 7 7 8 15 4 4 7 22 22 7 8 15 4 15 8 16 1 7 
16 15 4 7 7 8 15 4 4 7 7 4 1 15 7 16 7 18 22 22 7 8 15 4 15 8 16 1 7 
34.7593 55.3085
7 22 22 4 1 15 7 16 7 8 15 4 15 8 16 1 7 16 15 7 7 18 4 7 7 8 15 4 4 
7 22 22 4 1 15 7 16 7 8 15 4 15 8 16 1 7 16 15 7 15 4 7 18 4 7 7 8 4 
15 8 16 7 16 15 7 7 18 4 7 7 8 15 16 1 7 16 15 22 4 1 15 7 16 7 8 15 4 
8 15 22 4 1 15 7 16 7 8 15 4 15 8 16 1 7 16 15 7 7 4 4 7 22 18 4 7 7 
7 22 22 4 1 15 7 16 7 8 15 4 15 8 7 7 8 15 4 4 7 18 4 16 1 7 16 15 7 
7 16 15 7 1 15 7 16 7 8 15 4 15 8 16 1 7 22 22 4 7 18 4 7 7 8 15 4 4 
35.7727 56.3644
7 22 22 4 1 15 7 16 7 8 15 4 15 8 16 1 7 16 15 7 7 18 4 7 7 8 15 4 4 
7 22 22 4 1 15 7 16 15 7 7 18 4 8 16 1 7 16 7 8 15 4 15 7 7 8 15 4 4 
7 22 22 4 1 15 7 16 7 4 7 8 15 4 15 8 16 1 7 16 15 7 7 18 7 8 15 4 4 
16 1 7 16 15 7 7 8 15 4 4 7 22 22 4 1 15 7 16 7 8 18 4 7 7 15 4 15 8 
7 22 22 4 7 16 1 15 7 8 15 4 15 8 16 1 7 16 15 7 7 18 4 7 7 8 15 4 4 
7 22 22 4 1 15 7 16 7 8 15 4 15 8 16 1 7 16 15 7 7 18 4 8 7 7 15 4 4 
35.9358 57.6214
16 1 7 16 15 7 7 8 15 4 4 7 22 22 4 1 15 7 16 7 8 18 4 7 7 15 4 15 8 
16 1 7 16 7 16 7 8 18 4 7 7 15 7 7 8 15 4 4 7 22 22 4 1 15 15 4 15 8 
16 1 7 16 15 7 7 8 15 4 4 7 22 22 4 7 7 15 16 7 8 18 4 1 15 7 4 15 8 
7 22 7 16 15 7 7 8 15 15 8 16 1 22 4 1 15 7 16 7 8 18 4 7 7 15 4 4 4 
16 1 7 16 15 7 7 8 15 4 4 7 22 15 7 16 22 4 1 15 7 16 4 7 7 15 4 15 8 
18 4 7 7 15 4 15 8 15 4 4 7 22 22 4 1 15 7 16 7 8 16 1 7 16 15 7 7 8 
34.6759 56.1043
16 1 7 16 15 7 7 8 15 4 4 7 22 22 4 7 7 15 16 7 8 18 4 1 15 7 4 15 8 
16 1 22 16 15 7 7 8 15 4 4 7 7 22 4 7 7 15 16 7 8 18 4 1 15 7 4 15 8 
15 4 7 16 15 7 7 8 15 4 4 7 22 22 16 7 8 18 4 1 15 7 4 15 8 16 1 7 7 
16 1 7 16 15 7 7 7 4 15 4 7 22 22 4 7 7 15 16 7 8 18 4 1 15 8 15 4 8 
16 7 8 18 15 7 7 8 15 4 18 4 1 15 7 4 15 8 16 1 7 4 7 22 22 4 7 7 15 
4 15 7 16 15 7 7 8 15 4 4 7 22 22 4 7 7 15 16 8 16 1 7 8 18 4 1 15 7 
33.4508 53.2768
16 1 7 16 15 7 7 8 15 4 4 7 22 22 4 7 7 15 16 7 8 18 4 1 15 7 4 15 8 
16 1 7 18 4 1 15 8 15 4 4 7 22 22 4 7 7 15 16 7 8 16 15 7 7 7 4 15 8 
16 1 7 15 16 7 8 8 15 4 4 7 22 22 4 7 7 16 15 7 7 18 4 1 15 7 4 15 8 
7 15 7 16 15 7 7 8 15 4 1 15 7 4 15 8 16 1 16 7 8 18 4 4 7 22 22 4 7 
16 1 7 16 15 7 7 8 15 4 4 7 22 22 4 7 7 15 16 7 8 18 4 1 15 7 4 15 8 
16 1 7 16 15 7 7 8 15 4 4 7 22 1 15 7 7 15 16 7 8 18 4 22 4 7 4 15 8 
33.4279 53.7248
16 1 7 15 16 7 8 8 15 4 4 7 22 22 4 7 7 16 15 7 7 18 4 1 15 7 4 15 8 
16 1 7 16 15 7 8 8 15 4 4 7 22 22 4 7 7 15 16 7 7 18 4 1 15 7 4 15 8 
22 22 4 7 7 4 1 15 7 4 15 8 16 1 7 15 16 16 15 7 7 18 7 8 8 15 4 4 7 
16 1 7 4 7 7 16 8 15 4 4 7 22 22 15 16 7 8 15 7 7 18 4 1 15 7 4 15 8 
15 4 4 7 22 15 7 7 15 4 4 7 22 22 4 7 7 16 15 7 7 16 1 7 15 16 7 8 8 
7 16 7 15 16 7 7 7 18 4 1 15 7 4 15 8 16 1 15 8 8 15 4 4 7 22 22 4 7 
31.2863 49.5364
16 1 7 16 15 7 8 8 15 4 4 7 22 22 4 7 7 15 16 7 7 18 4 1 15 7 4 15 8 
22 4 7 7 15 7 8 8 15 4 4 15 8 16 1 7 16 15 16 7 7 18 4 1 15 7 4 7 22 
16 1 7 16 15 7 8 8 15 8 4 7 22 22 4 7 7 15 16 7 7 18 4 1 15 7 4 15 4 
8 8 15 4 4 7 7 7 15 4 4 7 22 22 4 7 7 15 16 7 7 18 4 1 15 7 16 15 7 
22 22 4 7 15 7 8 8 15 4 4 8 16 1 7 16 7 15 16 7 7 18 4 1 15 7 4 15 7 
16 1 7 16 15 7 8 8 15 4 4 7 22 22 4 7 7 15 16 7 7 18 4 1 15 7 4 15 8 
32.1873 51.5107
8 8 15 4 4 7 7 7 15 4 4 7 22 22 4 7 7 15 16 7 7 18 4 1 15 7 16 15 7 
7 7 15 16 7 7 18 4 1 15 7 16 15 22 7 8 8 15 4 4 7 7 7 15 4 4 7 22 4 
8 8 15 4 4 7 7 7 15 7 15 16 7 7 18 4 4 4 7 22 22 4 7 1 15 7 16 15 7 
8 15 4 4 4 7 7 7 8 15 4 7 22 22 4 7 7 15 16 7 7 18 4 1 15 7 16 15 7 
15 7 8 8 4 7 7 7 15 4 4 7 22 22 4 7 7 15 16 7 7 18 4 15 4 1 15 7 16 
8 8 15 15 16 7 7 18 4 1 15 7 16 15 7 7 7 4 4 7 7 7 15 4 4 7 22 22 4 
28.3367 44.6305
8 8 15 4 4 7 7 7 15 4 4 7 22 22 4 7 7 15 16 7 7 18 4 1 15 7 16 15 7 
7 22 22 4 7 7 15 18 4 1 15 7 16 15 7 7 7 15 16 7 7 18 4 7 7 7 15 4 4 
15 7 16 15 7 8 8 7 15 4 4 7 22 22 4 7 7 15 16 7 7 18 15 4 4 7 7 4 1 
7 7 15 4 4 7 22 22 16 7 4 7 22 22 4 7 7 15 16 7 7 18 4 1 15 7 16 4 7 
8 8 15 4 4 7 22 22 15 4 4 7 7 7 4 7 7 15 16 7 7 18 4 1 15 7 16 15 7 
7 15 16 7 4 7 7 7 15 4 4 7 7 16 15 7 8 8 15 4 7 18 4 1 15 22 22 4 7 
27.4089 41.5268
7 15 16 7 4 7 7 7 15 4 4 7 7 16 15 7 8 8 15 4 7 18 4 1 15 22 22 4 7 
7 15 16 7 4 7 7 7 15 4 4 7 7 16 15 7 15 22 22 4 7 18 4 1 8 8 15 4 7 
18 4 1 15 22 22 4 7 7 15 16 7 7 16 15 7 8 8 15 4 7 4 7 7 7 15 4 4 7 
7 15 16 7 4 7 7 7 15 4 4 7 7 16 15 7 8 8 15 4 7 18 4 1 15 22 22 4 7 
7 15 16 7 4 7 4 7 18 7 7 15 4 4 7 7 16 15 7 8 8 15 4 1 15 22 22 4 7 
7 15 16 7 4 7 7 7 15 18 4 4 4 7 7 16 15 7 8 8 15 4 7 1 15 22 22 4 7 
27.4975 40.6481
7 15 16 7 4 7 7 7 15 4 4 7 7 16 15 7 15 22 22 4 7 18 4 1 8 8 15 4 7 
7 15 7 7 16 15 7 15 22 22 4 16 7 4 7 7 7 15 4 4 7 18 4 1 8 8 15 4 7 
7 7 15 16 7 7 7 7 15 4 4 7 7 16 15 7 15 22 22 4 7 18 4 1 8 8 15 4 4 
7 7 16 7 15 16 7 4 7 7 7 15 4 4 15 7 15 22 22 4 7 18 4 1 8 8 15 4 7 
7 22 4 7 18 4 1 8 8 15 4 7 7 16 15 7 15 22 15 16 7 4 7 7 7 15 4 4 7 
15 4 7 7 15 16 7 7 15 4 4 7 7 16 15 7 15 22 7 4 7 22 4 7 18 4 1 8 8 
29.1956 43.4309
7 15 16 7 4 7 7 7 15 4 4 7 7 16 15 7 15 22 22 4 7 18 4 1 8 8 15 4 7 
7 15 22 22 4 7 7 7 15 4 4 7 7 16 15 7 15 16 7 4 7 18 4 1 8 8 15 4 7 
7 15 16 7 4 4 7 7 15 4 7 7 7 16 15 7 15 22 22 4 7 18 4 1 8 8 15 4 7 
7 15 22 22 4 7 18 4 1 8 8 15 4 7 15 7 15 16 7 4 7 7 7 15 4 4 7 7 16 
7 15 16 7 4 7 7 7 15 4 4 22 22 4 7 18 4 1 8 8 15 4 15 7 7 16 15 7 7 
16 15 7 15 4 7 7 1 8 8 15 4 7 7 15 16 7 22 22 4 7 18 4 7 15 4 4 7 7 
29.3713 42.9953
7 15 16 7 4 4 7 7 15 4 7 7 7 16 15 7 15 22 22 4 7 18 4 1 8 8 15 4 7 
7 15 16 7 4 4 1 7 15 4 7 7 7 16 15 7 15 22 22 4 7 18 4 7 8 8 15 4 7 
15 7 15 1 8 8 15 4 7 7 15 16 7 4 4 7 7 22 22 4 7 18 4 15 4 7 7 7 16 
7 15 22 7 4 4 7 7 15 4 7 7 7 16 15 7 15 16 22 4 7 18 4 1 8 8 15 4 7 
7 15 16 7 4 4 7 7 15 4 7 7 7 16 15 7 7 22 22 4 7 18 4 1 8 8 15 4 15 
7 15 16 7 4 4 7 7 15 4 7 18 4 1 8 8 15 4 22 4 7 7 7 16 15 7 15 22 7 
29.7355 43.7949
7 15 16 7 4 4 7 7 15 4 7 7 7 16 15 7 7 22 22 4 7 18 4 1 8 8 15 4 15 
22 15 16 7 4 4 7 7 4 7 18 4 1 8 8 15 4 15 7 15 4 7 7 7 16 15 7 7 22 
7 15 16 7 4 4 7 7 15 4 7 7 7 7 16 15 7 7 22 22 4 18 4 1 8 8 15 4 15 
8 15 16 7 4 4 7 7 15 4 7 7 7 16 15 7 7 22 22 4 7 15 4 15 7 18 4 1 8 
7 15 16 7 7 18 4 1 8 8 15 4 7 16 15 7 7 22 22 4 4 4 7 7 15 4 7 7 15 
7 15 16 7 4 4 7 7 15 4 7 7 7 16 15 7 7 22 22 4 7 18 4 1 8 8 15 4 15 
29.8421 46.7176
7 15 16 7 7 18 4 1 8 8 15 4 7 16 15 7 7 22 22 4 4 4 7 7 15 4 7 7 15 
7 15 22 22 4 4 4 1 8 8 15 4 7 16 15 7 7 16 7 7 18 4 7 7 15 4 7 7 15 
22 22 16 7 7 18 4 1 8 8 15 4 7 16 15 7 15 7 15 4 4 4 7 7 15 4 7 7 7 
7 15 4 7 7 18 4 1 8 8 15 4 7 16 15 7 7 22 22 4 16 4 7 7 15 4 7 7 15 
7 15 16 7 7 7 7 18 4 1 8 8 15 4 7 16 15 22 22 4 4 4 7 7 15 4 7 7 15 
7 15 15 7 7 16 7 7 18 4 1 8 8 15 4 7 16 22 22 4 4 4 7 7 15 4 7 7 15 
28.6974 44.3065
7 15 22 22 4 4 4 1 8 8 15 4 7 16 15 7 7 16 7 7 18 4 7 7 15 4 7 7 15 
7 15 22 22 4 8 4 4 1 8 15 4 7 16 15 7 7 16 7 7 18 4 7 7 15 4 7 7 15 
4 7 22 22 4 4 4 1 8 8 15 4 7 16 15 7 7 16 7 7 18 7 15 7 15 4 7 7 15 
7 18 22 22 4 4 4 1 8 8 15 4 7 16 15 7 7 7 15 7 15 4 7 7 15 4 7 16 7 
15 4 22 22 4 4 4 1 8 15 7 15 7 16 15 7 7 16 7 7 18 4 7 7 15 4 7 7 8 
7 15 22 22 4 4 4 1 8 8 15 4 7 16 15 7 7 16 7 7 18 4 7 7 15 4 7 7 15 
30.2519 46.4324
7 15 22 22 4 8 4 4 1 8 15 4 7 16 15 7 7 16 7 7 18 4 7 7 15 4 7 7 15 
7 15 22 22 4 8 4 4 1 8 15 4 7 16 15 7 7 16 7 7 18 4 7 7 15 4 7 7 15 
7 15 22 22 4 7 7 16 7 7 18 4 7 7 15 4 7 7 1 8 15 4 7 16 15 8 4 4 15 
18 4 7 7 15 8 4 4 1 8 15 4 7 16 15 7 7 7 7 15 7 15 22 22 4 4 16 7 7 
7 15 22 22 4 8 4 4 1 8 15 4 7 4 7 16 15 7 7 16 7 7 18 7 15 4 7 7 15 
7 15 22 22 4 8 4 16 7 4 1 8 15 4 7 16 15 7 7 7 18 4 7 7 15 4 7 7 15 
31.1412 47.2255
7 15 22 22 4 8 4 16 7 4 1 8 15 4 7 16 15 7 7 7 18 4 7 7 15 4 7 7 15 
16 15 7 22 4 8 4 16 7 7 15 4 7 7 15 7 15 22 7 7 18 4 7 4 1 8 15 4 7 
7 15 22 22 4 8 4 16 7 4 1 8 7 7 7 18 4 7 7 15 4 7 7 15 7 16 15 15 4 
15 7 7 7 18 4 7 7 15 4 1 8 15 4 7 15 7 15 22 22 4 8 4 16 7 4 7 7 16 
7 15 22 22 4 8 4 16 7 7 7 15 4 7 7 16 15 7 7 7 18 4 4 1 8 15 4 7 15 
7 15 22 15 7 7 7 18 7 4 1 8 15 4 7 16 22 4 8 4 16 4 7 7 15 4 7 7 15 
31.345 47.6431
7 15 22 15 7 7 7 18 7 4 1 8 15 4 7 16 22 4 8 4 16 4 7 7 15 4 7 7 15 
7 15 22 15 7 7 7 18 7 4 1 8 15 4 15 4 7 7 15 4 16 4 7 7 7 16 22 4 8 
7 15 22 15 7 7 7 18 7 4 4 16 4 4 7 16 22 4 8 1 8 15 7 7 15 4 7 7 15 
4 7 7 15 7 15 22 18 7 4 1 8 15 4 7 16 22 4 8 4 15 7 7 7 16 4 7 7 15 
16 22 4 8 7 7 7 18 7 4 1 8 15 16 4 7 7 15 4 7 7 15 7 15 22 15 4 4 7 
15 15 22 15 7 7 7 18 7 4 1 8 15 4 7 16 22 4 8 4 16 4 7 7 15 7 4 7 7 
32.3965 47.7624
7 15 22 15 7 7 7 18 7 4 1 8 15 4 15 4 7 7 15 4 16 4 7 7 7 16 22 4 8 
7 15 22 15 7 7 7 18 7 7 7 16 22 4 15 4 7 7 15 4 16 4 7 4 1 8 15 4 8 
22 4 8 7 15 22 15 7 7 4 1 8 15 4 15 4 7 7 15 4 16 4 7 7 18 7 7 7 16 
7 15 22 15 7 7 7 18 7 4 1 8 15 4 4 7 7 7 15 4 16 15 4 7 7 16 22 4 8 
7 15 22 15 4 7 7 15 4 16 4 7 7 7 7 7 18 7 4 1 8 15 4 15 7 16 22 4 8 
18 7 4 1 8 15 7 7 15 22 15 7 7 4 15 4 7 7 15 4 16 4 7 7 7 16 22 4 8 
33.7773 51.8072
7 15 22 15 7 7 7 18 7 7 7 16 22 4 15 4 7 7 15 4 16 4 7 4 1 8 15 4 8 
15 4 16 4 7 7 7 18 7 7 7 16 22 4 15 4 7 8 7 15 22 15 7 4 1 8 15 4 7 
7 15 22 15 7 7 7 18 7 7 7 16 22 4 15 4 8 15 15 4 16 4 7 4 1 7 7 4 8 
7 4 15 4 7 7 15 4 15 22 15 7 7 7 18 7 7 7 16 22 16 4 7 4 1 8 15 4 8 
7 15 15 4 16 4 7 4 7 7 7 16 22 4 15 4 7 7 22 15 7 7 7 18 1 8 15 4 8 
8 15 4 8 7 15 22 15 7 7 7 18 7 7 15 4 7 7 15 4 16 4 7 4 1 7 16 22 4 
33.6673 50.7772
7 4 15 4 7 7 15 4 15 22 15 7 7 7 18 7 7 7 16 22 16 4 7 4 1 8 15 4 8 
7 4 15 4 7 16 7 7 15 4 15 22 15 7 7 7 18 7 7 22 16 4 7 4 1 8 15 4 8 
7 7 18 7 7 7 15 1 8 15 4 8 7 4 15 4 7 7 16 22 16 4 7 4 4 15 22 15 7 
7 4 15 4 7 7 15 7 16 22 16 7 7 7 18 7 7 4 15 22 15 4 7 4 1 8 15 4 8 
7 18 15 4 7 7 15 4 15 22 16 22 16 4 7 4 1 8 15 4 8 7 4 7 7 7 15 7 7 
7 4 15 4 7 7 7 7 16 22 16 4 7 4 1 7 15 4 15 22 15 7 7 7 18 8 15 4 8 
32.6133 47.6979
7 18 15 4 7 7 15 4 15 22 16 22 16 4 7 4 1 8 15 4 8 7 4 7 7 7 15 7 7 
4 8 7 4 7 7 4 4 15 22 16 22 16 4 7 7 15 7 7 7 18 15 4 7 7 15 1 8 15 
7 16 22 16 4 7 15 4 15 22 18 15 4 7 7 4 1 8 15 4 8 7 4 7 7 7 15 7 7 
7 4 15 4 7 7 15 4 7 7 7 15 7 7 7 18 1 8 15 4 8 7 4 15 22 16 22 16 4 
7 18 22 16 4 7 15 4 7 7 15 4 15 22 16 4 1 8 15 4 8 7 4 7 7 7 15 7 7 
7 18 15 4 7 7 15 4 15 22 16 22 16 4 7 4 1 8 15 4 8 7 4 7 7 7 15 7 7 
30.1574 42.2621
7 18 22 16 4 7 15 4 7 7 15 4 15 22 16 4 1 8 15 4 8 7 4 7 7 7 15 7 7 
7 18 22 16 4 7 15 4 7 7 15 4 15 22 15 4 8 7 4 7 7 7 16 4 1 8 15 7 7 
7 18 22 4 15 22 16 4 16 4 7 15 4 7 7 15 1 8 15 4 8 7 4 7 7 7 15 7 7 
7 18 22 16 4 7 7 7 7 7 15 4 15 22 16 4 1 8 15 4 8 7 4 15 4 7 15 7 7 
7 18 22 16 4 7 15 4 7 7 4 8 7 4 7 7 7 15 15 15 4 15 22 16 4 1 8 7 7 
7 18 22 16 4 7 15 4 7 7 15 4 15 4 16 22 1 8 15 4 8 7 4 7 7 7 15 7 7 
30.9908 44.9678
7 18 22 16 4 7 15 4 7 7 4 8 7 4 7 7 7 15 15 15 4 15 22 16 4 1 8 7 7 
7 18 22 16 4 7 15 4 7 7 4 8 7 4 7 7 4 15 22 15 7 15 15 16 4 1 8 7 7 
7 18 4 1 8 7 15 4 7 7 4 8 7 4 7 7 7 15 15 15 4 15 22 16 22 16 4 7 7 
7 18 7 7 15 15 15 4 15 22 16 4 1 22 16 4 7 15 4 7 7 4 8 7 4 7 8 7 7 
7 18 22 16 4 7 4 7 7 7 7 15 4 7 7 4 8 15 15 15 4 15 22 16 4 1 8 7 7 
7 18 7 4 8 7 4 7 7 22 16 4 7 15 4 7 7 15 15 15 4 15 22 16 4 1 8 7 7 
27.5733 38.3855
7 18 22 16 4 7 4 7 7 7 7 15 4 7 7 4 8 15 15 15 4 15 22 16 4 1 8 7 7 
15 22 16 4 1 8 4 7 7 7 7 15 4 7 7 4 8 15 7 7 7 18 22 16 4 7 15 15 4 
7 18 22 8 15 15 15 4 15 22 7 15 4 7 7 4 16 4 7 4 7 7 7 16 4 1 8 7 7 
7 18 22 16 4 7 4 7 7 7 8 15 15 15 4 15 7 15 4 7 7 4 8 15 15 15 4 15 7 
7 18 22 16 4 7 4 7 4 1 8 7 4 7 7 4 8 15 15 15 4 15 22 16 7 7 7 15 7 
7 18 22 16 7 7 4 7 7 7 7 15 4 4 7 4 8 15 15 15 4 15 22 16 4 1 8 7 7 
27.0886 37.26
7 18 22 16 4 7 4 7 7 7 7 15 4 7 7 4 8 15 15 15 4 15 22 16 4 1 8 7 7 
7 16 4 1 8 7 7 7 7 7 7 15 4 7 7 4 8 15 15 15 4 15 22 18 22 16 4 7 4 
7 4 7 18 22 16 4 7 4 7 7 7 7 15 7 4 8 15 15 15 4 15 22 16 4 1 8 7 7 
15 15 4 15 22 16 4 7 7 7 7 15 4 7 7 4 8 7 7 18 22 16 4 7 4 1 8 7 15 
7 18 22 16 4 7 4 7 7 7 7 15 4 7 7 4 8 4 1 15 4 15 22 16 15 15 8 7 7 
7 18 22 16 4 7 7 7 4 7 7 15 4 7 7 4 8 15 15 15 4 15 22 16 4 1 8 7 7 
26.5379 36.6938
7 4 7 18 22 16 4 7 4 7 7 7 7 15 7 4 8 15 15 15 4 15 22 16 4 1 8 7 7 
7 4 7 22 18 16 4 7 4 7 7 7 7 15 7 4 8 15 15 15 4 15 22 16 4 1 8 7 7 
7 4 8 15 15 15 4 15 22 7 7 7 4 7 18 22 16 4 7 4 7 7 7 16 4 1 8 7 15 
7 4 7 7 15 18 22 16 4 7 4 7 7 7 7 4 8 15 15 15 4 15 22 16 4 1 8 7 7 
7 4 7 18 22 16 4 7 4 7 7 7 7 15 7 4 8 15 15 15 4 15 22 16 4 1 8 7 7 
7 4 7 15 7 4 8 15 15 7 7 7 7 18 22 16 4 7 4 15 4 15 22 16 4 1 8 7 7 
26.3687 35.5243
7 4 7 18 22 16 4 7 4 7 7 7 7 15 7 4 8 15 15 15 4 15 22 16 4 1 8 7 7 
7 4 7 18 22 16 15 4 15 22 16 4 7 15 7 4 8 15 15 4 7 4 7 7 7 1 8 7 7 
7 4 7 18 22 16 4 7 4 7 7 7 7 15 7 4 16 4 1 8 15 15 15 4 15 22 8 7 7 
7 4 7 18 22 16 4 7 4 7 7 7 7 15 7 4 15 22 16 4 4 8 15 15 15 1 8 7 7 
7 4 7 18 22 16 4 7 4 7 7 7 15 22 16 4 1 15 15 15 4 7 15 7 4 8 8 7 7 
4 7 4 7 4 7 18 22 16 7 7 7 7 15 7 4 8 15 15 15 4 15 22 16 4 1 8 7 7 
26.9044 36.5945
7 4 7 18 22 16 15 4 15 22 16 4 7 15 7 4 8 15 15 4 7 4 7 7 7 1 8 7 7 
7 7 7 18 22 16 15 4 15 22 16 4 7 15 7 4 8 15 15 4 4 7 4 7 7 7 1 8 7 
7 4 7 18 22 16 15 4 15 22 16 4 7 15 7 4 8 15 15 7 1 8 4 7 4 7 7 7 7 
7 4 7 18 22 16 15 4 15 22 16 4 7 15 7 4 1 8 7 7 7 4 7 7 7 8 15 15 4 
7 4 7 18 22 16 15 4 15 22 16 4 7 15 7 7 4 8 15 15 4 7 4 7 7 7 1 8 7 
7 4 7 18 22 16 15 4 15 7 4 7 7 15 7 4 8 15 15 4 22 16 4 7 7 1 8 7 7 
27.5921 37.1064
7 4 7 18 22 16 15 4 15 22 16 4 7 15 7 4 1 8 7 7 7 4 7 7 7 8 15 15 4 
7 4 7 7 4 1 8 7 7 7 4 7 18 22 16 15 4 15 22 16 4 7 15 7 7 8 15 15 4 
7 7 7 18 22 16 15 4 15 22 16 4 7 15 7 4 1 8 7 8 15 15 4 7 4 7 7 4 7 
7 4 7 18 7 22 16 15 4 15 22 16 4 7 15 4 1 8 7 7 7 4 7 7 7 8 15 15 4 
1 8 7 7 7 4 7 7 7 8 16 4 8 15 15 4 7 4 7 18 22 16 15 4 15 7 15 7 4 
7 4 7 18 22 16 15 4 7 15 22 16 4 7 15 4 1 8 7 7 7 4 7 7 7 8 15 15 4 
26.3093 35.3712
7 4 7 18 7 22 16 15 4 15 22 16 4 7 15 4 1 8 7 7 7 4 7 7 7 8 15 15 4 
22 16 4 4 7 4 7 18 7 22 16 15 4 7 15 4 1 8 7 7 7 4 7 7 7 8 15 15 15 
4 7 7 18 7 22 16 15 4 15 22 16 4 7 15 7 7 8 15 15 4 7 4 4 1 8 7 7 7 
7 7 8 15 15 4 7 4 7 15 22 16 4 7 15 4 1 8 7 7 18 7 22 16 15 4 7 4 7 
7 4 7 7 7 8 15 15 4 15 22 16 4 7 15 4 1 8 7 7 7 4 7 18 7 22 16 15 4 
15 4 1 8 7 7 7 4 7 7 7 8 15 4 7 4 7 18 7 22 16 15 4 15 22 16 4 15 7 
27.8711 40.9222
15 4 1 8 7 7 7 4 7 7 7 8 15 4 7 4 7 18 7 22 16 15 4 15 22 16 4 15 7 
15 4 1 15 4 7 4 7 18 7 7 8 8 7 7 7 4 7 7 22 16 15 4 15 22 16 4 15 7 
8 15 4 8 7 7 7 4 7 7 7 15 4 1 7 4 7 18 7 22 16 15 4 15 22 16 4 15 7 
16 15 4 15 22 16 4 15 7 7 7 8 15 4 7 4 7 18 7 7 15 4 1 8 7 7 7 4 22 
4 1 8 7 7 7 4 7 7 7 7 8 15 4 7 4 7 18 7 22 16 15 4 15 22 16 4 15 15 
15 4 1 8 7 7 7 4 7 7 7 8 15 4 7 4 7 15 18 7 22 16 15 4 15 22 16 4 7 
29.903 45.3492
15 4 1 15 4 7 4 7 18 7 7 8 8 7 7 7 4 7 7 22 16 15 4 15 22 16 4 15 7 
18 7 7 8 8 7 7 7 4 7 7 22 16 4 7 7 4 7 7 22 16 15 4 15 22 16 4 4 7 
15 4 1 18 7 7 8 8 15 4 7 4 7 7 7 7 4 7 7 22 16 15 4 15 22 16 4 15 7 
4 15 1 15 4 7 4 7 18 7 7 8 22 16 15 4 15 22 16 8 7 7 7 4 7 7 22 16 15 
7 22 1 15 4 7 4 7 18 7 7 8 8 22 16 4 15 7 15 4 16 15 4 15 7 7 7 4 7 
7 7 22 16 15 7 4 7 18 7 7 15 22 16 4 15 7 15 4 1 15 4 4 8 8 7 7 7 4 
29.0141 44.5352
4 15 1 15 4 7 4 7 18 7 7 8 22 16 15 4 15 22 16 8 7 7 7 4 7 7 22 16 15 
4 7 18 7 7 8 22 15 1 15 4 7 4 16 15 4 15 22 16 8 7 7 7 4 7 7 22 16 15 
7 7 4 7 7 22 16 15 4 7 7 8 22 16 15 4 15 22 16 8 15 1 15 4 7 4 7 18 7 
8 22 16 16 15 4 15 1 15 4 7 4 7 18 15 4 15 22 16 8 7 7 7 4 7 7 22 7 7 
22 16 1 15 4 7 16 8 7 7 7 4 7 7 22 16 15 4 4 7 18 7 7 8 22 16 15 4 15 
15 4 15 15 4 7 4 7 4 7 7 22 16 15 4 15 1 22 16 8 7 7 7 18 7 7 8 22 16 
32.2152 51.3701
8 22 16 16 15 4 15 1 15 4 7 4 7 18 15 4 15 22 16 8 7 7 7 4 7 7 22 7 7 
8 22 16 18 15 4 15 1 15 4 7 4 7 16 15 4 15 22 16 8 7 7 7 4 7 7 22 7 7 
7 7 22 16 15 4 15 1 15 4 7 4 7 18 15 4 15 22 16 8 7 7 7 7 8 22 16 7 4 
8 22 7 18 15 4 15 22 15 4 7 4 16 16 15 4 15 1 16 8 7 7 7 4 7 7 22 7 7 
8 22 16 16 15 4 7 1 15 4 7 4 7 18 15 4 15 22 16 8 7 7 15 4 7 7 22 7 7 
7 22 8 7 7 7 4 7 7 22 7 7 8 18 15 4 15 22 16 16 16 15 4 15 1 15 4 7 4 
32.3473 51.6257
7 22 8 7 7 7 4 7 7 22 7 7 8 18 15 4 15 22 16 16 16 15 4 15 1 15 4 7 4 
7 22 8 7 15 4 15 7 7 4 7 7 22 7 7 8 18 22 16 16 16 15 4 15 1 15 4 7 4 
7 22 8 7 7 7 7 4 7 22 7 7 8 18 15 4 15 22 16 16 16 15 4 15 1 15 4 4 7 
7 22 8 7 7 7 4 7 7 22 7 7 8 18 15 15 4 22 16 16 16 15 4 15 1 4 15 7 4 
4 7 4 7 22 8 7 7 7 4 7 7 22 18 15 4 15 22 16 16 16 15 4 15 1 15 7 7 8 
4 7 8 7 7 7 4 7 7 22 7 7 8 18 22 16 16 15 4 15 22 16 16 16 15 4 15 1 15 
28.47 45.3454
4 7 4 7 22 8 7 7 7 4 7 7 22 18 15 4 15 22 16 16 16 15 4 15 1 15 7 7 8 
16 15 4 15 1 8 7 7 7 4 7 7 22 18 15 4 15 22 16 8 4 7 4 7 22 15 7 7 16 
4 7 4 7 22 8 7 7 16 16 15 4 15 18 15 4 15 22 16 7 4 7 7 22 1 15 7 7 8 
4 7 4 7 22 8 15 22 16 16 16 15 4 15 1 4 7 7 7 4 7 7 22 18 15 15 7 7 8 
15 1 15 7 7 8 4 7 7 4 7 7 22 18 15 4 15 22 16 16 7 4 7 22 8 7 16 15 4 
7 8 4 7 4 7 7 7 7 4 7 7 22 18 15 4 15 22 16 16 16 22 8 15 4 15 1 15 7 
28.0602 42.0049
4 7 4 7 22 8 15 22 16 16 16 15 4 15 1 4 7 7 7 4 7 7 22 18 15 15 7 7 8 
4 7 4 7 22 8 15 22 16 16 16 15 4 15 1 4 7 7 7 4 7 7 22 18 15 15 7 7 8 
4 15 1 4 7 8 4 7 4 7 22 8 15 22 16 16 16 7 7 4 7 7 22 18 15 15 7 7 15 
4 7 4 7 22 8 15 22 16 16 16 15 4 15 1 4 7 7 7 4 7 7 22 18 8 15 15 7 7 
4 7 4 7 22 8 15 22 16 16 16 15 4 15 1 4 7 7 7 4 7 7 22 18 15 15 7 7 8 
4 7 4 7 4 7 7 22 18 16 16 15 4 15 1 4 7 7 7 22 8 15 22 16 15 15 7 7 8 
25.4463 36.3826
4 7 4 7 22 8 15 22 16 16 16 15 4 15 1 4 7 7 7 4 7 7 22 18 8 15 15 7 7 
4 7 4 7 22 8 15 15 7 7 16 15 4 15 1 4 7 7 7 4 7 7 22 18 8 15 22 16 16 
4 7 4 7 7 7 15 22 16 16 16 15 4 15 1 4 7 7 7 4 22 8 22 18 8 15 15 7 7 
1 4 7 7 22 8 15 22 16 16 15 15 7 7 4 7 4 7 7 4 7 7 22 18 8 16 15 4 15 
4 7 4 7 22 4 15 22 16 16 16 15 4 15 1 8 7 7 7 4 7 7 22 18 8 15 15 7 7 
7 7 22 1 4 7 7 22 16 16 16 15 4 15 18 8 15 15 7 7 4 7 4 7 22 8 15 7 4 
27.0296 39.7478
7 7 22 1 4 7 7 22 16 16 16 15 4 15 18 8 15 15 7 7 4 7 4 7 22 8 15 7 4 
4 15 18 8 15 7 7 22 16 15 7 4 7 7 22 1 4 15 7 7 4 7 4 7 22 8 16 16 15 
4 7 4 7 22 8 15 7 16 16 16 15 4 15 7 22 8 15 7 4 7 7 22 18 8 15 15 7 7 
16 16 16 15 4 7 7 22 1 4 7 7 22 15 18 8 15 15 7 7 4 7 4 7 22 8 15 7 4 
7 7 22 1 4 7 7 22 16 16 16 4 7 4 7 22 8 15 7 4 15 4 15 18 8 15 15 7 7 
7 22 16 16 4 4 7 7 22 1 16 15 4 15 18 8 15 15 7 7 4 7 4 7 22 8 15 7 7 
29.8262 44.6843
7 22 16 16 4 4 7 7 22 1 16 15 4 15 18 8 15 15 7 7 4 7 4 7 22 8 15 7 7 
7 22 16 16 4 4 7 7 22 1 16 15 4 15 18 4 7 22 8 15 8 15 15 7 7 4 7 7 7 
7 22 16 16 4 4 7 7 22 1 16 15 4 15 18 8 15 15 7 7 15 4 7 4 7 22 8 7 7 
7 22 8 15 7 7 7 22 16 16 16 15 4 15 18 8 15 15 7 7 4 7 4 4 7 7 22 1 4 
7 7 4 7 4 7 22 7 22 1 16 15 4 22 8 15 7 7 7 22 16 16 4 4 15 18 8 15 15 
7 22 16 16 4 4 7 7 18 8 15 15 7 7 22 1 16 15 4 15 4 7 4 7 22 8 15 7 7 
30.6686 48.3046
7 22 16 16 4 4 7 7 22 1 16 15 4 15 18 8 15 15 7 7 15 4 7 4 7 22 8 7 7 
7 22 16 16 15 15 7 7 15 4 7 4 7 15 18 8 4 4 7 7 22 1 16 15 4 22 8 7 7 
7 22 16 16 4 8 15 15 7 7 15 4 7 4 7 22 8 7 22 1 16 15 4 15 18 4 7 7 7 
7 22 16 16 4 4 7 15 4 7 4 7 7 7 22 1 16 15 4 15 18 8 15 15 7 22 8 7 7 
7 22 16 16 4 4 7 7 22 1 16 15 4 15 18 8 15 15 7 7 15 4 7 4 7 22 8 7 7 
7 22 16 16 4 4 7 7 22 15 7 7 15 4 7 4 7 22 16 15 4 15 18 8 15 1 8 7 7 
31.5082 49.7543
7 22 16 16 4 4 7 15 4 7 4 7 7 7 22 1 16 15 4 15 18 8 15 15 7 22 8 7 7 
7 22 16 16 4 4 7 15 1 4 7 4 7 7 7 22 16 15 4 15 18 8 15 15 7 22 8 7 7 
7 22 16 16 4 4 7 15 4 7 4 7 7 7 22 7 22 1 16 15 4 15 18 8 15 15 8 7 7 
7 1 16 16 4 4 7 15 4 7 4 7 7 7 22 22 16 15 4 15 18 8 15 15 7 22 8 7 7 
7 22 8 7 7 7 7 15 4 7 4 7 7 7 22 1 16 22 16 16 4 4 15 4 15 18 8 15 15 
7 22 1 16 15 15 18 8 15 15 7 22 8 7 7 7 22 15 4 15 4 4 7 15 4 7 4 7 7 
30.8091 49.0951
7 1 16 16 4 4 7 15 4 7 4 7 7 7 22 22 16 15 4 15 18 8 15 15 7 22 8 7 7 
7 1 15 18 8 15 15 7 22 7 4 7 7 7 22 22 16 15 4 16 16 4 4 7 15 4 8 7 7 
7 1 16 16 4 4 7 15 4 15 4 15 18 8 15 15 7 22 4 7 7 7 22 22 16 7 8 7 7 
15 22 16 16 4 4 7 15 4 7 4 7 7 7 4 15 18 8 15 15 7 22 8 7 7 7 1 22 16 
7 1 16 16 4 4 7 15 4 7 4 7 7 7 22 22 16 15 4 15 18 8 15 15 7 22 8 7 7 
7 1 16 16 4 4 7 15 4 7 4 7 7 7 22 22 15 7 22 8 18 8 15 16 15 4 15 7 7 
29.96 46.863
7 1 16 16 4 4 7 15 4 15 4 15 18 8 15 15 7 22 4 7 7 7 22 22 16 7 8 7 7 
7 1 16 16 4 4 7 15 4 15 4 15 18 8 15 15 7 22 22 16 7 7 22 4 7 7 8 7 7 
7 7 16 16 4 4 7 15 4 15 4 15 18 8 15 15 7 7 1 22 4 7 7 7 22 22 16 7 8 
18 8 15 15 7 22 4 7 7 7 22 7 8 7 7 7 1 16 16 4 4 7 22 22 16 7 15 4 15 
7 1 16 16 4 4 7 15 4 15 4 15 18 8 15 15 7 22 4 7 7 7 22 22 16 7 8 7 7 
15 15 16 16 7 7 7 22 22 16 7 8 7 7 7 1 7 22 4 4 4 7 15 4 15 4 15 18 8 
30.621 49.4224
7 1 16 16 4 4 7 15 4 15 4 15 18 8 15 15 7 22 4 7 7 7 22 22 16 7 8 7 7 
7 1 16 16 4 4 7 7 4 15 4 15 18 8 15 15 7 22 4 7 7 7 22 22 16 7 8 15 7 
4 15 18 8 7 8 7 7 7 1 16 16 4 4 15 15 7 22 4 7 7 7 22 22 16 7 15 4 15 
7 1 16 16 4 4 7 15 4 7 15 4 15 18 8 15 15 7 22 4 7 7 22 22 16 7 8 7 7 
7 1 16 16 4 4 7 15 4 15 4 7 7 7 22 15 7 22 4 15 18 8 15 22 16 7 8 7 7 
18 8 15 7 22 4 7 7 7 22 22 16 7 8 15 15 7 22 4 16 16 4 4 7 15 4 15 4 15 
31.51 50.9934
7 1 16 16 4 4 7 15 4 15 4 15 18 8 15 15 7 22 4 7 7 7 22 22 16 7 8 7 7 
7 1 16 16 4 4 18 8 15 15 7 22 7 15 4 15 4 15 4 7 7 7 22 22 16 7 8 7 7 
16 7 8 7 7 7 1 16 4 15 4 15 18 8 15 15 7 22 4 16 4 4 7 15 7 7 7 22 22 
7 1 16 16 4 4 7 15 15 4 4 15 18 8 15 15 7 22 4 7 7 7 22 22 16 7 8 7 7 
7 1 16 16 4 4 7 15 8 7 4 15 18 8 15 15 7 22 4 7 7 7 22 22 16 7 4 15 7 
7 1 16 16 4 4 7 15 4 15 4 15 18 8 7 7 7 22 4 7 7 7 22 22 16 7 8 15 15 
30.5805 49.1177
7 1 16 16 4 4 18 8 15 15 7 22 7 15 4 15 4 15 4 7 7 7 22 22 16 7 8 7 7 
7 22 7 15 4 15 1 16 16 4 4 18 8 15 15 7 4 15 4 7 7 7 22 22 16 7 8 7 7 
7 7 7 1 16 16 4 4 15 15 7 22 7 15 4 15 4 15 4 7 7 7 22 22 16 7 18 8 8 
7 22 7 16 4 4 18 8 15 7 7 1 16 15 4 15 4 15 4 7 7 7 22 22 16 7 8 7 15 
7 22 22 16 4 4 18 8 15 15 7 22 7 15 4 15 4 15 8 7 7 7 1 16 16 7 4 7 7 
7 1 16 15 4 7 7 7 15 15 7 22 7 15 4 15 4 16 4 4 18 8 22 22 16 7 8 7 7 
34.5929 58.3776
7 22 7 16 4 4 18 8 15 7 7 1 16 15 4 15 4 15 4 7 7 7 22 22 16 7 8 7 15 
15 4 15 16 4 4 18 8 15 7 4 7 7 7 22 22 16 7 8 7 15 7 22 7 4 15 7 1 16 
7 22 7 16 4 4 18 8 15 7 7 1 16 15 4 15 4 15 4 7 7 7 22 22 16 7 8 7 15 
4 15 4 7 7 7 18 8 15 7 22 16 7 8 7 15 7 22 7 16 4 4 22 7 1 16 15 4 15 
4 15 4 15 4 7 7 22 22 16 7 8 7 15 7 22 7 16 4 4 18 7 8 15 7 7 1 16 15 
7 22 7 16 4 4 4 15 4 7 7 7 22 15 4 15 18 8 15 7 7 1 16 22 16 7 8 7 15 
36.6176 61.2431
4 15 4 15 4 7 7 22 22 16 7 8 7 15 7 22 7 16 4 4 18 7 8 15 7 7 1 16 15 
4 15 4 15 4 7 7 22 22 16 7 8 18 7 8 15 7 7 1 4 7 15 7 22 7 16 4 16 15 
4 7 4 15 4 7 7 22 22 16 7 8 7 15 15 22 7 16 4 4 18 7 8 15 7 7 1 16 15 
15 4 7 7 22 22 16 7 22 16 7 8 7 15 7 22 7 16 4 4 18 7 8 15 7 7 1 15 4 
4 15 4 15 4 7 7 22 22 16 7 8 7 15 7 22 7 16 4 4 18 7 8 15 7 7 1 16 15 
4 15 4 15 4 7 7 8 15 16 7 8 7 15 7 22 7 16 4 4 18 7 22 22 7 7 1 16 15 
35.0057 58.2527
4 7 4 15 4 7 7 22 22 16 7 8 7 15 15 22 7 16 4 4 18 7 8 15 7 7 1 16 15 
4 7 22 7 4 15 4 7 7 22 22 16 7 8 7 15 15 16 4 4 18 7 8 15 7 7 1 16 15 
4 7 4 15 4 7 7 22 22 16 7 8 7 15 15 4 18 16 4 22 7 7 8 15 7 7 1 16 15 
4 7 4 15 4 7 7 22 16 4 4 18 7 22 16 7 8 7 15 15 22 7 8 15 7 7 1 16 15 
8 7 4 15 4 7 7 7 1 16 15 4 7 15 15 22 7 16 4 4 18 7 8 15 7 22 22 16 7 
4 7 4 15 4 7 7 22 22 16 7 8 7 15 15 15 22 7 16 4 4 18 7 8 15 7 7 1 16 
31.5773 51.2147
4 7 4 15 4 7 7 22 22 16 7 8 7 15 15 15 22 7 16 4 4 18 7 8 15 7 7 1 16 
4 7 4 15 4 7 7 22 22 16 7 8 7 15 15 15 7 1 16 4 4 18 7 8 15 7 22 7 16 
4 7 4 15 4 15 15 22 7 16 4 4 7 7 22 22 16 7 8 7 15 18 7 8 15 7 7 1 16 
1 16 4 7 4 15 4 7 7 16 7 8 7 15 15 15 22 7 16 4 4 18 7 22 22 8 15 7 7 
4 7 4 15 7 15 15 15 22 7 16 8 4 7 7 22 22 16 7 4 4 18 7 8 15 7 7 1 16 
4 7 8 7 15 15 15 22 22 16 7 4 15 4 7 7 22 7 16 4 4 18 7 8 15 7 7 1 16 
31.9781 50.8782
4 7 4 15 4 15 15 22 7 16 4 4 7 7 22 22 16 7 8 7 15 18 7 8 15 7 7 1 16 
1 7 4 15 4 15 15 22 7 16 4 4 7 7 22 22 16 7 8 7 15 18 7 8 15 16 4 7 7 
4 7 4 15 4 15 15 22 7 16 7 4 7 7 22 22 16 7 8 7 15 18 7 8 15 4 7 1 16 
4 7 7 15 4 15 15 22 7 16 4 4 7 4 22 22 16 7 8 7 15 18 7 8 15 7 7 1 16 
7 15 18 7 8 15 7 22 7 16 4 4 7 7 22 7 1 16 4 7 4 15 4 15 15 22 16 7 8 
15 18 7 8 15 7 7 1 16 4 4 4 7 7 22 22 16 7 4 15 4 15 15 22 7 16 7 8 7 
31.3256 48.9675
