0.105039   -0.151949   0.277092
0.0924586   0.0357522   -0.326241
-0.0477512   -0.441693   0.0528508
-0.38886   -0.250339   0.00762602
0.359198   0.365122   0.0740031
0.148465   0.440195   0.17193
-0.3286   -0.458481   -0.374672
0.0078688   -0.303642   0.465672
-0.0523694   0.25421   0.367496
-0.43198   -0.405985   0.156611
0.262866   -0.270685   0.409778
0.11538   -0.36906   -0.267345
0.413163   0.309795   0.449999
-0.288788   0.0230574   0.308369
0.185106   -0.0629136   0.4637
-0.212251   0.428296   -0.226697
0.196918   0.422582   -0.257904
0.479783   0.148807   -0.468039
-0.241759   -0.454796   0.229686
0.106468   -0.179167   -0.35427
0.273654   0.176795   0.466756
0.303579   0.131177   -0.294676
-0.207936   0.474795   -0.0341628
0.398718   -0.120434   -0.0777647
0.248182   0.400283   -0.488149
0.453448   -0.248154   0.298579
-0.483125   0.0667185   -0.233767
-0.0934355   0.0705952   0.217095
-0.0986693   -0.128391   0.329335
0.00274866   -0.0479893   -0.151128
-0.378596   -0.23223   0.441494
0.129372   0.237202   -0.322032
0.157129   0.317258   0.323206
-0.313376   -0.044056   -0.490313
-0.0992729   -0.180383   -0.441776
-0.216809   0.225135   0.270294
-0.190138   -0.136125   -0.120045
0.389891   -0.443765   -0.00339493
-0.277869   0.290684   -0.0746236
0.356535   -0.293522   -0.197194
-0.0136769   0.395532   0.484807
0.387076   0.457338   -0.197288
0.0485945   0.14063   -0.00357402
-0.200538   -0.307982   0.41744
0.0310673   0.24271   0.16911
-0.451963   0.246042   0.0234033
-0.25503   0.0822624   -0.147861
0.167369   0.328542   -0.0777563
-0.0451246   -0.245381   -0.022668
0.0156614   0.316351   -0.192944
0.411388   0.481928   0.3347
0.404334   0.247752   -0.121789
0.300067   -0.0395789   0.150049
0.275427   -0.370679   -0.409526
0.146809   -0.444914   -0.057763
-0.221145   -0.31437   0.0746528
-0.475608   -0.070843   0.320091
-0.106003   -0.44893   -0.356987
-0.346108   0.201875   0.422946
-0.109288   0.0283148   0.0202939
-0.418763   0.470013   -0.0261551
0.450384   -0.489723   -0.424212
-0.0124446   0.375111   0.00679683
-0.389176   0.352724   -0.243716
-0.270764   -0.336937   -0.142868
-0.461329   0.164831   0.217722
-0.407495   -0.445427   0.378187
0.427834   -0.233467   0.0998454
0.189267   0.139565   -0.11989
-0.463524   -0.361834   -0.26853
-0.0178605   -0.126454   0.127101
0.0805385   0.112597   0.346865
-0.109646   0.401006   0.212524
0.343182   0.0313871   0.351136
-0.454595   -0.0836614   0.110109
-0.344612   -0.22535   0.235816
0.318316   -0.39764   0.184189
0.437046   -0.0442269   -0.479657
-0.297013   0.154133   -0.370981
0.176584   -0.0666652   -0.00493986
-0.24396   0.445789   0.408154
-0.492258   0.0561368   -0.0136794
0.16902   -0.455516   0.408544
0.354796   0.280658   0.255487
0.425329   0.293496   -0.338248
0.147132   -0.261911   0.0646272
-0.383004   -0.0701148   -0.114776
0.434454   -0.249877   -0.451726
-0.3051   0.386367   0.115591
-0.421163   0.367288   0.295419
0.0784431   -0.359034   0.221698
-0.0982152   0.10709   -0.482278
-0.388695   0.358966   -0.4526
-0.299694   0.0996705   0.0772295
-0.218465   -0.11334   0.125105
-0.0882963   0.302738   -0.379136
-0.494429   -0.133009   -0.300555
-0.139587   0.223267   0.0596082
-0.0748791   0.140795   -0.23617
0.325114   -0.0673513   -0.295061
-0.289989   -0.263066   -0.362661
-0.0474831   -0.453204   -0.154345
0.261027   0.174005   0.0780219
-0.188465   -0.0269849   -0.302499
-0.0466025   -0.216836   -0.234859
-0.0813009   -0.430409   0.31498
0.166543   -0.173796   -0.162035
0.124262   0.0425365   0.151721
