0.172039   0.476528   0.482486
0.341538   -0.323386   0.493628
0.173355   -0.313499   -0.35504
0.334892   0.491831   -0.340306
0.499794   -0.482926   0.484528
-0.324144   -0.330798   -0.499415
-0.49801   -0.340876   -0.3358
-0.328087   -0.495667   -0.359292
-0.141066   0.479601   0.49667
0.00463938   -0.334155   -0.494685
-0.149204   -0.340362   -0.337817
-0.00421988   -0.493701   -0.339672
0.205097   -0.156975   0.489694
0.355733   -0.0152162   -0.474737
0.193509   -0.0151622   -0.311688
0.360953   -0.172617   -0.300964
-0.488209   -0.186271   0.486198
-0.332095   -0.0346084   0.483622
-0.466147   -0.00215756   -0.318874
-0.320589   -0.187964   -0.330248
-0.155355   -0.180165   0.47484
0.0197242   -0.0162491   -0.485547
-0.146449   -0.0137448   -0.35183
0.0142096   -0.155953   -0.317607
0.185716   0.141026   -0.490988
0.330583   0.322048   -0.491363
0.157323   0.338864   -0.332725
0.339652   0.14026   -0.318368
-0.496218   0.165724   -0.497273
-0.325005   0.337527   0.494719
-0.494173   0.333315   -0.330714
-0.325899   0.170041   -0.329854
-0.152575   0.166776   -0.482425
0.0219896   0.327989   -0.498076
-0.156687   0.331773   -0.325357
0.0124234   0.151903   -0.319629
0.176172   -0.484599   -0.175567
0.360063   -0.333426   -0.167479
0.19059   -0.3294   -0.00317316
0.354762   0.499469   -0.00155067
-0.490555   -0.495274   -0.167223
-0.322274   -0.360176   -0.183604
-0.458565   -0.334011   0.00623901
-0.332653   0.476202   0.0146371
-0.161445   0.492475   -0.166504
0.00823191   -0.333858   -0.174362
-0.168825   -0.350757   -0.0116741
0.0177383   -0.49176   -0.00362929
0.195556   -0.17902   -0.167525
0.352597   -0.0162762   -0.147661
0.18183   0.0030234   0.00466483
0.370763   -0.184869   -0.00766561
-0.461925   -0.179791   -0.167613
-0.320195   0.00895976   -0.167092
-0.495193   -0.00508937   -0.00823842
-0.300411   -0.166322   -0.0199256
-0.161792   -0.183523   -0.171968
0.00850654   0.00138146   -0.16329
-0.142306   -0.0144667   0.00895666
0.0373534   -0.163679   -0.011903
0.167404   0.165975   -0.155146
0.343689   0.323455   -0.191273
0.170965   0.335421   -0.00451376
0.331179   0.166285   -0.0114197
0.499815   0.164971   -0.155333
-0.333404   0.34288   -0.158806
-0.49784   0.320495   0.00785643
-0.321228   0.171762   -0.00927038
-0.159232   0.165387   -0.173495
0.0187395   0.346456   -0.163826
-0.151808   0.325331   -0.0208764
0.0188078   0.161159   0.0186764
0.197212   0.499221   0.154117
0.345608   -0.337345   0.159821
0.171046   -0.331072   0.3337
0.338175   0.499817   0.315294
-0.49717   0.496468   0.171287
-0.309138   -0.365441   0.17227
-0.478039   -0.335437   0.309025
-0.339095   0.489821   0.350011
-0.160918   0.478331   0.151301
0.0109148   -0.340813   0.164515
-0.146262   -0.35432   0.330984
0.0210028   0.493618   0.31374
0.178301   -0.175883   0.166478
0.341324   -0.00834414   0.152414
0.195319   -0.0207062   0.324485
0.35759   -0.178263   0.336106
-0.48428   -0.17389   0.152122
-0.33894   -0.0100505   0.150262
0.494372   0.000721796   0.356858
-0.337129   -0.18072   0.326245
-0.165637   -0.174892   0.181683
0.0273306   -0.014963   0.151012
-0.161064   -0.00331525   0.344567
0.00830138   -0.163423   0.323628
0.189092   0.163986   0.169035
0.324956   0.319413   0.162009
0.185451   0.319632   0.337728
0.347269   0.166486   0.336975
-0.481806   0.156118   0.152225
-0.353081   0.318734   0.171435
0.494279   0.322638   0.334989
-0.31169   0.153746   0.339526
-0.165593   0.165752   0.171458
0.0319314   0.321164   0.150089
-0.136221   0.342424   0.333355
0.0270689   0.146808   0.338962
