0.351756   -0.355972   0.42519
0.252631   -0.278666   0.441301
-0.48967   -0.477379   0.053267
-0.29716   0.401776   -0.182801
-0.0293454   -0.427819   -0.341949
0.486715   0.462021   -0.122815
0.456879   -0.0861271   -0.419834
0.30305   -0.362377   0.490447
-0.45743   0.168776   -0.323463
0.440452   -0.239619   -0.309563
-0.0377238   0.471848   0.0762326
-0.0853616   -0.111653   -0.218647
0.301597   -0.272975   -0.229479
0.337464   0.164177   -0.394998
0.274583   0.487591   -0.411529
0.341532   0.289363   0.247256
-0.250111   0.336926   -0.311061
-0.15124   0.330865   0.166897
-0.382918   -0.386874   -0.461362
-0.409055   0.416832   -0.216706
0.0860919   0.326464   0.0863264
-0.144575   0.0389937   0.269171
0.346843   0.279667   -0.171415
-0.170264   -0.394587   -0.372934
-0.286885   -0.229293   0.281508
0.0142423   -0.242671   -0.188698
-0.236587   -0.162525   -0.314703
-0.367917   0.469079   -0.116617
-0.221631   0.0267511   0.329331
0.118362   -0.485287   0.127202
0.450484   -0.104879   0.183639
-0.126385   0.0839593   -0.320666
0.371232   0.0375523   -0.0899662
-0.407332   0.4878   -0.0512967
-0.111873   -0.375302   0.459796
-0.257964   0.420242   -0.0332697
-0.27488   0.147698   0.03591
0.0208243   0.255747   -0.143581
0.127721   0.388765   -0.232155
0.2355   -0.336874   -0.157847
0.476078   0.0837657   -0.266377
0.197223   0.417213   -0.363974
-0.149818   -0.2483   -0.306019
-0.162289   0.153189   0.0461231
-0.184971   -0.141138   0.0463573
0.416977   0.218406   0.467361
-0.131844   0.0285847   -0.486983
0.190322   0.48465   0.192432
0.149666   0.437037   0.135644
0.378173   -0.0923811   -0.374274
0.443351   0.307112   -0.164735
-0.170555   0.274745   -0.463294
-0.461446   -0.0649756   0.329569
0.00693311   -0.276472   -0.471548
0.395076   -0.13049   -0.446488
-0.244617   -0.0204601   0.419691
0.122403   -0.043458   -0.177285
0.161446   0.161454   -0.491224
0.0646157   0.473357   0.376901
-0.290828   0.480949   -0.176433
-0.100606   0.349868   -0.106913
0.100821   0.449081   0.0656322
-0.352154   0.274828   0.0062562
0.421653   -0.0618174   0.0641396
0.114287   0.250792   -0.440813
0.296203   0.379432   0.465273
-0.150704   -0.463228   -0.193842
0.207849   -0.340398   0.356231
-0.202349   -0.351904   0.24844
0.263927   -0.368614   0.104831
0.479948   -0.412368   -0.333031
-0.147322   -0.338901   0.176205
-0.213591   0.300503   -0.405164
-0.0171714   -0.214177   0.393897
-0.119586   -0.257365   0.147979
0.14251   0.382964   0.0552379
-0.0884033   -0.133148   0.342637
0.015574   -0.49208   0.192164
-0.170892   0.498432   -0.068315
0.21625   -0.108453   -0.274141
-0.0899934   0.469476   -0.168173
-0.428271   -0.257502   0.0106604
0.270944   -0.312788   0.305347
0.144223   -0.332058   0.104813
-0.205435   -0.164966   -0.433009
0.231982   0.0936048   0.187264
0.363595   0.479184   0.479757
-0.109673   -0.436485   0.150215
-0.24087   -0.109014   0.298978
-0.169156   -0.0485825   -0.476125
-0.0301929   -0.324571   0.45156
0.428242   -0.375631   -0.439086
-0.0129141   0.017736   0.499508
0.0993149   -0.35202   -0.399164
0.160991   0.479208   -0.118173
0.0243465   -0.236429   0.205545
0.458659   0.180333   -0.369045
0.221733   -0.428535   -0.136927
-0.0409595   0.0770807   -0.0373278
-0.485486   -0.162147   -0.249751
0.148109   0.00755784   -0.354963
0.135492   0.374186   -0.421166
-0.488258   -0.200852   0.424731
-0.115949   -0.336349   -0.311628
0.263032   0.295223   -0.475442
0.300758   0.138127   -0.329149
0.394713   -0.427522   -0.355151
-0.373931   0.217017   -0.0741333
