-0.118885   0.0949972   -0.0225796
0.127091   -0.4629   -0.298255
0.222934   0.345984   -0.27733
0.0392107   0.00546818   0.207855
0.242384   0.117209   0.14798
0.208225   0.290993   0.409039
0.325445   0.118257   -0.00891468
0.291868   0.418364   -0.0319171
0.340264   0.140945   -0.303248
0.305944   -0.365404   0.395433
0.424644   0.0367164   -0.468176
-0.342521   0.167663   -0.387377
0.211797   -0.28819   0.312269
0.136847   0.375379   -0.0399502
0.104193   -0.474054   0.236243
0.233346   -0.347687   0.424743
-0.0361776   -0.382108   -0.39853
-0.0254446   -0.0151433   -0.124802
0.4347   0.102865   0.0498689
-0.0754328   0.221482   0.291299
0.151952   0.341319   0.304102
0.235598   0.00780536   0.0399328
0.413973   0.153961   0.120206
0.26363   0.407997   0.314509
0.145804   -0.438678   0.302185
0.24836   0.254622   -0.0237875
0.243749   0.280878   0.327091
0.313012   -0.44228   0.433285
-0.149031   0.286997   0.236945
-0.271834   0.202593   -0.224451
0.354317   0.0702406   0.0671213
0.391132   -0.024979   0.307347
-0.214866   0.256192   0.0253671
-0.139161   0.159158   0.0444657
0.0661646   0.291439   0.168456
-0.0338785   -0.417826   0.0621086
-0.315656   0.227846   0.0849691
-0.366142   -0.38627   0.222196
0.400092   -0.242704   -0.117546
0.0802717   0.131924   0.0313462
0.0393689   -0.298376   -0.458689
-0.412446   -0.192058   0.203106
0.057097   0.0560103   -0.17729
0.183738   0.309778   -0.051563
0.113211   0.196082   0.0770379
0.329293   0.347543   0.244385
0.088013   0.303394   0.257631
0.0563533   -0.094124   0.212416
-0.152197   0.357909   -0.138146
0.418172   0.0178076   0.148467
-0.188772   0.224665   0.199434
0.18718   -0.476851   0.0342371
-0.166108   -0.384373   -0.0439073
-0.217533   -0.351021   -0.111105
0.171129   0.363481   0.395245
0.390091   -0.0815614   0.00980841
-0.113412   -0.000610708   0.0156595
-0.295563   0.0168074   -0.190341
0.260567   0.166288   0.0320844
0.353485   -0.368848   0.475383
0.0454919   0.0332686   -0.0432274
0.178536   0.204016   0.0199721
-0.249457   0.127795   0.115789
0.333828   -0.0171355   0.0860031
0.177682   0.172689   0.135967
0.33004   0.0403435   -0.218129
0.35312   -0.0885905   -0.21975
0.461242   0.301858   -0.300773
-0.401932   0.279278   0.423127
-0.210899   0.175601   -0.0114381
0.179922   0.117166   0.0701675
0.26892   0.0767744   0.0656909
0.094798   0.0248385   0.148591
0.241002   -0.393768   -0.246498
0.145546   -0.445735   0.146939
-0.0560333   0.115405   0.133795
-0.350439   0.19427   0.152917
0.360403   0.297369   0.0365928
-0.358053   0.126833   0.217379
0.471707   0.180874   -0.127692
-0.092462   0.295132   0.36129
0.425132   0.323711   -0.228374
-0.371911   0.108071   0.30418
0.302264   0.165642   0.122968
0.316199   0.480246   -0.0985241
-0.343047   -0.498378   -0.196171
-0.0517697   0.168507   0.0686254
0.183064   0.193763   -0.0606726
-0.270129   0.0848065   0.325686
0.112514   0.290863   -0.00826901
0.173884   0.055148   0.188234
0.0553935   -0.0636148   0.0641712
-0.0772383   -0.0236407   0.201471
-0.193266   0.198831   0.104923
-0.0960808   0.0589753   -0.173069
0.464367   -0.00086218   0.0763048
0.219529   0.375122   0.0059214
0.238544   -0.104564   -0.062266
0.151928   -0.0765771   -0.0390868
0.0191322   0.00977236   0.101065
0.137531   0.335996   -0.11285
0.113333   0.194484   0.196692
-0.16102   -0.485969   -0.217655
0.200867   -0.0723206   0.108044
-0.285413   0.363607   -0.0106096
0.289502   0.332085   -0.420324
-0.115743   0.178869   -0.334701
-0.111919   0.206904   0.134381
