-0.195137   0.4882   0.151683
0.23022   -0.0778154   0.122984
0.403112   -0.475552   0.0470142
-0.15122   0.191158   0.160623
-0.165908   0.340935   -0.467893
-0.257432   0.3815   0.457458
0.277975   -0.159119   -0.411219
-0.00600272   -0.150781   -0.260317
-0.164263   0.294002   0.197538
-0.460485   -0.242708   0.277765
0.229351   0.45725   -0.140871
-0.0994355   0.1025   -0.251129
0.303167   0.016461   -0.289768
0.300798   -0.156742   -0.487439
0.00762725   -0.0756217   0.0882065
-0.292783   0.174671   0.252489
0.484897   -0.0492181   0.100179
-0.0549627   0.0587003   0.454477
0.450778   0.0603914   0.161447
0.268896   0.238695   -0.138396
-0.293393   -0.484955   0.0413127
0.0231132   0.252466   -0.0176038
-0.0490554   -0.405601   -0.250891
0.272709   0.139397   -0.00429293
-0.13251   -0.128602   -0.102846
0.114954   0.348478   0.348435
-0.0820525   0.149579   0.116608
0.136699   0.354708   0.244345
0.363316   -0.0157024   -0.212273
-0.474534   0.039186   0.16387
-0.324474   0.105056   -0.231012
-0.135118   -0.163792   0.40443
-0.0391087   -0.321423   -0.464343
0.197478   0.088935   -0.240237
0.157712   -0.124537   0.0108664
0.151002   0.451911   0.169992
0.396748   -0.334915   -0.0902787
-0.126947   -0.0691432   0.331599
0.219043   -0.0331451   -0.303947
0.495012   0.139164   0.364786
0.216273   0.304647   0.290963
0.162367   -0.339904   -0.015281
-0.0356827   0.482567   -0.481488
-0.260817   -0.387229   -0.430649
-0.0275222   0.021295   -0.240451
-0.172576   0.416045   0.288308
-0.423235   -0.468609   0.497821
0.10006   0.151615   -0.348679
-0.0661704   -0.372215   -0.354342
-0.042788   0.233335   -0.496465
-0.358072   -0.302564   -0.116567
-0.286852   -0.275935   0.482337
0.0812923   -0.187885   0.0681289
0.102772   0.172971   -0.227784
-0.425261   0.31573   0.265456
-0.0711192   0.069199   0.236244
0.22103   -0.470725   -0.00587042
0.236705   -0.217656   -0.128408
-0.200207   -0.189798   0.316429
0.123281   0.468892   0.0388279
0.391486   0.0848555   0.208871
0.229213   0.212462   0.1325
-0.370238   -0.00160062   0.461814
-0.348964   -0.281477   0.101716
-0.266092   -0.329722   -0.0315964
-0.165024   -0.197184   -0.147607
-0.382317   0.141901   -0.44033
-0.378721   -0.182404   -0.217594
0.352318   0.284142   -0.408417
0.309236   0.0755179   0.445904
-0.466464   0.117653   0.4312
-0.393931   -0.2229   0.314196
-0.221058   0.335742   0.393833
0.0119286   -0.0626032   -0.268398
0.0754663   0.0220322   -0.497394
-0.305805   -0.413558   0.116262
0.486728   0.123038   -0.0928238
-0.29565   -0.347032   0.492635
-0.276   -0.0470334   -0.137768
0.00873043   0.17649   0.300654
-0.0184526   0.145061   0.452043
-0.111869   0.34378   0.266199
0.262732   -0.00900141   0.405289
-0.326234   -0.145543   0.173459
-0.289012   -0.194331   -0.409277
-0.158553   0.196011   0.0728021
0.0644039   0.0280008   -0.22874
-0.259022   0.0946026   0.00366555
-0.0434107   0.143114   -0.195502
-0.147416   0.256317   -0.491489
0.39161   -0.197277   0.464313
0.241286   -0.0709097   -0.0331897
0.186622   0.349208   0.047524
-0.137705   0.438567   0.355928
-0.316469   0.151704   -0.0272367
-0.396752   -0.352063   0.386165
0.109942   -0.440211   0.0155721
0.0721489   -0.242918   -0.209894
-0.0116269   0.0922703   0.355977
0.434129   0.14885   0.311399
0.205752   0.442199   0.400409
-0.0116531   -0.222162   0.308908
0.212874   0.111882   -0.460215
-0.0359356   -0.167382   0.413703
-0.218242   0.331844   0.314234
-0.389934   0.391029   -0.0662933
-0.221498   -0.30874   -0.475942
0.0641796   0.370037   -0.24935
