0.351819   -0.355976   0.425261
0.252637   -0.278645   0.441306
-0.489673   -0.477366   0.0532522
-0.297187   0.401777   -0.182777
-0.0293638   -0.427753   -0.341993
0.48662   0.462052   -0.122876
0.456948   -0.0861166   -0.419868
0.303   -0.362409   0.490535
-0.457395   0.168819   -0.323473
0.440449   -0.23972   -0.309551
-0.0377146   0.471837   0.0763151
-0.0853945   -0.111704   -0.218677
0.301624   -0.272965   -0.229429
0.337432   0.164181   -0.394964
0.274601   0.487664   -0.4115
0.341423   0.289368   0.247256
-0.250107   0.336941   -0.311117
-0.151179   0.330898   0.166915
-0.382987   -0.386903   -0.461325
-0.409043   0.416814   -0.216682
0.0861251   0.326477   0.0864029
-0.144566   0.0389951   0.269172
0.346832   0.279594   -0.171393
-0.170275   -0.394588   -0.372892
-0.286911   -0.229288   0.281614
0.0142429   -0.242678   -0.188718
-0.236601   -0.162457   -0.314686
-0.367875   0.469118   -0.11665
-0.221667   0.0267634   0.329316
0.118451   -0.485341   0.127181
0.450504   -0.10476   0.183591
-0.126374   0.0839633   -0.320649
0.371271   0.0375693   -0.0899049
-0.407335   0.487888   -0.0513257
-0.111883   -0.375299   0.459821
-0.257975   0.420309   -0.0332785
-0.274842   0.147696   0.035929
0.0208001   0.255764   -0.143602
0.127769   0.388778   -0.232083
0.235497   -0.336909   -0.157826
0.476086   0.0837641   -0.266417
0.19721   0.41723   -0.363984
-0.149835   -0.248323   -0.305983
-0.162251   0.15313   0.046027
-0.185017   -0.141117   0.0463614
0.417006   0.2184   0.467406
-0.131799   0.0286004   -0.486985
0.19033   0.484685   0.192405
0.149628   0.436944   0.135597
0.378139   -0.0923825   -0.374275
0.44334   0.307173   -0.164742
-0.170523   0.274729   -0.463255
-0.461459   -0.0649925   0.329503
0.00696357   -0.276399   -0.471557
0.395078   -0.130495   -0.446527
-0.244582   -0.020376   0.419619
0.122394   -0.0435059   -0.177267
0.161433   0.161473   -0.491232
0.0646788   0.473419   0.376852
-0.290858   0.480957   -0.176439
-0.100545   0.349913   -0.106975
0.100845   0.449063   0.0657019
-0.352163   0.274796   0.00625665
0.421675   -0.0618177   0.0641571
0.114215   0.250774   -0.440949
0.296231   0.379366   0.465305
-0.150704   -0.463221   -0.193791
0.207807   -0.340356   0.35626
-0.202367   -0.351895   0.248336
0.263902   -0.368607   0.104916
0.479837   -0.412371   -0.333052
-0.147346   -0.338929   0.176112
-0.213641   0.300543   -0.405147
-0.0171706   -0.214188   0.393828
-0.119595   -0.257373   0.147967
0.142545   0.382962   0.0551898
-0.0884105   -0.133105   0.34259
0.0155772   -0.492106   0.192162
-0.170913   0.498441   -0.0683052
0.21626   -0.108471   -0.274181
-0.0900033   0.469431   -0.168136
-0.428323   -0.257577   0.01069
0.270847   -0.312831   0.305363
0.144167   -0.332093   0.104807
-0.205481   -0.165042   -0.43305
0.232091   0.0935572   0.187228
0.363568   0.479212   0.479796
-0.109666   -0.436504   0.150234
-0.240874   -0.108972   0.298914
-0.169117   -0.0485614   -0.476132
-0.0301828   -0.324523   0.451546
0.428241   -0.375658   -0.439095
-0.0129043   0.0176632   0.499615
0.0993344   -0.352113   -0.399217
0.160992   0.479215   -0.118215
0.0243413   -0.236405   0.20557
0.458559   0.180356   -0.369092
0.22176   -0.428497   -0.136907
-0.0409237   0.0771057   -0.037299
-0.485478   -0.16218   -0.249727
0.148196   0.00749654   -0.354947
0.135483   0.37414   -0.421177
-0.488194   -0.200889   0.424704
-0.115956   -0.336359   -0.311623
0.263004   0.295219   -0.475391
0.300782   0.138197   -0.329069
0.394771   -0.427571   -0.355083
-0.373906   0.216997   -0.0742134
