0.105101   -0.151934   0.277003
0.0924903   0.0359282   -0.326223
-0.0475335   -0.441682   0.0529473
-0.388943   -0.250365   0.00758669
0.359286   0.365224   0.0739597
0.14841   0.440306   0.172005
-0.328603   -0.458634   -0.374634
0.00794092   -0.303514   0.465657
-0.052547   0.254244   0.367552
-0.432126   -0.406058   0.156594
0.263061   -0.270691   0.409819
0.115292   -0.369013   -0.267236
0.413149   0.309861   0.450043
-0.288844   0.0230627   0.308403
0.185148   -0.0629767   0.463782
-0.212267   0.428374   -0.226681
0.196957   0.422457   -0.258049
0.479884   0.148598   -0.46793
-0.241651   -0.454644   0.22976
0.106314   -0.179282   -0.354392
0.273571   0.176963   0.46682
0.303603   0.131209   -0.294643
-0.207672   0.474765   -0.0344137
0.398647   -0.120341   -0.0778105
0.248224   0.400297   -0.488126
0.453548   -0.248204   0.298572
-0.483214   0.0667073   -0.233761
-0.0933662   0.0706093   0.21695
-0.0986877   -0.128387   0.329519
0.00258895   -0.0478965   -0.151086
-0.378571   -0.232111   0.441475
0.129224   0.236953   -0.322
0.157122   0.317223   0.323307
-0.313425   -0.0442599   -0.49039
-0.0992865   -0.180251   -0.441938
-0.216807   0.224932   0.270223
-0.190091   -0.136134   -0.119824
0.389901   -0.443795   -0.00340843
-0.277647   0.290683   -0.0745101
0.356475   -0.293563   -0.196981
-0.0135965   0.395554   0.484941
0.387029   0.45728   -0.196932
0.0487814   0.140422   -0.00355542
-0.200506   -0.307822   0.417455
0.0309981   0.242713   0.169138
-0.452086   0.246166   0.023218
-0.255005   0.0821666   -0.14791
0.167318   0.328432   -0.0777329
-0.0451397   -0.245382   -0.0225882
0.0155159   0.316302   -0.192879
0.411418   0.481805   0.334545
0.404382   0.247683   -0.121962
0.300163   -0.0397305   0.149924
0.275566   -0.370518   -0.409492
0.146849   -0.445112   -0.0578141
-0.220984   -0.314338   0.0746851
-0.475521   -0.0708963   0.319949
-0.105914   -0.448928   -0.357058
-0.346084   0.201939   0.422863
-0.109192   0.0281919   0.0202398
-0.418755   0.470089   -0.0260761
0.450361   -0.489551   -0.424326
-0.0125406   0.375167   0.00686081
-0.389217   0.352551   -0.243695
-0.270726   -0.336812   -0.142697
-0.46153   0.164797   0.217862
-0.407408   -0.445454   0.378211
0.427696   -0.233566   0.0998611
0.189355   0.139648   -0.119988
-0.463735   -0.361878   -0.268372
-0.0179793   -0.126532   0.126974
0.0806336   0.112459   0.346785
-0.10957   0.400969   0.212696
0.343141   0.0314765   0.351187
-0.454473   -0.0836686   0.110156
-0.344712   -0.225447   0.235679
0.318196   -0.397655   0.184131
0.436961   -0.0443844   -0.479693
-0.297179   0.154173   -0.370972
0.17636   -0.0666172   -0.0049105
-0.244248   0.445769   0.408267
-0.492115   0.0562188   -0.0138079
0.168944   -0.45535   0.408543
0.354791   0.28069   0.255393
0.425362   0.293639   -0.338278
0.147275   -0.261952   0.0645561
-0.38326   -0.0699796   -0.114713
0.434548   -0.249859   -0.451704
-0.305058   0.386458   0.115639
-0.42106   0.367473   0.295375
0.0782233   -0.358976   0.221794
-0.0982062   0.107062   -0.482268
-0.388692   0.358948   -0.452508
-0.299918   0.099837   0.0772245
-0.218351   -0.113467   0.124892
-0.0883443   0.302674   -0.37905
-0.494385   -0.133019   -0.300748
-0.139676   0.223208   0.0595978
-0.0747889   0.140814   -0.236262
0.32518   -0.0674441   -0.29515
-0.289845   -0.262995   -0.362632
-0.0474827   -0.453204   -0.154372
0.261167   0.174112   0.0779338
-0.188412   -0.0270258   -0.302605
-0.0466231   -0.216733   -0.234779
-0.0814236   -0.430382   0.315139
0.166686   -0.173805   -0.162085
0.124322   0.0425747   0.151556
