-0.368813   0.380254   0.427614
-0.215625   -0.441819   0.424305
-0.380776   -0.452779   -0.409268
-0.202387   0.404448   -0.386999
-0.0482887   0.379504   0.438714
0.109506   -0.45008   0.427871
-0.0549752   -0.433495   -0.391912
0.122066   0.383282   -0.395043
0.29224   0.395992   0.452189
0.454374   -0.431255   0.442706
0.287426   -0.432506   -0.387199
0.439051   0.392801   -0.374068
-0.364495   -0.272894   0.41352
-0.199746   -0.105992   0.438776
-0.386588   -0.108387   -0.393117
-0.218192   -0.259802   -0.406218
-0.0571649   -0.26719   0.441198
0.122494   -0.104008   0.446435
-0.0377039   -0.0961091   -0.40265
0.109031   -0.268507   -0.410226
0.280727   -0.274491   0.435954
0.450342   -0.12322   0.438121
0.286857   -0.0974638   -0.392667
0.44701   -0.279083   -0.373385
-0.377642   0.0502563   0.438169
-0.221015   0.226839   0.438764
-0.396946   0.227597   -0.409328
-0.218703   0.0614098   -0.399557
-0.0456249   0.0588548   0.436416
0.124054   0.227022   0.438693
-0.0463622   0.216908   -0.403038
0.137462   0.0691455   -0.394967
0.286792   0.0630563   0.437938
0.451656   0.223733   0.441527
0.291768   0.232628   -0.400671
0.454093   0.0464534   -0.39534
-0.372744   0.39743   -0.236047
-0.219658   -0.43332   -0.227448
-0.369133   -0.442421   -0.0506722
-0.209582   0.388763   -0.0799745
-0.032206   0.387337   -0.219365
0.140607   -0.438363   -0.218596
-0.0278728   -0.447023   -0.0902892
0.130519   0.402621   -0.0708515
0.279847   0.391879   -0.227829
0.450884   -0.44739   -0.220907
0.278993   -0.425475   -0.0597326
0.460603   0.385051   -0.0493968
-0.373659   -0.270676   -0.241709
-0.218371   -0.102709   -0.235911
-0.376984   -0.114643   -0.0584828
-0.218718   -0.278045   -0.0610635
-0.0516742   -0.275195   -0.241478
0.119895   -0.0876219   -0.231703
-0.0585835   -0.111596   -0.0793813
0.112355   -0.258182   -0.0802022
0.288392   -0.263997   -0.237637
0.458281   -0.112481   -0.228007
0.293905   -0.103517   -0.0574427
0.461553   -0.274031   -0.0491405
-0.38106   0.0579362   -0.232537
-0.212647   0.225237   -0.243341
-0.381357   0.22411   -0.0749047
-0.224598   0.0593556   -0.0791458
-0.0485427   0.0677998   -0.232004
0.131104   0.228804   -0.217821
-0.0515911   0.211489   -0.0682366
0.114181   0.0661002   -0.0650723
0.299925   0.0676016   -0.220628
0.450452   0.233154   -0.232287
0.287525   0.226091   -0.0658728
0.455479   0.0668493   -0.0542302
-0.373801   0.386038   0.0972588
-0.204606   -0.443682   0.0948019
-0.367454   -0.455086   0.265087
-0.211602   0.37582   0.259573
-0.0408955   0.396214   0.0879532
0.136667   -0.431504   0.118119
-0.0554504   -0.445091   0.268334
0.105498   0.401676   0.267227
0.286538   0.379347   0.110603
0.442518   -0.448606   0.104025
0.28611   -0.43849   0.273918
0.443894   0.399298   0.273422
-0.357722   -0.270859   0.110803
-0.203261   -0.109306   0.106737
-0.382138   -0.0993042   0.274581
-0.20301   -0.264537   0.261864
-0.0447723   -0.276104   0.0876377
0.115357   -0.100026   0.0868826
-0.0454673   -0.0943253   0.274905
0.105125   -0.275219   0.273808
0.278645   -0.272719   0.106453
0.452134   -0.103615   0.124177
0.27695   -0.105465   0.267667
0.450049   -0.287637   0.27373
-0.365577   0.0576753   0.103144
-0.201682   0.203354   0.102657
-0.370519   0.202117   0.26503
-0.215959   0.047269   0.270998
-0.0359037   0.0470614   0.10785
0.122132   0.229847   0.10546
-0.0402022   0.21156   0.26372
0.132747   0.0578992   0.262738
0.293827   0.0629107   0.0981061
0.44788   0.22046   0.11924
0.285158   0.23406   0.277736
0.453165   0.0629384   0.286142
