# T, L_min
5 25.8767
4.99002 23.0283
4.98004 23.0283
4.97006 23.0283
4.96008 23.0283
4.9501 23.0283
4.94012 23.0283
4.93014 23.0283
4.92016 23.0283
4.91018 23.0283
4.9002 23.0283
4.89022 23.0283
4.88024 23.0283
4.87026 23.0283
4.86028 23.0283
4.8503 23.0283
4.84032 23.0283
4.83034 23.0283
4.82036 23.0283
4.81038 23.0283
4.8004 23.0283
4.79042 23.0283
4.78044 23.0283
4.77046 23.0283
4.76048 23.0283
4.7505 23.0283
4.74052 23.0283
4.73054 23.0283
4.72056 23.0283
4.71058 23.0283
4.7006 23.0283
4.69062 23.0283
4.68064 23.0283
4.67066 23.0283
4.66068 23.0283
4.6507 23.0283
4.64072 23.0283
4.63074 23.0283
4.62076 23.0283
4.61078 23.0283
4.6008 23.0283
4.59082 23.0283
4.58084 23.0283
4.57086 23.0283
4.56088 23.0283
4.5509 23.0283
4.54092 23.0283
4.53094 23.0283
4.52096 23.0283
4.51098 23.0283
4.501 21.9786
4.49102 21.9786
4.48104 21.9786
4.47106 21.9786
4.46108 21.9786
4.4511 21.9786
4.44112 21.9786
4.43114 21.9786
4.42116 21.9786
4.41118 21.9786
4.4012 21.9786
4.39122 21.9786
4.38124 21.9786
4.37126 21.9786
4.36128 21.9786
4.3513 21.9786
4.34132 21.9786
4.33134 21.9786
4.32136 21.9786
4.31138 21.9786
4.3014 21.9786
4.29142 21.9786
4.28144 21.9786
4.27146 21.9786
4.26148 21.9786
4.2515 21.9786
4.24152 21.9786
4.23154 21.9786
4.22156 21.9786
4.21158 21.9786
4.2016 21.9786
4.19162 21.5537
4.18164 21.5537
4.17166 21.5537
4.16168 21.5537
4.1517 21.5537
4.14172 21.5537
4.13174 21.5537
4.12176 21.5537
4.11178 21.5537
4.1018 21.5537
4.09182 21.5537
4.08184 21.5537
4.07186 21.5537
4.06188 21.5537
4.0519 21.5537
4.04192 21.5537
4.03194 21.5537
4.02196 21.5537
4.01198 21.5537
4.002 21.5537
3.99202 21.5537
3.98204 21.5537
3.97206 21.5537
3.96208 21.5537
3.9521 21.5537
3.94212 21.5537
3.93214 21.5537
3.92216 21.5537
3.91218 21.5537
3.9022 21.5537
3.89222 21.5537
3.88224 21.5537
3.87226 21.5537
3.86228 21.5537
3.8523 20.9338
3.84232 20.9338
3.83234 20.9338
3.82236 20.9338
3.81238 20.9338
3.8024 20.9338
3.79242 20.9338
3.78244 20.9338
3.77246 20.9338
3.76248 20.9338
3.7525 20.9338
3.74252 20.9338
3.73254 20.9338
3.72256 20.9338
3.71258 20.9338
3.7026 20.9338
3.69262 20.9338
3.68264 20.9338
3.67266 20.9338
3.66268 20.9338
3.6527 20.9338
3.64272 20.9338
3.63274 20.9338
3.62276 20.9338
3.61278 20.9338
3.6028 20.9338
3.59282 20.9338
3.58284 20.9338
3.57286 20.9338
3.56288 20.9338
3.5529 20.9338
3.54292 20.9338
3.53294 20.9338
3.52296 20.9338
3.51298 20.9338
3.503 20.9338
3.49302 20.9338
3.48304 20.9338
3.47306 20.9338
3.46308 20.9338
3.4531 20.9338
3.44312 20.9338
3.43314 20.9338
3.42316 20.9338
3.41318 20.9338
3.4032 20.9338
3.39322 20.9338
3.38324 20.9338
3.37326 20.9338
3.36328 20.9338
3.3533 20.9338
3.34332 20.9338
3.33334 20.9338
3.32336 20.9338
3.31338 20.9338
3.3034 20.9338
3.29342 20.9338
3.28344 20.9338
3.27346 20.9338
3.26348 20.9338
3.2535 20.9338
3.24352 20.9338
3.23354 20.9338
3.22356 20.9338
3.21358 20.9338
3.2036 20.9338
3.19362 20.9338
3.18364 20.9338
3.17366 20.9338
3.16368 20.9338
3.1537 20.9338
3.14372 20.52
3.13374 20.52
3.12376 20.52
3.11378 20.52
3.1038 20.52
3.09382 20.52
3.08384 20.52
3.07386 20.52
3.06388 20.52
3.0539 20.52
3.04392 20.52
3.03394 20.52
3.02396 20.52
3.01398 20.52
3.004 20.52
2.99402 20.52
2.98404 20.52
2.97406 20.52
2.96408 20.52
2.9541 20.52
2.94412 20.52
2.93414 20.52
2.92416 20.52
2.91418 20.52
2.9042 20.52
2.89422 20.52
2.88424 20.52
2.87426 20.52
2.86428 20.52
2.8543 20.52
2.84432 20.52
2.83434 20.52
2.82436 20.52
2.81438 20.52
2.8044 20.52
2.79442 20.52
2.78444 20.52
2.77446 20.52
2.76448 20.52
2.7545 20.52
2.74452 20.52
2.73454 20.52
2.72456 20.52
2.71458 20.52
2.7046 20.52
2.69462 20.52
2.68464 20.52
2.67466 20.52
2.66468 20.52
2.6547 20.52
2.64472 20.52
2.63474 20.52
2.62476 20.52
2.61478 20.52
2.6048 20.52
2.59482 20.52
2.58484 20.52
2.57486 20.52
2.56488 20.52
2.5549 20.52
2.54492 20.52
2.53494 20.52
2.52496 20.52
2.51498 20.52
2.505 20.52
2.49502 20.52
2.48504 20.52
2.47506 20.52
2.46508 20.52
2.4551 20.52
2.44512 20.52
2.43514 20.52
2.42516 20.52
2.41518 20.52
2.4052 20.52
2.39522 20.52
2.38524 20.52
2.37526 20.52
2.36528 20.52
2.3553 20.52
2.34532 20.52
2.33534 20.52
2.32536 20.52
2.31538 20.52
2.3054 20.52
2.29542 18.7111
2.28544 18.7111
2.27546 18.7111
2.26548 18.7111
2.2555 18.7111
2.24552 18.7111
2.23554 18.7111
2.22556 18.7111
2.21558 18.7111
2.2056 18.7111
2.19562 18.7111
2.18564 18.7111
2.17566 18.7111
2.16568 18.7111
2.1557 18.7111
2.14572 18.7111
2.13574 18.7111
2.12576 18.7111
2.11578 18.7111
2.1058 18.7111
2.09582 18.7111
2.08584 18.7111
2.07586 18.7111
2.06588 18.7111
2.0559 18.7111
2.04592 18.7111
2.03594 18.7111
2.02596 18.7111
2.01598 18.7111
2.006 18.7111
1.99602 18.7111
1.98604 18.7111
1.97606 18.7111
1.96608 18.7111
1.9561 18.7111
1.94612 18.7111
1.93614 18.7111
1.92616 18.7111
1.91618 18.7111
1.9062 18.7111
1.89622 18.7111
1.88624 18.7111
1.87626 18.7111
1.86628 18.7111
1.8563 18.7111
1.84632 18.7111
1.83634 18.7111
1.82636 18.7111
1.81638 18.7111
1.8064 18.7111
1.79642 18.7111
1.78644 18.7111
1.77646 18.7111
1.76648 18.7111
1.7565 18.7111
1.74652 18.7111
1.73654 18.7111
1.72656 18.7111
1.71658 18.7111
1.7066 18.7111
1.69662 18.7111
1.68664 18.7111
1.67666 18.7111
1.66668 18.7111
1.6567 18.7111
1.64672 18.7111
1.63674 18.7111
1.62676 18.7111
1.61678 18.7111
1.6068 18.7111
1.59682 18.7111
1.58684 18.7111
1.57686 18.7111
1.56688 18.7111
1.5569 18.7111
1.54692 18.7111
1.53694 18.7111
1.52696 18.7111
1.51698 18.7111
1.507 18.7111
1.49702 18.7111
1.48704 18.7111
1.47706 18.7111
1.46708 18.7111
1.4571 18.7111
1.44712 18.7111
1.43714 18.7111
1.42716 18.7111
1.41718 18.7111
1.4072 18.7111
1.39722 18.3644
1.38724 18.3644
1.37726 18.3644
1.36728 18.3644
1.3573 18.3644
1.34732 18.3644
1.33734 18.3644
1.32736 18.3644
1.31738 17.291
1.3074 17.291
1.29742 17.291
1.28744 15.1912
1.27746 15.1912
1.26748 15.1912
1.2575 15.1912
1.24752 15.1912
1.23754 15.1912
1.22756 15.1912
1.21758 15.1912
1.2076 15.1912
1.19762 15.1912
1.18764 15.1912
1.17766 15.1912
1.16768 15.1912
1.1577 15.1912
1.14772 15.1912
1.13774 15.1912
1.12776 15.1912
1.11778 15.1912
1.1078 15.1912
1.09782 15.1912
1.08784 15.1912
1.07786 15.1912
1.06788 15.1912
1.0579 15.1912
1.04792 15.1912
1.03794 15.1912
1.02796 15.1912
1.01798 15.1912
1.008 15.1912
0.99802 15.1912
0.98804 15.1912
0.97806 15.1912
0.96808 15.1912
0.9581 15.1912
0.94812 15.1912
0.93814 15.1912
0.92816 15.1912
0.91818 15.1912
0.9082 15.1912
0.89822 15.1912
0.88824 15.1912
0.87826 15.1912
0.86828 15.1912
0.8583 15.1912
0.84832 15.1912
0.83834 15.1912
0.82836 15.1912
0.81838 15.1912
0.8084 15.1912
0.79842 15.1912
0.78844 15.1912
0.77846 15.1912
0.76848 14.4569
0.7585 14.4569
0.74852 14.4569
0.73854 14.4569
0.72856 14.4569
0.71858 14.4569
0.7086 14.4569
0.69862 14.4569
0.68864 14.4569
0.67866 13.6272
0.66868 13.6272
0.6587 13.6272
0.64872 13.6272
0.63874 13.6272
0.62876 13.6272
0.61878 13.6272
0.6088 13.6272
0.59882 13.6272
0.58884 13.6272
0.57886 13.3958
0.56888 13.1642
0.5589 13.1642
0.54892 13.1642
0.53894 13.1642
0.52896 13.1642
0.51898 12.354
0.509 12.354
0.49902 12.354
0.48904 12.354
0.47906 12.354
0.46908 11.0715
0.4591 11.0715
0.44912 11.0715
0.43914 11.0715
0.42916 10.5178
0.41918 10.5178
0.4092 10.5178
0.39922 10.5178
0.38924 10.3779
0.37926 9.22081
0.36928 9.22081
0.3593 9.22081
0.34932 9.14601
0.33934 9.14601
0.32936 9.14601
0.31938 8.25827
0.3094 8.25827
0.29942 8.25827
0.28944 8.25827
0.27946 8.25827
0.26948 8.25827
0.2595 8.25827
0.24952 8.25827
0.23954 8.04486
0.22956 8.04486
0.21958 6.86845
0.2096 6.86845
0.19962 6.86845
0.18964 6.86845
0.17966 6.86845
0.16968 6.39619
0.1597 6.39619
0.14972 6.39619
0.13974 6.39619
0.12976 6.39619
0.11978 6.39619
0.1098 6.20103
0.09982 6.20103
0.08984 6.20103
0.07986 6.20103
0.06988 6.20103
0.0599 6.20103
0.04992 6.20103
0.03994 6.20103
0.02996 6.20103
0.01998 6.20103
0.01 6.20103
