# T, L_min
5 12.447
4.99002 12.4005
4.98004 12.4005
4.97006 12.4005
4.96008 12.3207
4.9501 12.3207
4.94012 12.3207
4.93014 11.2101
4.92016 11.2101
4.91018 11.2101
4.9002 11.2101
4.89022 11.2101
4.88024 11.2101
4.87026 11.2101
4.86028 11.2101
4.8503 11.2101
4.84032 11.2101
4.83034 11.2101
4.82036 11.2101
4.81038 11.2101
4.8004 11.2101
4.79042 11.2101
4.78044 11.2101
4.77046 11.2101
4.76048 11.2101
4.7505 11.2101
4.74052 11.2101
4.73054 11.2101
4.72056 11.2101
4.71058 11.2101
4.7006 11.2101
4.69062 11.2101
4.68064 11.2101
4.67066 11.2101
4.66068 11.2101
4.6507 11.2101
4.64072 11.2101
4.63074 11.2101
4.62076 11.2101
4.61078 11.2101
4.6008 11.2101
4.59082 11.2101
4.58084 11.2101
4.57086 11.2101
4.56088 11.2101
4.5509 11.2101
4.54092 11.2101
4.53094 11.2101
4.52096 11.2101
4.51098 11.2101
4.501 11.2101
4.49102 11.2101
4.48104 11.2101
4.47106 11.2101
4.46108 11.2101
4.4511 11.2101
4.44112 11.2101
4.43114 11.2101
4.42116 11.2101
4.41118 11.2101
4.4012 11.2101
4.39122 11.2101
4.38124 11.2101
4.37126 11.2101
4.36128 11.2101
4.3513 11.2101
4.34132 11.2101
4.33134 11.2101
4.32136 11.2101
4.31138 11.2101
4.3014 11.2101
4.29142 11.2101
4.28144 11.2101
4.27146 11.2101
4.26148 11.2101
4.2515 11.2101
4.24152 11.2101
4.23154 11.2101
4.22156 11.2101
4.21158 11.2101
4.2016 11.2101
4.19162 11.2101
4.18164 11.2101
4.17166 11.2101
4.16168 11.2101
4.1517 11.2101
4.14172 11.2101
4.13174 11.2101
4.12176 11.2101
4.11178 11.2101
4.1018 11.2101
4.09182 11.2101
4.08184 11.2101
4.07186 11.2101
4.06188 11.2101
4.0519 11.2101
4.04192 11.2101
4.03194 11.2101
4.02196 11.2101
4.01198 11.2101
4.002 11.2101
3.99202 11.2101
3.98204 11.2101
3.97206 11.2101
3.96208 11.2101
3.9521 11.2101
3.94212 11.2101
3.93214 11.2101
3.92216 11.2101
3.91218 11.2101
3.9022 11.2101
3.89222 11.2101
3.88224 11.2101
3.87226 11.2101
3.86228 11.2101
3.8523 11.2101
3.84232 11.2101
3.83234 11.2101
3.82236 11.2101
3.81238 11.2101
3.8024 11.2101
3.79242 11.2101
3.78244 11.2101
3.77246 11.2101
3.76248 11.2101
3.7525 11.2101
3.74252 11.2101
3.73254 11.2101
3.72256 10.6455
3.71258 10.6455
3.7026 10.6455
3.69262 10.6455
3.68264 10.6455
3.67266 10.6455
3.66268 10.6455
3.6527 10.6455
3.64272 10.6455
3.63274 10.6455
3.62276 10.6455
3.61278 10.6455
3.6028 10.6455
3.59282 10.6455
3.58284 10.6455
3.57286 10.6455
3.56288 10.6455
3.5529 10.6455
3.54292 10.6455
3.53294 10.6455
3.52296 10.6455
3.51298 10.6455
3.503 10.6455
3.49302 10.6455
3.48304 10.6455
3.47306 10.6455
3.46308 10.6455
3.4531 10.6455
3.44312 10.6455
3.43314 10.6455
3.42316 10.6455
3.41318 10.6455
3.4032 10.6455
3.39322 10.6455
3.38324 10.6455
3.37326 10.6455
3.36328 10.6455
3.3533 10.6455
3.34332 10.6455
3.33334 10.6455
3.32336 10.6455
3.31338 10.6455
3.3034 10.6455
3.29342 10.6455
3.28344 10.6455
3.27346 10.6455
3.26348 10.6455
3.2535 10.6455
3.24352 10.6455
3.23354 10.6455
3.22356 10.6455
3.21358 10.6455
3.2036 10.6455
3.19362 10.6455
3.18364 10.6455
3.17366 10.6455
3.16368 10.6455
3.1537 10.6455
3.14372 10.6455
3.13374 10.6455
3.12376 10.6455
3.11378 10.6455
3.1038 10.6455
3.09382 10.6455
3.08384 10.6455
3.07386 10.6455
3.06388 10.6455
3.0539 10.6455
3.04392 10.6455
3.03394 10.6455
3.02396 10.6455
3.01398 10.6455
3.004 10.6455
2.99402 10.6455
2.98404 10.6455
2.97406 10.6455
2.96408 10.6455
2.9541 10.6455
2.94412 10.6455
2.93414 10.6455
2.92416 10.6455
2.91418 10.6455
2.9042 10.6455
2.89422 10.6455
2.88424 10.6455
2.87426 10.6455
2.86428 10.6455
2.8543 10.6455
2.84432 10.6455
2.83434 10.6455
2.82436 10.6455
2.81438 10.6455
2.8044 10.6455
2.79442 10.6455
2.78444 10.5372
2.77446 10.5372
2.76448 10.5372
2.7545 10.5372
2.74452 10.5372
2.73454 10.5372
2.72456 10.5372
2.71458 10.5372
2.7046 10.5372
2.69462 10.5372
2.68464 10.5372
2.67466 10.5372
2.66468 10.5372
2.6547 10.5372
2.64472 10.5372
2.63474 10.5372
2.62476 10.5372
2.61478 10.5372
2.6048 10.5372
2.59482 10.5372
2.58484 10.5372
2.57486 10.5372
2.56488 10.5372
2.5549 10.5372
2.54492 10.5372
2.53494 10.5372
2.52496 10.5372
2.51498 10.5372
2.505 10.5372
2.49502 10.5372
2.48504 10.5372
2.47506 10.5372
2.46508 10.5372
2.4551 10.5372
2.44512 10.5372
2.43514 10.5372
2.42516 10.5372
2.41518 10.5372
2.4052 10.5372
2.39522 10.5372
2.38524 10.5372
2.37526 10.5372
2.36528 10.5372
2.3553 10.5372
2.34532 10.5372
2.33534 10.5372
2.32536 10.5372
2.31538 10.5372
2.3054 10.5372
2.29542 10.5372
2.28544 10.5372
2.27546 10.5372
2.26548 10.5372
2.2555 10.5372
2.24552 10.5372
2.23554 10.5372
2.22556 10.5372
2.21558 10.5372
2.2056 10.5372
2.19562 10.5372
2.18564 10.5372
2.17566 10.5372
2.16568 10.5372
2.1557 10.5372
2.14572 10.5372
2.13574 10.5372
2.12576 10.5372
2.11578 10.5372
2.1058 10.5372
2.09582 10.5372
2.08584 10.5372
2.07586 10.5372
2.06588 10.5372
2.0559 10.5372
2.04592 10.5372
2.03594 10.5372
2.02596 10.5372
2.01598 10.5372
2.006 10.5372
1.99602 10.5372
1.98604 10.5372
1.97606 10.5372
1.96608 10.5372
1.9561 10.5372
1.94612 10.5372
1.93614 10.5372
1.92616 10.5372
1.91618 10.5372
1.9062 10.5372
1.89622 10.5372
1.88624 10.5372
1.87626 10.5372
1.86628 10.5372
1.8563 10.5372
1.84632 10.5372
1.83634 10.5372
1.82636 10.5372
1.81638 10.5372
1.8064 10.5372
1.79642 10.5372
1.78644 10.5372
1.77646 10.5372
1.76648 10.5372
1.7565 10.5372
1.74652 10.5372
1.73654 10.5372
1.72656 10.5372
1.71658 10.5372
1.7066 10.5372
1.69662 10.5372
1.68664 10.5372
1.67666 10.5372
1.66668 10.5372
1.6567 10.5372
1.64672 10.5372
1.63674 10.5372
1.62676 10.5372
1.61678 10.5372
1.6068 10.5372
1.59682 10.5372
1.58684 10.5372
1.57686 10.5372
1.56688 10.5372
1.5569 10.5372
1.54692 10.5372
1.53694 10.5372
1.52696 10.5372
1.51698 10.5372
1.507 10.5372
1.49702 10.5372
1.48704 10.5372
1.47706 10.5372
1.46708 10.5372
1.4571 10.5372
1.44712 10.5372
1.43714 10.5372
1.42716 10.5372
1.41718 10.5372
1.4072 10.5372
1.39722 10.5372
1.38724 10.5372
1.37726 10.5372
1.36728 10.5372
1.3573 10.5372
1.34732 10.5372
1.33734 10.5372
1.32736 10.5372
1.31738 10.5372
1.3074 10.5372
1.29742 10.5372
1.28744 10.5372
1.27746 10.5372
1.26748 10.5372
1.2575 10.5372
1.24752 10.5372
1.23754 10.5372
1.22756 10.5372
1.21758 10.5372
1.2076 10.5372
1.19762 10.5372
1.18764 10.5372
1.17766 10.5372
1.16768 10.5372
1.1577 10.5372
1.14772 10.5372
1.13774 10.5372
1.12776 10.5372
1.11778 10.5372
1.1078 10.5372
1.09782 10.5372
1.08784 10.5372
1.07786 10.5372
1.06788 10.5372
1.0579 10.5372
1.04792 10.5372
1.03794 10.5372
1.02796 10.5372
1.01798 10.5372
1.008 10.5372
0.99802 10.5372
0.98804 10.5372
0.97806 10.5372
0.96808 10.5372
0.9581 10.5372
0.94812 10.5372
0.93814 10.5372
0.92816 10.5372
0.91818 10.5372
0.9082 10.5372
0.89822 10.5372
0.88824 10.5372
0.87826 10.5372
0.86828 10.5372
0.8583 10.5372
0.84832 10.5372
0.83834 10.5372
0.82836 10.5372
0.81838 10.5372
0.8084 10.5372
0.79842 10.5372
0.78844 10.3661
0.77846 10.3661
0.76848 10.3661
0.7585 10.3661
0.74852 10.3661
0.73854 10.3661
0.72856 10.3661
0.71858 10.3661
0.7086 10.2668
0.69862 10.2668
0.68864 10.2668
0.67866 10.2668
0.66868 10.2668
0.6587 10.2668
0.64872 10.2668
0.63874 10.2668
0.62876 10.2668
0.61878 10.2668
0.6088 10.2668
0.59882 10.2668
0.58884 10.2668
0.57886 10.2668
0.56888 10.2668
0.5589 10.2668
0.54892 10.2668
0.53894 10.2668
0.52896 10.2668
0.51898 10.2668
0.509 10.2668
0.49902 10.2668
0.48904 10.2147
0.47906 10.2147
0.46908 10.0994
0.4591 10.0994
0.44912 10.0994
0.43914 9.71376
0.42916 9.71376
0.41918 9.71376
0.4092 8.68996
0.39922 8.68996
0.38924 8.68996
0.37926 8.68996
0.36928 8.68996
0.3593 8.68996
0.34932 8.68996
0.33934 8.68996
0.32936 8.68996
0.31938 8.68996
0.3094 8.68996
0.29942 8.68996
0.28944 8.68996
0.27946 8.68996
0.26948 8.68996
0.2595 8.468
0.24952 8.468
0.23954 8.468
0.22956 8.37039
0.21958 8.37039
0.2096 7.78536
0.19962 7.78536
0.18964 7.78536
0.17966 7.78536
0.16968 6.9738
0.1597 6.9738
0.14972 6.9738
0.13974 6.90196
0.12976 6.90196
0.11978 6.53477
0.1098 5.92881
0.09982 5.92881
0.08984 5.66446
0.07986 5.66446
0.06988 5.66446
0.0599 5.61634
0.04992 5.47309
0.03994 5.4536
0.02996 5.36036
0.01998 5.34107
0.01 5.34107
