# T, L_min
3 12.3561
2.99401 12.0956
2.98802 11.8279
2.98203 11.8279
2.97604 11.8279
2.97005 11.8279
2.96406 11.8279
2.95807 11.8279
2.95208 11.8279
2.94609 11.8279
2.9401 11.8279
2.93411 11.8279
2.92812 11.8279
2.92213 11.8279
2.91614 11.8279
2.91015 11.8279
2.90416 11.8279
2.89817 11.8279
2.89218 11.8279
2.88619 11.8279
2.8802 11.8279
2.87421 11.8279
2.86822 11.8279
2.86223 11.8279
2.85624 11.8279
2.85025 11.7436
2.84426 11.7436
2.83827 11.7436
2.83228 11.7436
2.82629 11.7436
2.8203 11.7436
2.81431 11.7436
2.80832 11.7436
2.80233 11.7436
2.79634 11.7436
2.79035 11.7436
2.78436 11.7436
2.77837 11.7436
2.77238 11.7436
2.76639 11.7436
2.7604 11.7436
2.75441 11.7436
2.74842 11.7436
2.74243 11.7436
2.73644 11.7436
2.73045 11.7436
2.72446 11.7436
2.71847 11.7436
2.71248 11.7436
2.70649 11.7436
2.7005 11.7436
2.69451 11.7436
2.68852 11.7436
2.68253 11.7436
2.67654 11.7436
2.67055 11.7436
2.66456 11.7436
2.65857 11.7436
2.65258 11.7436
2.64659 11.7436
2.6406 11.7436
2.63461 11.7436
2.62862 11.7436
2.62263 11.7436
2.61664 11.7436
2.61065 11.7436
2.60466 11.7436
2.59867 11.7436
2.59268 11.7436
2.58669 11.7436
2.5807 11.7436
2.57471 11.7436
2.56872 11.7436
2.56273 11.7436
2.55674 11.7436
2.55075 11.7436
2.54476 11.7436
2.53877 11.7436
2.53278 11.7436
2.52679 11.7436
2.5208 11.7436
2.51481 11.7436
2.50882 11.7436
2.50283 11.2846
2.49684 11.2846
2.49085 11.2846
2.48486 11.2846
2.47887 11.2846
2.47288 11.2846
2.46689 11.2846
2.4609 11.2846
2.45491 11.2846
2.44892 11.2846
2.44293 11.2846
2.43694 11.2846
2.43095 11.2846
2.42496 11.2846
2.41897 11.2846
2.41298 11.2846
2.40699 11.2846
2.401 11.2846
2.39501 11.2846
2.38902 11.2846
2.38303 11.2846
2.37704 11.2846
2.37105 11.2846
2.36506 11.2846
2.35907 11.2846
2.35308 11.2846
2.34709 11.2846
2.3411 11.2846
2.33511 11.2846
2.32912 11.2846
2.32313 11.2846
2.31714 11.2846
2.31115 11.2846
2.30516 11.2846
2.29917 11.2846
2.29318 11.2846
2.28719 11.2846
2.2812 11.2846
2.27521 11.2846
2.26922 11.2846
2.26323 11.2846
2.25724 11.2846
2.25125 11.2846
2.24526 11.2846
2.23927 11.2846
2.23328 11.2846
2.22729 11.2846
2.2213 10.7464
2.21531 10.7464
2.20932 10.7464
2.20333 10.7464
2.19734 10.7464
2.19135 10.7464
2.18536 10.7464
2.17937 10.7464
2.17338 10.7464
2.16739 10.7464
2.1614 10.7464
2.15541 10.7464
2.14942 10.7464
2.14343 10.7464
2.13744 10.7464
2.13145 10.7464
2.12546 10.7464
2.11947 10.7464
2.11348 10.7464
2.10749 10.7464
2.1015 10.7464
2.09551 10.7464
2.08952 10.7464
2.08353 10.7464
2.07754 10.7464
2.07155 10.7464
2.06556 10.7464
2.05957 10.7464
2.05358 10.7464
2.04759 10.7464
2.0416 10.7464
2.03561 10.7464
2.02962 10.7464
2.02363 10.7464
2.01764 10.7464
2.01165 10.7464
2.00566 10.7464
1.99967 10.7464
1.99368 10.7464
1.98769 10.7464
1.9817 10.7464
1.97571 10.7464
1.96972 10.7464
1.96373 10.7464
1.95774 10.7464
1.95175 10.7464
1.94576 10.7464
1.93977 10.7464
1.93378 10.7464
1.92779 10.7464
1.9218 10.7464
1.91581 10.7464
1.90982 10.7464
1.90383 10.7464
1.89784 10.7464
1.89185 10.7464
1.88586 10.7464
1.87987 10.7464
1.87388 10.7464
1.86789 10.7464
1.8619 10.7464
1.85591 10.7464
1.84992 10.7464
1.84393 10.7464
1.83794 10.7464
1.83195 10.7464
1.82596 10.7464
1.81997 10.7464
1.81398 10.7464
1.80799 10.7464
1.802 10.7464
1.79601 10.7464
1.79002 10.7464
1.78403 10.7464
1.77804 10.7464
1.77205 10.7464
1.76606 10.7464
1.76007 10.7464
1.75408 10.7464
1.74809 10.7464
1.7421 10.7464
1.73611 10.7464
1.73012 10.7464
1.72413 10.7464
1.71814 10.7464
1.71215 10.7464
1.70616 10.7464
1.70017 10.7464
1.69418 10.7464
1.68819 10.7464
1.6822 10.7464
1.67621 10.7464
1.67022 10.7464
1.66423 10.7464
1.65824 10.7464
1.65225 10.7464
1.64626 10.7464
1.64027 10.7464
1.63428 10.7464
1.62829 10.7464
1.6223 10.7464
1.61631 10.2001
1.61032 10.2001
1.60433 10.2001
1.59834 10.2001
1.59235 10.2001
1.58636 10.2001
1.58037 10.2001
1.57438 10.2001
1.56839 10.2001
1.5624 10.2001
1.55641 10.2001
1.55042 10.2001
1.54443 10.2001
1.53844 10.2001
1.53245 10.2001
1.52646 10.2001
1.52047 10.2001
1.51448 10.2001
1.50849 10.2001
1.5025 10.2001
1.49651 10.2001
1.49052 10.2001
1.48453 10.2001
1.47854 10.2001
1.47255 10.2001
1.46656 10.2001
1.46057 10.2001
1.45458 10.2001
1.44859 10.2001
1.4426 10.2001
1.43661 10.2001
1.43062 10.2001
1.42463 10.2001
1.41864 10.2001
1.41265 10.2001
1.40666 10.2001
1.40067 10.2001
1.39468 10.2001
1.38869 10.2001
1.3827 10.2001
1.37671 10.2001
1.37072 10.2001
1.36473 10.2001
1.35874 10.2001
1.35275 10.2001
1.34676 10.2001
1.34077 10.2001
1.33478 10.2001
1.32879 10.2001
1.3228 10.2001
1.31681 10.2001
1.31082 10.2001
1.30483 10.2001
1.29884 10.2001
1.29285 10.2001
1.28686 10.2001
1.28087 10.2001
1.27488 10.2001
1.26889 10.2001
1.2629 10.2001
1.25691 10.2001
1.25092 10.2001
1.24493 10.2001
1.23894 10.2001
1.23295 10.2001
1.22696 10.2001
1.22097 10.2001
1.21498 10.2001
1.20899 10.2001
1.203 10.2001
1.19701 10.2001
1.19102 10.2001
1.18503 10.2001
1.17904 10.2001
1.17305 10.2001
1.16706 10.2001
1.16107 10.2001
1.15508 10.2001
1.14909 10.2001
1.1431 10.2001
1.13711 10.2001
1.13112 10.2001
1.12513 10.2001
1.11914 10.2001
1.11315 10.2001
1.10716 10.2001
1.10117 10.2001
1.09518 10.2001
1.08919 10.2001
1.0832 10.2001
1.07721 10.2001
1.07122 10.2001
1.06523 10.2001
1.05924 10.2001
1.05325 10.2001
1.04726 10.2001
1.04127 10.2001
1.03528 10.2001
1.02929 10.2001
1.0233 10.2001
1.01731 10.2001
1.01132 10.2001
1.00533 10.2001
0.99934 10.2001
0.99335 10.2001
0.98736 10.2001
0.98137 10.2001
0.97538 10.2001
0.96939 10.2001
0.9634 10.2001
0.95741 10.2001
0.95142 10.2001
0.94543 10.2001
0.93944 10.2001
0.93345 10.2001
0.92746 10.2001
0.92147 10.2001
0.91548 10.2001
0.90949 10.2001
0.9035 10.2001
0.89751 10.2001
0.89152 10.2001
0.88553 10.2001
0.87954 10.2001
0.87355 10.2001
0.86756 10.2001
0.86157 10.2001
0.85558 10.2001
0.84959 10.2001
0.8436 10.2001
0.83761 10.2001
0.83162 10.2001
0.82563 10.2001
0.81964 10.2001
0.81365 10.2001
0.80766 10.2001
0.80167 10.2001
0.79568 10.2001
0.78969 10.2001
0.7837 10.2001
0.77771 10.2001
0.77172 10.2001
0.76573 10.2001
0.75974 10.2001
0.75375 10.2001
0.74776 10.2001
0.74177 10.2001
0.73578 10.2001
0.72979 10.2001
0.7238 10.2001
0.71781 10.2001
0.71182 10.2001
0.70583 10.2001
0.69984 10.1479
0.69385 10.1479
0.68786 10.1479
0.68187 10.1479
0.67588 10.1479
0.66989 10.1479
0.6639 10.1479
0.65791 10.1479
0.65192 10.1479
0.64593 10.1479
0.63994 10.1479
0.63395 10.1479
0.62796 10.1479
0.62197 10.1479
0.61598 10.0719
0.60999 10.0719
0.604 10.0719
0.59801 10.0719
0.59202 10.0719
0.58603 10.0719
0.58004 10.0719
0.57405 9.73109
0.56806 9.73109
0.56207 9.73109
0.55608 9.73109
0.55009 9.73109
0.5441 9.73109
0.53811 9.73109
0.53212 9.73109
0.52613 9.73109
0.52014 9.73109
0.51415 9.73109
0.50816 9.73109
0.50217 9.73109
0.49618 9.73109
0.49019 9.73109
0.4842 9.73109
0.47821 9.73109
0.47222 9.73109
0.46623 9.73109
0.46024 9.73109
0.45425 9.73109
0.44826 9.73109
0.44227 9.73109
0.43628 9.73109
0.43029 9.73109
0.4243 9.47002
0.41831 9.47002
0.41232 9.47002
0.40633 9.47002
0.40034 9.36401
0.39435 9.36401
0.38836 9.36401
0.38237 9.36401
0.37638 9.26811
0.37039 9.26811
0.3644 9.26811
0.35841 9.26811
0.35242 9.26811
0.34643 8.61973
0.34044 8.61973
0.33445 8.61973
0.32846 8.61973
0.32247 8.61973
0.31648 8.61973
0.31049 8.61973
0.3045 8.61973
0.29851 8.61973
0.29252 8.61973
0.28653 8.61973
0.28054 8.61973
0.27455 8.61973
0.26856 8.61973
0.26257 8.04774
0.25658 8.04774
0.25059 8.04774
0.2446 8.04774
0.23861 8.04774
0.23262 8.04774
0.22663 8.04774
0.22064 8.04774
0.21465 8.04774
0.20866 8.04774
0.20267 7.78558
0.19668 7.78558
0.19069 7.76493
0.1847 7.76493
0.17871 7.63578
0.17272 7.63578
0.16673 7.3892
0.16074 7.3892
0.15475 7.3892
0.14876 6.75905
0.14277 6.75905
0.13678 6.75905
0.13079 6.75905
0.1248 6.16574
0.11881 6.16574
0.11282 6.16574
0.10683 5.96427
0.10084 5.96427
0.09485 5.68321
0.08886 5.68321
0.08287 5.68321
0.07688 5.68321
0.07089 5.68321
0.0649 5.46206
0.05891 5.46206
0.05292 5.46206
0.04693 5.46206
0.04094 5.43744
0.03495 5.30151
0.02896 5.30151
0.02297 5.22795
0.01698 5.22795
0.01099 5.22795
