1.10991
1.12009
1.12891
1.13507
1.13742
1.13532
1.12899
1.11946
1.10826
1.09677
1.08574
1.07527
1.06504
1.05463
1.04391
1.03345
1.02439
1.01799
1.01476
1.01432
1.01586
1.01873
1.02269
1.02779
1.03388
1.04048
1.04673
1.05176
1.05498
1.05641
1.05691
1.05786
1.06047
1.06497
1.07059
1.07605
1.08031
1.08286
1.08367
1.08294
1.08094
1.07787
1.07386
1.06904
1.06359
1.05785
1.05226
1.04728
1.04336
1.0407
1.03933
1.03907
1.03969
1.04097
1.04274
1.04488
1.04727
1.04972
1.05198
1.05375
1.05468
1.05443
1.0527
1.04928
1.04416
1.03778
1.03115
1.02588
1.02373
1.02597
1.0327
1.04285
1.05476
1.06674
1.07745
1.08592
1.09157
1.09412
1.09375
1.091
1.08675
1.08192
1.07727
1.07338
1.07066
1.0695
1.0703
1.07331
1.0785
1.08537
1.093
1.10026
1.10598
1.10937
1.11007
1.10831
1.10477
1.10039
1.09614
1.09279
1.09077
1.0902
1.09089
1.09244
1.09434
1.09604
1.09708
1.09714
1.09612
1.09412
1.09141
1.08832
1.08516
1.08214
1.07932
1.07665
1.07405
1.07146
1.06894
1.06657
1.06448
1.06274
1.06137
1.06032
1.05949
1.05875
1.05797
1.05698
1.05569
1.05407
1.0521
1.04989
1.04757
1.04531
1.04327
1.04164
1.04054
1.03999
1.03999
1.04049
1.04148
1.04292
1.04477
1.04689
1.04893
1.05035
1.05053
1.04888
1.04502
1.03896
1.03121
1.0228
1.01517
1.00997
1.00856
1.01164
1.01887
1.02906
1.04061
1.05201
1.06204
1.06984
1.07504
1.07767
1.07825
1.07758
1.07659
1.07606
1.07639
1.07759
1.07931
1.08099
1.08201
1.08182
1.08005
1.07654
1.07141
1.06503
1.05797
1.05088
1.0444
1.0391
1.03545
1.0337
1.03393
1.03597
1.03945
1.04385
1.0486
1.05319
1.05726
1.0607
1.06366
1.06654
1.0699
1.07426
1.07987
1.08664
1.09423
1.10213
1.10975
1.1165
1.12181
1.12511
1.1259
1.12371
1.11814
1.10904
1.09659
1.08154
1.06528
1.04973
1.0369
1.02824
1.02432
1.02478
1.02866
1.03477
1.04199
1.04938
1.05623
1.06215
1.067
1.07086
1.07394
1.07648
1.07866
1.08053
1.08195
1.0826
1.08207
1.08004
1.07638
1.07124
1.06508
1.05846
1.05192
1.04572
1.03997
1.03468
1.03014
1.02696
1.02593
1.02789
1.03338
1.04251
1.05479
1.06919
1.08426
1.09832
1.10979
1.11738
1.12029
1.11822
1.11144
1.10074
1.08736
1.07289
1.05909
1.04758
1.03953
1.03539
1.03491
1.03734
1.04169
1.04701
1.05251
1.0577
1.06225
1.06601
1.06888
1.07075
1.07138
1.07045
1.06762
1.0626
1.05532
1.04601
1.03525
1.02393
1.0131
1.00378
0.996723
0.992252
0.990304
0.990555
0.9926
0.996007
1.0003
1.00493
1.00933
1.01302
1.01573
1.0175
1.01861
1.0194
1.02018
1.02106
1.02206
1.02316
1.02443
1.02606
1.02833
1.03145
1.03552
1.04052
1.04628
1.05255
1.05907
1.06562
1.07202
1.0781
1.08373
1.0887
1.09285
1.09608
1.09851
1.10046
1.10235
1.10459
1.10739
1.1106
1.11381
1.11647
1.11817
1.1188
1.11867
1.11841
1.11878
1.12039
1.12347
1.12784
1.13303
1.13839
1.14318
1.14669
1.14825
1.14739
1.14394
1.13812
1.13051
1.1221
1.11402
1.10742
1.10319
1.10181
1.10316
1.10657
1.11095
1.11511
1.11805
1.1191
1.11797
1.11475
1.10966
1.10302
1.09516
1.0865
1.07758
1.06924
1.06253
1.05845
1.05762
1.06011
1.06541
1.07269
1.08101
1.08952
1.09738
1.10383
1.10807
1.10925
1.10664
1.09975
1.08862
1.07415
1.05829
1.04373
1.03302
1.02736
1.02619
1.02779
1.03045
1.03315
1.03568
1.03836
1.04162
1.04573
1.05074
1.05645
1.06251
1.06852
1.07404
1.07864
1.08195
1.08367
1.08359
1.08159
1.07764
1.07182
1.06431
1.05553
1.04612
1.0371
1.02981
1.0256
1.02534
1.02893
1.03535
1.04316
1.05099
1.05798
1.06372
1.06814
1.07137
1.07363
1.07517
1.07622
1.07697
1.07742
1.07745
1.07671
1.0749
1.07177
1.06728
1.0615
1.05471
1.04737
1.0403
1.03458
1.03132
1.03122
1.03424
1.03965
1.04642
1.05382
1.06164
1.07009
1.07932
1.08903
1.09836
1.10626
1.11186
1.11475
1.11492
1.11269
1.10856
1.1031
1.09685
1.09029
1.08382
1.07772
1.0722
1.06746
1.06373
1.06133
1.06051
1.06142
1.06399
1.06791
1.07262
1.07735
1.08134
1.08396
1.085
1.08486
1.08453
1.08539
1.08865
1.09479
1.10327
1.11284
1.12198
1.1293
1.13363
1.13404
1.12987
1.12085
1.10738
1.09061
1.07254
1.05579
1.04315
1.03687
1.03785
1.04523
1.05697
1.07062
1.08401
1.09551
1.10411
1.10939
1.11141
1.11056
1.10737
1.10238
1.09595
1.08839
1.08007
1.07183
1.06513
1.06172
1.06265
1.06748
1.07437
1.08112
1.08608
1.0885
1.08826
1.08561
1.08088
1.07436
1.06629
1.05701
1.04696
1.03678
1.02722
1.01897
1.01253
1.00808
1.0055
1.0044
1.00436
1.0051
1.00653
1.00876
1.01203
1.01652
1.02218
1.02874
1.03574
1.04261
1.04883
1.05404
1.05811
1.06115
1.06339
1.06509
1.06639
1.06732
1.06789
1.0681
1.06808
1.06801
1.06813
1.0686
1.06942
1.0704
1.0711
1.07102
1.06961
1.06638
1.0611
1.05391
1.04547
1.03689
1.02952
1.02445
1.02209
1.02211
1.02373
1.02611
1.02864
1.031
1.03308
1.03487
1.03638
1.03763
1.03856
1.03913
1.03932
1.03914
1.03866
1.03796
1.03706
1.03593
1.03448
1.03258
1.0302
1.02738
1.02428
1.02121
1.01858
1.01682
1.01633
1.01737
1.02004
1.02427
1.0299
1.03668
1.04434
1.05252
1.06074
1.06849
1.07529
1.0808
1.08492
1.08769
1.0892
1.08944
1.08817
1.08495
1.07926
1.07089
1.06043
1.04969
1.04139
1.03788
1.03969
1.0452
1.05183
1.05737
1.06059
1.0612
1.05959
1.05657
1.05314
1.05026
1.04862
1.04844
1.04952
1.0514
1.05358
1.05574
1.05776
1.0597
1.06166
1.06369
1.06575
1.06775
1.06956
1.07109
1.07231
1.07324
1.07386
1.0741
1.07379
1.0727
1.07069
1.06766
1.06368
1.05897
1.05389
1.04884
1.04421
1.0403
1.03723
1.03497
1.03332
1.03205
1.03105
1.03032
1.03003
1.03042
1.03171
1.03401
1.03731
1.04142
1.04602
1.05057
1.05443
1.05689
1.05736
1.0555
1.05137
1.04534
1.03818
1.03083
1.02423
1.01921
1.01632
1.01588
1.01807
1.02295
1.0305
1.04051
1.05246
1.06548
1.07844
1.09007
1.09918
1.10486
1.10659
1.10439
1.09883
1.09094
1.08211
1.07367
1.06659
1.06129
1.05769
1.0554
1.05395
1.05306
1.05273
1.05326
1.05507
1.05855
1.06374
1.07037
1.07773
1.08494
1.09108
1.09541
1.09756
1.09745
1.0953
1.09154
1.08673
1.08149
1.07645
1.07214
1.06903
1.06744
1.06749
1.0691
1.07195
1.07563
1.07968
1.08369
1.08741
1.09064
1.09317
1.09476
1.09508
1.0939
1.09115
1.08698
1.08172
1.07569
1.0691
1.06198
1.05431
1.04629
1.03842
1.03152
1.02653
1.02427
1.02517
1.02913
1.03552
1.04332
1.05135
1.05852
1.06409
1.06789
1.07027
1.07199
1.07382
1.07622
1.07917
1.08217
1.0846
1.08594
1.08604
1.0852
1.08409
1.08357
1.08435
1.08675
1.09051
1.09487
1.09877
1.1012
1.10136
1.09887
1.09365
1.08596
1.07628
1.06525
1.05371
1.04257
1.03278
1.02516
1.02016
1.01785
1.01791
1.01966
1.02239
1.02543
1.02833
1.03094
1.03341
1.03612
1.03959
1.04427
1.05025
1.05716
1.06425
1.0706
1.07552
1.07858
1.07974
1.07925
1.07751
1.07494
1.07191
1.0686
1.06504
1.06116
1.05688
1.05227
1.04765
1.04354
1.04057
1.03924
1.03986
1.04235
1.04636
1.05129
1.05644
1.06109
1.0647
1.06703
1.06825
1.06886
1.06957
1.07097
1.07334
1.07669
1.0808
1.08534
1.08986
1.09379
1.09653
1.09755
1.09647
1.09312
1.08749
1.07975
1.07021
1.05933
1.04775
1.03626
1.02574
1.01709
1.01092
1.00753
1.00683
1.00847
1.01202
1.01702
1.02306
1.0297
1.03656
1.0433
1.04979
1.0561
1.06249
1.06905
1.07553
1.08139
1.0862
1.08988
1.0926
1.09466
1.09626
1.09754
1.09867
1.09976
1.10076
1.10145
1.10149
1.10042
1.09791
1.09378
1.08813
1.08141
1.07441
1.06821
1.06382
1.06169
1.06138
1.06171
1.06134
1.05929
1.05521
1.04929
1.0422
1.03491
1.02852
1.02412
1.02247
1.02383
1.02779
1.03334
1.03905
1.0434
1.04512
1.0434
1.03804
1.02941
1.01841
1.00639
0.994929
0.985669
0.979975
0.978695
0.981953
0.989113
0.998923
1.0098
1.02025
1.02921
1.03623
1.04145
1.04533
1.04842
1.05116
1.05392
1.05691
1.06025
1.06392
1.06773
1.07145
1.07479
1.07751
1.07939
1.08028
1.08004
1.07863
1.0761
1.0726
1.06837
1.06369
1.05881
1.05391
1.04918
1.04489
1.04147
1.03931
1.03874
1.03983
1.04243
1.04624
1.051
1.05652
1.0628
1.06986
1.07764
1.08596
1.09442
1.10244
1.10933
1.11437
1.11695
1.11668
1.11364
1.10846
1.10229
1.09653
1.09242
1.09055
1.09066
1.09181
1.09288
1.09293
1.09154
1.08878
1.08515
1.08132
1.07798
1.07562
1.07434
1.07385
1.0735
1.07253
1.07027
1.06641
1.06107
1.05478
1.04831
1.04261
1.0385
1.03654
1.03692
1.03943
1.04354
1.04849
1.05351
1.0579
1.06124
1.06356
1.06529
1.06701
1.06903
1.07116
1.07277
1.07321
1.07214
1.06964
1.06607
1.06187
1.05741
1.05285
1.0482
1.0433
1.03801
1.03243
1.02707
