1.09952
1.10035
1.1017
1.10237
1.10117
1.09739
1.09111
1.08326
1.07547
1.06962
1.06716
1.06869
1.07373
1.08108
1.08919
1.09666
1.1024
1.10584
1.10685
1.10576
1.10338
1.10089
1.09975
1.10131
1.10631
1.11456
1.12501
1.13622
1.14685
1.15601
1.16314
1.16794
1.17027
1.17008
1.16745
1.1626
1.15587
1.14772
1.13867
1.12923
1.1199
1.11112
1.10319
1.09625
1.09023
1.08489
1.07979
1.07448
1.06856
1.06194
1.05488
1.04802
1.04212
1.03793
1.03591
1.03613
1.03834
1.04208
1.04685
1.05222
1.05783
1.06347
1.06898
1.07424
1.07928
1.08419
1.08916
1.09431
1.09953
1.10449
1.10861
1.11122
1.11175
1.10987
1.10564
1.09949
1.09223
1.08488
1.07846
1.07376
1.07123
1.07085
1.07221
1.0746
1.0773
1.07969
1.08142
1.08236
1.08254
1.08216
1.08151
1.08106
1.08139
1.08312
1.08667
1.09209
1.09888
1.10613
1.11276
1.11779
1.12065
1.12116
1.11949
1.11602
1.11118
1.10539
1.09895
1.09218
1.08535
1.07877
1.07273
1.06744
1.06296
1.05922
1.05601
1.05312
1.05046
1.04816
1.04666
1.04672
1.04917
1.05464
1.0631
1.07383
1.08551
1.09669
1.10607
1.1127
1.11598
1.11562
1.11164
1.10438
1.09449
1.08297
1.07111
1.06039
1.05221
1.04764
1.04706
1.05011
1.0557
1.06233
1.06847
1.0728
1.07447
1.07313
1.06902
1.06284
1.05569
1.04881
1.04337
1.04014
1.0393
1.04043
1.04271
1.0452
1.04715
1.04817
1.04823
1.04768
1.04711
1.04731
1.04904
1.05275
1.05854
1.06623
1.07551
1.08604
1.09729
1.10852
1.1189
1.12769
1.13441
1.13884
1.14107
1.14137
1.14014
1.13782
1.13479
1.13119
1.12693
1.12175
1.11543
1.10806
1.10026
1.09325
1.0887
1.0882
1.09276
1.1024
1.11617
1.13251
1.14973
1.1664
1.18152
1.19443
1.20467
1.21186
1.21558
1.21543
1.21111
1.20262
1.19039
1.17532
1.15877
1.14207
1.12623
1.11174
1.09876
1.08743
1.07811
1.07132
1.06757
1.06715
1.06996
1.0755
1.08288
1.09103
1.09884
1.10545
1.11034
1.11341
1.11499
1.11568
1.11619
1.11708
1.11859
1.12054
1.12245
1.12365
1.12361
1.12201
1.11892
1.11474
1.11026
1.10652
1.10452
1.10484
1.10738
1.11142
1.11603
1.12048
1.12444
1.12791
1.13096
1.13363
1.13589
1.13767
1.13892
1.13952
1.13926
1.13782
1.13492
1.13047
1.12477
1.11849
1.11244
1.10731
1.10341
1.1007
1.09901
1.09824
1.09833
1.09922
1.10074
1.10256
1.10428
1.10549
1.10587
1.10517
1.10323
1.09995
1.09538
1.08968
1.08317
1.07626
1.0693
1.06257
1.0562
1.05019
1.04456
1.03947
1.03537
1.03298
1.0331
1.0364
1.04305
1.05271
1.06455
1.07755
1.09076
1.10344
1.11519
1.12588
1.13552
1.14421
1.15199
1.15885
1.16468
1.16939
1.17291
1.17523
1.17645
1.17671
1.17612
1.17468
1.17224
1.16857
1.16337
1.15639
1.14748
1.13674
1.12442
1.11101
1.09713
1.0835
1.07089
1.0601
1.05188
1.04699
1.04607
1.04942
1.05692
1.06784
1.08104
1.09522
1.10923
1.12225
1.13377
1.14361
1.15178
1.1584
1.16355
1.16727
1.16944
1.16981
1.16799
1.16354
1.15606
1.1454
1.13175
1.11564
1.09804
1.08009
1.06297
1.04765
1.03484
1.02494
1.01814
1.01457
1.01434
1.01745
1.02357
1.03188
1.04117
1.05016
1.05788
1.06386
1.06803
1.07067
1.07206
1.07239
1.0716
1.06953
1.06613
1.06172
1.05711
1.05351
1.05207
1.05349
1.05772
1.06408
1.07154
1.07908
1.08584
1.09124
1.09496
1.09699
1.09755
1.09713
1.09637
1.096
1.09661
1.09851
1.10166
1.10566
1.10992
1.11388
1.11709
1.11927
1.12021
1.11981
1.11801
1.11481
1.11033
1.10481
1.09861
1.09212
1.08571
1.0796
1.07383
1.0683
1.06289
1.05751
1.05221
1.04715
1.04258
1.03877
1.03597
1.0344
1.03429
1.03588
1.03939
1.04485
1.05201
1.06028
1.06891
1.07719
1.08458
1.09085
1.09592
1.09975
1.10224
1.1032
1.10239
1.09958
1.0946
1.08743
1.07838
1.06822
1.05812
1.04947
1.04349
1.04095
1.04216
1.0471
1.05549
1.06664
1.07947
1.09267
1.10495
1.1153
1.12304
1.12782
1.12956
1.12839
1.12448
1.11806
1.10937
1.09871
1.08642
1.07301
1.05919
1.0459
1.03421
1.02518
1.0196
1.01781
1.01971
1.02484
1.03258
1.04232
1.05344
1.06524
1.07688
1.08735
1.09567
1.10099
1.1028
1.10093
1.09573
1.08816
1.07981
1.07279
1.06916
1.07026
1.07617
1.08573
1.097
1.10794
1.11687
1.12278
1.12533
1.1247
1.12138
1.11597
1.10896
1.10075
1.09159
1.0817
1.07143
1.06134
1.05216
1.04469
1.0395
1.03693
1.03706
1.03981
1.04508
1.0527
1.06243
1.07382
1.08605
1.09804
1.10853
1.11639
1.12082
1.12144
1.11837
1.1122
1.10384
1.09438
1.0849
1.07624
1.0688
1.06263
1.05751
1.05322
1.04962
1.04675
1.04471
1.04351
1.04298
1.04273
1.04237
1.04168
1.04069
1.03973
1.03927
1.0398
1.04163
1.04479
1.04901
1.05375
1.05838
1.06237
1.06536
1.0673
1.06833
1.06875
1.06896
1.0693
1.07006
1.07144
1.07357
1.07646
1.08006
1.08419
1.08857
1.09288
1.09681
1.10015
1.1028
1.10476
1.10605
1.10666
1.10646
1.10524
1.10288
1.09943
1.09511
1.09026
1.08527
1.08049
1.07619
1.07251
1.06951
1.0672
1.06552
1.06446
1.06394
1.06386
1.06407
1.06438
1.0646
1.06465
1.06456
1.06447
1.06458
1.065
1.06558
1.06589
1.06531
1.06324
1.0594
1.05397
1.04758
1.04121
1.03584
1.03222
1.03078
1.03168
1.03496
1.04054
1.04817
1.05733
1.06716
1.07657
1.08452
1.09023
1.09332
1.09379
1.09194
1.08823
1.08322
1.0775
1.07176
1.06667
1.06285
1.06083
1.06089
1.06299
1.06674
1.07148
1.0764
1.08067
1.08362
1.0848
1.08412
1.08183
1.07844
1.07467
1.07114
1.06817
1.06564
1.06309
1.05998
1.05607
1.05163
1.04744
1.04452
1.04375
1.04555
1.0498
1.05595
1.06323
1.07091
1.07838
1.08517
1.09101
1.09577
1.09938
1.10186
1.10327
1.10375
1.10349
1.10266
1.10137
1.09968
1.09769
1.09568
1.09413
1.09374
1.09523
1.09899
1.10485
1.11198
1.11907
1.12468
1.12763
1.12729
1.12361
1.11697
1.10802
1.09755
1.08633
1.07517
1.06483
1.05596
1.04905
1.04435
1.04194
1.04178
1.04372
1.04753
1.05289
1.05943
1.06665
1.07406
1.08111
1.08723
1.09199
1.09512
1.0966
1.09664
1.09559
1.09375
1.09127
1.08821
1.08471
1.08108
1.07784
1.07556
1.07461
1.07495
1.07615
1.07755
1.07851
1.07861
1.07762
1.07553
1.07247
1.06871
1.06472
1.06111
1.05847
1.05711
1.05699
1.05774
1.05893
1.0602
1.06134
1.06219
1.0626
1.06245
1.0617
1.06049
1.05911
1.05798
1.05751
1.05799
1.05954
1.06213
1.06553
1.06938
1.07325
1.07669
1.07934
1.08101
1.08168
1.08148
1.08063
1.07943
1.0782
1.07725
1.07691
1.07749
1.07926
1.08228
1.08633
1.09101
1.09585
1.10045
1.10456
1.10801
1.11055
1.11188
1.11154
1.10903
1.10388
1.09586
1.08506
1.07195
1.05748
1.04296
1.02989
1.01974
1.01362
1.01202
1.01471
1.02092
1.02968
1.04011
1.05156
1.06363
1.07601
1.08835
1.10018
1.11101
1.12037
1.12793
1.1334
1.13662
1.13747
1.13593
1.13219
1.12671
1.12029
1.11395
1.10881
1.10576
1.10525
1.10709
1.11053
1.11452
1.11804
1.12032
1.12105
1.12029
1.11842
1.11593
1.11333
1.11109
1.10954
1.10886
1.10912
1.11022
1.11201
1.11432
1.11696
1.11978
1.12262
1.12538
1.12791
1.13
1.1314
1.13184
1.13105
1.12888
1.12536
1.12072
1.11541
1.11004
1.10523
1.10144
1.09881
1.09714
1.09594
1.09457
1.09245
1.08911
1.08432
1.07804
1.07043
1.06187
1.05293
1.04445
1.03738
1.03254
1.03034
1.03053
1.03234
1.03482
1.03715
1.03878
1.03957
1.03978
1.04008
1.04142
1.04456
1.04946
1.05513
1.06001
1.06274
1.06257
1.05943
1.0538
1.0465
1.03858
1.03123
1.02558
1.02255
1.0228
1.02661
1.03391
1.04427
1.05686
1.07064
1.08449
1.09734
1.10826
1.1166
1.12194
1.12411
1.12322
1.11965
1.11395
1.10688
1.09927
1.09199
1.08584
1.08146
1.0793
1.07962
1.08252
1.08794
1.09559
1.10484
1.11476
1.12422
1.13216
1.13779
1.1407
1.1409
1.13886
1.1355
1.13206
1.1299
1.13005
1.1329
1.13799
1.14413
1.14992
1.15407
1.15574
1.15466
1.15107
1.14569
1.13955
1.13379
1.12941
1.12715
1.12726
1.12951
1.13335
1.13807
1.14304
1.14789
1.15249
1.15693
1.16131
1.16565
1.16986
1.17377
1.17732
1.18057
1.18363
1.18658
1.18942
1.19193
1.19373
1.19432
1.1932
1.18992
1.18419
1.17586
1.16499
1.15179
1.13658
1.11982
1.10213
1.08431
1.06739
1.05262
1.04141
1.03505
1.03421
1.03853
1.04664
1.05665
1.0668
1.0758
1.08286
1.08765
1.09016
1.09066
1.08965
1.08776
1.08567
1.08409
1.08359
1.08453
1.08698
1.09079
1.09564
1.10115
1.10697
1.11285
1.11868
1.12454
1.13064
1.13725
1.14451
1.15225
1.15988
1.16658
1.17138
1.17342
1.17203
1.16684
1.15777
1.1451
1.12952
1.11219
1.09468
1.0788
1.0662
1.05792
1.05406
1.05394
1.05642
1.06043
1.06521
1.07037
1.07575
1.08128
1.08678
1.09196
1.09637
1.09962
1.10145
1.10193
1.10146
1.10066
1.10026
1.10093
1.10323
1.10762
1.11431
1.12315
