32.9616
32.862
32.7766
32.7175
32.6934
32.7058
32.7578
32.8402
32.9407
33.0515
33.1668
33.2821
33.3984
33.5174
33.635
33.7495
33.8483
33.9234
33.9724
33.9938
33.9941
33.9797
33.9513
33.9131
33.8646
33.8135
33.7653
33.7256
33.7
33.6875
33.6802
33.6716
33.6556
33.6259
33.5906
33.5559
33.5315
33.5223
33.5223
33.5362
33.5603
33.5947
33.6381
33.6863
33.7399
33.7941
33.8482
33.895
33.9361
33.9656
33.9832
33.9909
33.989
33.979
33.9627
33.9397
33.9137
33.8868
33.8583
33.8335
33.8129
33.8021
33.8045
33.819
33.8434
33.8764
33.9085
33.9295
33.9269
33.894
33.8287
33.7378
33.6328
33.5288
33.4354
33.3604
33.3068
33.2812
33.2762
33.2932
33.3238
33.3586
33.3961
33.4264
33.4467
33.4544
33.4448
33.4171
33.3714
33.313
33.2498
33.1879
33.1349
33.102
33.0896
33.0955
33.116
33.1428
33.1703
33.1948
33.2093
33.2145
33.2125
33.2036
33.1949
33.1865
33.1841
33.1901
33.2041
33.2242
33.2517
33.2827
33.3131
33.3429
33.3719
33.3998
33.4252
33.4504
33.4743
33.4967
33.5176
33.537
33.5557
33.5733
33.5896
33.6087
33.6278
33.6493
33.6757
33.7063
33.7366
33.7692
33.8035
33.8355
33.8658
33.8924
33.9149
33.9326
33.9448
33.953
33.9576
33.9599
33.9568
33.9554
33.9557
33.9622
33.9791
34.0105
34.0572
34.1192
34.1913
34.2647
34.3271
34.37
34.3806
34.3538
34.2923
34.2064
34.1067
34.0056
33.9127
33.8355
33.7795
33.7429
33.726
33.7233
33.7236
33.7243
33.7237
33.7203
33.7178
33.7172
33.7225
33.7387
33.7663
33.8095
33.8655
33.9283
33.9981
34.0647
34.1228
34.1704
34.2019
34.2156
34.2087
34.1845
34.147
34.0986
34.0426
33.9851
33.9272
33.8704
33.8164
33.7618
33.7015
33.6368
33.564
33.4861
33.4071
33.3264
33.2541
33.1914
33.1463
33.121
33.1216
33.1531
33.215
33.3051
33.4246
33.5634
33.7094
33.8488
33.9663
34.05
34.0965
34.1043
34.0821
34.0386
33.9847
33.9247
33.8673
33.814
33.7677
33.7295
33.6985
33.6742
33.6531
33.6375
33.6268
33.6237
33.631
33.6495
33.6812
33.7224
33.7734
33.8276
33.8832
33.9369
33.9879
34.0347
34.0739
34.0993
34.1066
34.0917
34.0491
33.9791
33.8845
33.7766
33.6675
33.568
33.4906
33.4472
33.443
33.4813
33.5582
33.6708
33.8052
33.9508
34.0942
34.2195
34.32
34.3895
34.4297
34.4435
34.4385
34.4204
34.3959
34.3678
34.3413
34.3165
34.2951
34.2798
34.2721
34.2758
34.2939
34.3273
34.3771
34.4383
34.511
34.586
34.655
34.7117
34.7501
34.7673
34.7646
34.7409
34.7021
34.6525
34.5957
34.5346
34.4764
34.4223
34.3787
34.3403
34.3109
34.283
34.2562
34.2315
34.2083
34.1831
34.1558
34.1256
34.0889
34.0468
33.9962
33.9391
33.8764
33.8091
33.74
33.6729
33.6047
33.5419
33.4826
33.4265
33.3771
33.3332
33.2954
33.2579
33.2221
33.1807
33.1347
33.0844
33.0329
32.9851
32.9419
32.9034
32.8722
32.8381
32.8018
32.7568
32.7028
32.6402
32.5713
32.5056
32.4454
32.3982
32.3673
32.3571
32.3681
32.4008
32.4469
32.5015
32.5542
32.5979
32.6236
32.6285
32.6168
32.5909
32.5602
32.5327
32.5182
32.5206
32.5433
32.5843
32.6468
32.725
32.8129
32.9077
33.0064
33.0979
33.178
33.2347
33.2643
33.2663
33.2443
33.2049
33.157
33.1071
33.0623
33.0314
33.0203
33.0354
33.0812
33.1627
33.2762
33.4143
33.5621
33.7018
33.8115
33.8832
33.9175
33.9288
33.9252
33.9144
33.8986
33.8771
33.8477
33.8079
33.7577
33.6986
33.637
33.5738
33.5142
33.4612
33.4181
33.3874
33.3713
33.3718
33.3876
33.4216
33.4683
33.5257
33.5888
33.6505
33.6992
33.7237
33.721
33.6893
33.6345
33.5673
33.4975
33.4318
33.3737
33.3251
33.2864
33.2554
33.2296
33.2097
33.196
33.1888
33.188
33.197
33.2153
33.2484
33.2923
33.3457
33.4068
33.4719
33.5338
33.5808
33.6081
33.6098
33.586
33.5421
33.4854
33.4212
33.3521
33.2795
33.2049
33.1297
33.0607
33.01
32.9808
32.9761
33.0012
33.0479
33.113
33.1922
33.2798
33.3729
33.4643
33.555
33.6392
33.7151
33.7793
33.8305
33.864
33.8793
33.8788
33.8624
33.8356
33.8052
33.775
33.7502
33.734
33.7241
33.7132
33.6931
33.6556
33.5983
33.5277
33.4521
33.382
33.3282
33.2991
33.3009
33.3389
33.4135
33.5183
33.6447
33.7782
33.8964
33.9803
34.0131
33.9935
33.9237
33.819
33.699
33.5782
33.4735
33.3887
33.3288
33.2963
33.2917
33.3067
33.3398
33.3837
33.4405
33.5029
33.5661
33.6149
33.64
33.635
33.6026
33.5527
33.5012
33.4614
33.4392
33.4354
33.4497
33.4827
33.5313
33.5936
33.6646
33.7437
33.8224
33.8961
33.9605
34.0108
34.0458
34.0664
34.0723
34.069
34.056
34.0327
34.0009
33.9586
33.9053
33.8414
33.7691
33.694
33.6159
33.5449
33.48
33.4255
33.382
33.3458
33.3169
33.2945
33.2796
33.267
33.2631
33.2644
33.2679
33.2729
33.2801
33.2889
33.3014
33.3199
33.3486
33.3904
33.4498
33.5274
33.6237
33.7293
33.8382
33.9395
34.0253
34.0908
34.1393
34.1754
34.2027
34.2244
34.2427
34.2624
34.2813
34.3017
34.322
34.3397
34.3577
34.3748
34.3918
34.4054
34.4167
34.4239
34.4288
34.4285
34.4283
34.4249
34.4184
34.4086
34.3933
34.37
34.3376
34.2922
34.234
34.1626
34.0794
33.985
33.8822
33.7758
33.6684
33.5635
33.4657
33.3797
33.3105
33.2567
33.222
33.2016
33.1997
33.2171
33.2552
33.3174
33.3997
33.5014
33.6063
33.697
33.7559
33.7767
33.7731
33.7603
33.7525
33.7591
33.7843
33.8264
33.8762
33.9269
33.9721
34.0115
34.0379
34.0518
34.0594
34.0583
34.0521
34.0447
34.0332
34.0178
34.0003
33.9781
33.9549
33.9313
33.91
33.8911
33.8778
33.8664
33.8593
33.8597
33.8688
33.8861
33.9119
33.947
33.9888
34.034
34.0763
34.115
34.1446
34.1668
34.1803
34.1911
34.1958
34.1952
34.1906
34.1838
34.1732
34.1583
34.1383
34.1144
34.0875
34.0615
34.0415
34.0307
34.0352
34.0599
34.1058
34.1699
34.2501
34.3408
34.4329
34.5158
34.5867
34.6364
34.6638
34.663
34.6338
34.5782
34.4998
34.4001
34.2854
34.169
34.0617
33.9722
33.9084
33.8756
33.8758
33.9016
33.9463
34.0029
34.0587
34.1058
34.1399
34.1601
34.1654
34.1631
34.1505
34.1313
34.1028
34.0609
34.0067
33.9397
33.8591
33.7751
33.6914
33.6172
33.5549
33.5119
33.4852
33.4746
33.4766
33.4885
33.5046
33.5188
33.529
33.5322
33.5236
33.5043
33.4762
33.437
33.396
33.3504
33.3064
33.2685
33.2349
33.2079
33.1899
33.1825
33.1882
33.2089
33.2416
33.2831
33.3321
33.3845
33.4418
33.5005
33.5596
33.614
33.6549
33.6761
33.6724
33.6387
33.5801
33.4973
33.4014
33.3014
33.2048
33.1193
33.0473
32.9893
32.9405
32.8984
32.8611
32.828
32.8048
32.7936
32.7948
32.8123
32.8406
32.8768
32.9112
32.9404
32.9614
32.9729
32.9827
32.9983
33.03
33.0824
33.1578
33.2557
33.3753
33.5105
33.6594
33.8089
33.9557
34.0885
34.2023
34.2896
34.3524
34.391
34.4109
34.4166
34.4132
34.404
34.3913
34.3747
34.3506
34.3163
34.2723
34.2162
34.1537
34.0894
34.0296
33.9813
33.9459
33.9276
33.9224
33.9288
33.9448
33.9676
33.9938
34.0235
34.0579
34.0934
34.1335
34.1733
34.2063
34.2299
34.2396
34.2329
34.2104
34.1738
34.1259
34.0736
34.0232
33.9778
33.9397
33.9107
33.8831
33.8563
33.8269
33.7925
33.7519
33.7077
33.6637
33.6209
33.5878
33.5642
33.5575
33.5678
33.6002
33.6499
33.717
33.8006
33.8942
33.9925
34.088
34.1753
34.2452
34.2912
34.3115
34.3083
34.2822
34.2355
34.1698
34.0922
34.0088
33.9201
33.8282
33.7385
33.6517
33.5631
33.4786
33.3996
33.3296
33.2723
33.229
33.1981
33.176
33.1628
33.1576
33.1578
33.1645
33.1748
33.1902
33.2151
33.2499
33.2965
33.3567
33.4282
33.5058
33.5859
33.6594
33.7203
33.7662
33.7967
33.8224
33.8522
33.8917
33.9417
34.0036
34.0713
34.135
34.189
34.2254
34.2398
34.2301
34.1989
34.1532
34.1066
34.0696
34.0535
34.0614
34.0971
34.1587
34.2374
34.3253
34.4102
34.4769
34.517
34.5212
34.4904
34.4286
34.3465
34.253
34.1608
34.0795
34.0116
33.9569
33.9152
33.8814
33.8527
33.8249
33.7966
33.7671
33.7331
33.6976
33.6609
33.6282
33.5951
33.5682
33.5473
33.5327
33.5267
33.5265
33.5338
33.5476
33.5634
33.5802
33.5963
33.6122
33.6252
33.6301
33.6253
33.6088
33.5794
33.5428
33.496
33.4419
33.3883
33.3301
33.2701
33.2106
33.1526
33.1005
33.0598
33.0358
33.0323
33.0534
33.1032
33.177
33.2713
33.3769
33.4838
33.5814
33.6634
33.7323
33.7937
33.8541
33.9205
33.9977
34.0848
34.1791
34.2743
34.365
34.4484
34.5235
34.5896
34.6553
34.7227
34.7937
34.871
34.9526
35.0326
35.1076
35.1679
35.2088
35.2257
35.2147
35.1798
35.1269
35.0607
34.9894
34.9172
34.8511
34.7908
34.7371
34.6885
34.6407
34.5988
34.5681
34.5521
34.5507
34.5647
34.5903
34.6255
34.6641
34.7059
34.7497
34.7955
34.8411
34.8877
34.9311
