-3.82162
-3.82207
-3.82177
-3.82192
-3.82253
-3.82162
-3.82192
-3.82222
-3.82147
-3.82101
-3.82132
-3.82101
-3.82056
-3.82071
-3.81981
-3.82026
-3.81995
-3.81965
-3.82056
-3.82056
-3.82026
-3.82056
-3.82011
-3.82041
-3.81965
-3.8195
-3.8195
-3.8192
-3.8195
-3.81996
-3.8192
-3.81874
-3.81965
-3.81905
-3.8189
-3.81799
-3.81784
-3.8192
-3.81784
-3.81739
-3.81663
-3.81663
-3.81738
-3.81708
-3.81723
-3.81663
-3.81693
-3.81617
-3.81723
-3.81784
-3.81799
-3.81859
-3.81889
-3.81905
-3.81935
-3.81889
-3.81905
-3.81995
-3.81965
-3.8198
-3.8189
-3.81859
-3.81965
-3.82056
-3.82041
-3.82071
-3.82041
-3.82025
-3.81995
-3.82055
-3.82101
-3.82101
-3.82026
-3.82041
-3.82086
-3.82162
-3.82117
-3.82237
-3.82132
-3.82132
-3.82131
-3.82011
-3.82071
-3.82041
-3.81995
-3.8201
-3.8198
-3.81965
-3.8192
-3.8192
-3.82026
-3.82056
-3.8195
-3.82011
-3.82086
-3.82116
-3.82162
-3.82116
-3.82071
-3.82146
-3.82131
-3.82131
-3.82207
-3.82192
-3.82298
-3.82283
-3.82298
-3.82343
-3.82358
-3.82267
-3.82282
-3.82313
-3.82267
-3.82237
-3.82252
-3.82298
-3.82252
-3.82237
-3.82192
-3.82131
-3.82086
-3.82056
-3.82086
-3.82116
-3.82086
-3.82177
-3.82162
-3.82131
-3.82207
-3.82343
-3.82298
-3.82267
-3.82313
-3.82267
-3.82267
-3.82267
-3.82297
-3.82328
-3.82313
-3.82313
-3.82313
-3.82358
-3.82207
-3.82192
-3.82146
-3.82116
-3.82086
-3.82086
-3.82041
-3.82026
-3.82026
-3.82011
-3.8192
-3.81965
-3.81995
-3.8198
-3.81935
-3.8195
-3.8195
-3.8195
-3.8192
-3.81875
-3.8189
-3.8183
-3.81875
-3.82026
-3.8198
-3.81905
-3.81905
-3.81905
-3.82011
-3.82056
-3.82041
-3.82056
-3.81981
-3.82026
-3.82101
-3.82056
-3.82177
-3.82192
-3.82101
-3.82101
-3.82086
-3.82101
-3.82025
-3.81995
-3.82071
-3.82161
-3.82192
-3.82282
-3.82298
-3.82252
-3.82267
-3.82267
-3.82131
-3.82101
-3.82026
-3.8201
-3.82116
-3.82026
-3.82056
-3.8198
-3.81965
-3.81875
-3.81829
-3.81935
-3.82041
-3.82011
-3.82101
-3.82147
-3.82131
-3.82131
-3.82131
-3.82116
-3.82161
-3.82071
-3.8198
-3.81905
-3.81965
-3.8195
-3.82011
-3.81996
-3.8195
-3.8192
-3.81905
-3.8195
-3.81905
-3.8192
-3.81905
-3.8189
-3.81905
-3.81875
-3.8189
-3.81799
-3.81814
-3.81769
-3.81784
-3.81799
-3.81845
-3.81905
-3.81935
-3.81844
-3.81754
-3.81754
-3.81738
-3.81723
-3.81618
-3.81603
-3.81694
-3.81754
-3.81754
-3.818
-3.818
-3.81815
-3.81739
-3.81785
-3.81724
-3.81694
-3.81739
-3.81678
-3.81693
-3.81693
-3.81739
-3.81754
-3.81799
-3.81815
-3.8186
-3.81845
-3.8189
-3.8189
-3.81845
-3.81815
-3.81754
-3.81724
-3.81739
-3.81739
-3.81784
-3.81679
-3.81709
-3.81724
-3.81709
-3.81724
-3.81754
-3.81784
-3.81875
-3.81829
-3.81799
-3.81829
-3.81875
-3.81845
-3.8189
-3.8183
-3.8192
-3.8183
-3.8189
-3.81799
-3.81679
-3.81663
-3.81769
-3.81799
-3.81814
-3.8186
-3.81829
-3.8189
-3.8189
-3.8192
-3.81965
-3.81965
-3.81965
-3.82086
-3.82041
-3.82147
-3.82222
-3.82177
-3.82177
-3.82147
-3.82192
-3.82101
-3.82162
-3.82102
-3.82071
-3.82026
-3.81981
-3.82011
-3.81996
-3.8189
-3.81966
-3.81845
-3.81875
-3.81875
-3.8192
-3.81935
-3.8183
-3.81875
-3.8186
-3.8189
-3.81875
-3.81875
-3.81845
-3.81936
-3.81936
-3.81996
-3.82011
-3.82087
-3.82056
-3.81966
-3.81996
-3.81981
-3.81996
-3.81981
-3.82027
-3.82042
-3.82072
-3.81981
-3.82072
-3.82162
-3.82102
-3.81996
-3.82011
-3.8192
-3.81996
-3.81981
-3.81966
-3.81951
-3.8192
-3.81875
-3.81905
-3.81921
-3.81906
-3.81951
-3.81996
-3.82027
-3.81997
-3.82042
-3.82042
-3.82042
-3.82057
-3.82192
-3.82222
-3.82238
-3.82132
-3.82162
-3.82147
-3.82132
-3.82132
-3.82162
-3.82223
-3.82238
-3.82192
-3.82072
-3.82072
-3.82041
-3.82057
-3.82072
-3.82087
-3.82072
-3.82042
-3.82027
-3.81936
-3.81981
-3.81936
-3.81906
-3.81906
-3.81996
-3.82072
-3.82041
-3.82102
-3.82132
-3.82102
-3.82057
-3.82042
-3.82042
-3.82042
-3.82072
-3.82163
-3.82223
-3.82163
-3.82087
-3.82057
-3.82087
-3.82072
-3.82102
-3.82012
-3.82087
-3.82087
-3.82027
-3.81982
-3.82012
-3.82087
-3.82012
-3.81981
-3.81951
-3.81921
-3.81906
-3.81921
-3.81921
-3.81891
-3.81876
-3.81921
-3.81861
-3.8171
-3.8171
-3.8168
-3.81589
-3.81755
-3.81831
-3.81861
-3.81876
-3.81846
-3.81876
-3.8177
-3.81815
-3.81815
-3.8183
-3.8183
-3.81891
-3.81876
-3.8183
-3.81861
-3.81815
-3.8177
-3.81785
-3.8174
-3.8168
-3.8168
-3.8174
-3.81785
-3.81846
-3.81861
-3.81815
-3.81846
-3.81891
-3.81922
-3.81952
-3.81967
-3.81952
-3.81967
-3.82028
-3.82012
-3.82027
-3.82133
-3.82163
-3.82178
-3.82087
-3.82163
-3.82178
-3.82148
-3.82193
-3.82163
-3.82299
-3.82299
-3.82194
-3.82103
-3.82194
-3.82163
-3.82178
-3.82012
-3.81997
-3.81952
-3.82027
-3.81967
-3.81936
-3.81982
-3.82072
-3.82073
-3.82027
-3.82028
-3.82027
-3.81967
-3.81861
-3.81861
-3.81891
-3.81967
-3.81952
-3.82042
-3.82027
-3.81982
-3.81982
-3.81967
-3.81967
-3.82012
-3.81967
-3.82012
-3.82012
-3.81906
-3.81846
-3.818
-3.8177
-3.8174
-3.8171
-3.8177
-3.81619
-3.81619
-3.81498
-3.81438
-3.81468
-3.81438
-3.81423
-3.81423
-3.81513
-3.81377
-3.81423
-3.81498
-3.81498
-3.81468
-3.81498
-3.81528
-3.81574
-3.81604
-3.81619
-3.81574
-3.81559
-3.81529
-3.81634
-3.81619
-3.81649
-3.81664
-3.81679
-3.81634
-3.81649
-3.81725
-3.8177
-3.81725
-3.81574
-3.81544
-3.81483
-3.81544
-3.81619
-3.81559
-3.81528
-3.81483
-3.81498
-3.81438
-3.81422
-3.81377
-3.81423
-3.81347
-3.81453
-3.81513
-3.81528
-3.81559
-3.81559
-3.81528
-3.81543
-3.81498
-3.81483
-3.81483
-3.81528
-3.81528
-3.81513
-3.81589
-3.81694
-3.8177
-3.81815
-3.81846
-3.81982
-3.82027
-3.82178
-3.82148
-3.82178
-3.82223
-3.82223
-3.82269
-3.82118
-3.82102
-3.82072
-3.82117
-3.82147
-3.82042
-3.82042
-3.82057
-3.82042
-3.82012
-3.82057
-3.82208
-3.82223
-3.82133
-3.81966
-3.82042
-3.82042
-3.81982
-3.82087
-3.82042
-3.81936
-3.81967
-3.81952
-3.81921
-3.81982
-3.81921
-3.81876
-3.81785
-3.8174
-3.81679
-3.8177
-3.81725
-3.81634
-3.81604
-3.81619
-3.81589
-3.81513
-3.81513
-3.81574
-3.81679
-3.81664
-3.81709
-3.81634
-3.81619
-3.81573
-3.8177
-3.81891
-3.81891
-3.81815
-3.818
-3.818
-3.8183
-3.81845
-3.81875
-3.81845
-3.81815
-3.8183
-3.81785
-3.8174
-3.81755
-3.81785
-3.8171
-3.81649
-3.81664
-3.81694
-3.81604
-3.81679
-3.81694
-3.8183
-3.8186
-3.8183
-3.81845
-3.81996
-3.82072
-3.81997
-3.81982
-3.82027
-3.82042
-3.82027
-3.82012
-3.82088
-3.82027
-3.81891
-3.81891
-3.81876
-3.81876
-3.81891
-3.81936
-3.81846
-3.81906
-3.81861
-3.81906
-3.81966
-3.81921
-3.81951
-3.82012
-3.81891
-3.81891
-3.8183
-3.81846
-3.81755
-3.81816
-3.818
-3.818
-3.81785
-3.81861
-3.81951
-3.81966
-3.82027
-3.82163
-3.82193
-3.82238
-3.82359
-3.82283
-3.82389
-3.82299
-3.82223
-3.82299
-3.82314
-3.82314
-3.82314
-3.82269
-3.82238
-3.82299
-3.82344
-3.82329
-3.82329
-3.82238
-3.82223
-3.82178
-3.82193
-3.82268
-3.82253
-3.82223
-3.82208
-3.82087
-3.82102
-3.81996
-3.81966
-3.81981
-3.81951
-3.81951
-3.81936
-3.81966
-3.81951
-3.81981
-3.82042
-3.82057
-3.82163
-3.82253
-3.82193
-3.82208
-3.82163
-3.82223
-3.82208
-3.82253
-3.82329
-3.82253
-3.82163
-3.82057
-3.82087
-3.82178
-3.82253
-3.82269
-3.82299
-3.82223
-3.82314
-3.82208
-3.82223
-3.82178
-3.82193
-3.82087
-3.82057
-3.82011
-3.82027
-3.82042
-3.82072
-3.82087
-3.82132
-3.82193
-3.82178
-3.82087
-3.82087
-3.82012
-3.82027
-3.82042
-3.82027
-3.82057
-3.81997
-3.82042
-3.82012
-3.81982
-3.81997
-3.82042
-3.82012
-3.81951
-3.81936
-3.8177
-3.81755
-3.8177
-3.81694
-3.81664
-3.81664
-3.81679
-3.81739
-3.818
-3.81755
-3.81709
-3.81725
-3.81725
-3.81709
-3.81815
-3.81755
-3.8174
-3.81785
-3.81845
-3.81845
-3.8183
-3.81876
-3.81815
-3.81921
-3.81891
-3.81951
-3.81921
-3.82042
-3.82027
-3.81997
-3.82072
-3.82133
-3.82193
-3.82208
-3.82299
-3.82344
-3.82283
-3.82178
-3.82178
-3.82208
-3.82223
-3.82087
-3.82012
-3.82118
-3.82193
-3.82148
-3.82163
-3.82254
-3.82118
-3.82087
-3.82087
-3.82072
-3.82072
-3.82102
-3.82133
-3.82057
-3.81997
-3.81981
-3.81936
-3.81997
-3.81997
-3.81951
-3.82012
-3.82042
-3.82042
-3.82103
-3.82163
-3.82133
-3.82163
-3.82163
-3.82178
-3.82253
-3.82178
-3.82148
-3.82163
-3.82178
-3.82102
-3.82133
-3.82193
-3.82132
-3.82102
-3.82072
-3.82102
-3.82147
-3.82163
-3.82087
-3.82087
-3.82103
-3.82208
-3.82193
-3.82163
-3.82178
-3.82102
-3.82102
-3.82178
-3.82177
-3.82223
-3.82162
-3.82117
-3.82072
-3.82117
-3.82087
-3.82057
-3.82087
-3.82072
-3.81982
-3.81966
-3.81936
-3.81921
-3.81876
-3.81845
-3.81891
-3.8183
-3.81815
-3.8177
-3.81906
-3.81846
-3.81876
-3.81906
-3.81891
-3.81921
-3.81846
-3.81815
-3.81876
-3.81861
-3.81815
-3.81725
-3.81725
-3.81785
-3.81755
-3.81709
-3.81664
-3.81558
-3.81664
-3.81649
-3.81528
-3.81664
-3.81679
-3.81679
-3.81725
-3.8171
-3.81695
-3.8171
-3.8177
-3.8177
-3.81725
-3.8177
-3.8171
-3.8168
-3.81664
-3.81725
-3.81785
-3.81755
-3.8174
-3.81725
-3.81649
-3.81559
-3.81544
-3.81574
-3.81665
-3.81725
-3.81725
-3.8171
-3.81695
-3.81559
-3.81589
-3.81635
-3.81604
-3.81589
-3.81559
-3.81453
-3.81453
-3.81423
-3.81453
-3.81529
-3.81483
-3.81438
-3.81484
-3.81514
-3.81589
-3.81574
-3.81605
-3.81559
-3.81544
-3.81589
-3.81484
-3.81408
-3.81423
-3.81484
-3.81469
-3.81484
-3.81484
-3.81574
-3.81559
-3.81574
-3.81589
-3.81619
-3.81544
-3.81544
-3.81635
