1.66486
1.68013
1.69336
1.70261
1.70613
1.70298
1.69348
1.67919
1.66239
1.64515
1.62861
1.6129
1.59757
1.58194
1.56587
1.55017
1.53659
1.52698
1.52213
1.52148
1.5238
1.52809
1.53404
1.54169
1.55082
1.56071
1.57009
1.57764
1.58247
1.58462
1.58537
1.58679
1.5907
1.59746
1.60588
1.61407
1.62046
1.62429
1.6255
1.62441
1.62142
1.61681
1.61079
1.60355
1.59539
1.58678
1.57838
1.57092
1.56504
1.56106
1.559
1.55861
1.55954
1.56145
1.56411
1.56733
1.57091
1.57459
1.57798
1.58062
1.58202
1.58165
1.57905
1.57391
1.56624
1.55667
1.54673
1.53881
1.5356
1.53895
1.54905
1.56428
1.58214
1.60011
1.61618
1.62888
1.63735
1.64118
1.64062
1.6365
1.63012
1.62287
1.6159
1.61007
1.60599
1.60425
1.60545
1.60997
1.61775
1.62805
1.6395
1.65038
1.65898
1.66405
1.6651
1.66246
1.65715
1.65059
1.64422
1.63918
1.63616
1.6353
1.63633
1.63866
1.64151
1.64407
1.64562
1.64571
1.64417
1.64117
1.63711
1.63248
1.62774
1.62322
1.61899
1.61498
1.61107
1.60719
1.60341
1.59986
1.59672
1.59411
1.59206
1.59048
1.58923
1.58813
1.58695
1.58547
1.58354
1.5811
1.57816
1.57484
1.57136
1.56796
1.56491
1.56246
1.5608
1.55999
1.55998
1.56074
1.56222
1.56438
1.56716
1.57034
1.57339
1.57553
1.5758
1.57331
1.56753
1.55844
1.54682
1.5342
1.52276
1.51495
1.51284
1.51746
1.52831
1.54358
1.56092
1.57802
1.59305
1.60476
1.61256
1.61651
1.61737
1.61637
1.61488
1.61409
1.61459
1.61639
1.61897
1.62149
1.62302
1.62273
1.62007
1.6148
1.60711
1.59754
1.58695
1.57631
1.5666
1.55865
1.55317
1.55055
1.55089
1.55396
1.55918
1.56578
1.5729
1.57978
1.58589
1.59105
1.59549
1.59981
1.60486
1.6114
1.61981
1.62997
1.64135
1.65319
1.66462
1.67475
1.68271
1.68767
1.68885
1.68556
1.67721
1.66356
1.64488
1.6223
1.59792
1.5746
1.55535
1.54236
1.53648
1.53717
1.54299
1.55215
1.56299
1.57407
1.58435
1.59323
1.6005
1.60629
1.61091
1.61471
1.61799
1.62079
1.62292
1.62389
1.62311
1.62006
1.61456
1.60686
1.59761
1.5877
1.57788
1.56859
1.55995
1.55202
1.54522
1.54043
1.53889
1.54183
1.55007
1.56376
1.58218
1.60379
1.62639
1.64748
1.66468
1.67607
1.68043
1.67733
1.66717
1.65111
1.63103
1.60933
1.58864
1.57137
1.55929
1.55308
1.55236
1.55601
1.56254
1.57051
1.57877
1.58655
1.59338
1.59901
1.60332
1.60612
1.60706
1.60568
1.60143
1.5939
1.58298
1.56901
1.55287
1.53589
1.51965
1.50567
1.49508
1.48838
1.48546
1.48583
1.4889
1.49401
1.50045
1.5074
1.514
1.51953
1.5236
1.52625
1.52791
1.52911
1.53027
1.53159
1.53309
1.53474
1.53664
1.5391
1.5425
1.54717
1.55329
1.56078
1.56942
1.57882
1.58861
1.59843
1.60802
1.61716
1.62559
1.63306
1.63927
1.64413
1.64777
1.65068
1.65352
1.65689
1.66109
1.6659
1.67071
1.67471
1.67725
1.6782
1.678
1.67762
1.67818
1.68059
1.6852
1.69176
1.69955
1.70758
1.71477
1.72003
1.72237
1.72109
1.71592
1.70718
1.69576
1.68314
1.67103
1.66113
1.65479
1.65272
1.65474
1.65985
1.66642
1.67267
1.67707
1.67864
1.67696
1.67212
1.6645
1.65453
1.64274
1.62975
1.61637
1.60386
1.5938
1.58768
1.58644
1.59016
1.59812
1.60903
1.62152
1.63427
1.64608
1.65575
1.6621
1.66388
1.65996
1.64962
1.63293
1.61123
1.58743
1.5656
1.54952
1.54103
1.53928
1.54169
1.54567
1.54972
1.55353
1.55755
1.56243
1.5686
1.57612
1.58468
1.59377
1.60279
1.61105
1.61796
1.62293
1.62551
1.62538
1.62238
1.61646
1.60773
1.59647
1.58329
1.56917
1.55565
1.54471
1.53841
1.53801
1.54339
1.55303
1.56473
1.57649
1.58698
1.59558
1.6022
1.60706
1.61045
1.61275
1.61433
1.61545
1.61614
1.61617
1.61507
1.61235
1.60766
1.60092
1.59226
1.58207
1.57106
1.56045
1.55186
1.54697
1.54682
1.55136
1.55947
1.56963
1.58073
1.59246
1.60513
1.61898
1.63354
1.64754
1.65939
1.66779
1.67213
1.67238
1.66903
1.66284
1.65465
1.64527
1.63543
1.62573
1.61659
1.6083
1.60118
1.5956
1.59199
1.59077
1.59213
1.59599
1.60187
1.60893
1.61603
1.622
1.62594
1.62751
1.62729
1.62679
1.62808
1.63297
1.64218
1.65491
1.66926
1.68297
1.69395
1.70045
1.70106
1.6948
1.68128
1.66106
1.63592
1.60881
1.58368
1.56472
1.55531
1.55677
1.56784
1.58545
1.60593
1.62601
1.64326
1.65617
1.66409
1.66712
1.66584
1.66106
1.65356
1.64393
1.63258
1.62011
1.60774
1.59769
1.59257
1.59398
1.60122
1.61156
1.62167
1.62913
1.63275
1.63239
1.62842
1.62133
1.61153
1.59944
1.58551
1.57044
1.55518
1.54083
1.52845
1.51879
1.51212
1.50825
1.5066
1.50655
1.50766
1.50979
1.51314
1.51805
1.52478
1.53326
1.54311
1.55362
1.56392
1.57325
1.58106
1.58717
1.59173
1.59509
1.59763
1.59958
1.60098
1.60183
1.60215
1.60211
1.60202
1.6022
1.6029
1.60413
1.6056
1.60665
1.60654
1.60441
1.59957
1.59165
1.58087
1.5682
1.55533
1.54428
1.53668
1.53314
1.53317
1.5356
1.53916
1.54296
1.54651
1.54962
1.5523
1.55458
1.55644
1.55784
1.5587
1.55898
1.55871
1.55799
1.55693
1.55559
1.5539
1.55171
1.54887
1.54531
1.54107
1.53642
1.53182
1.52787
1.52524
1.52449
1.52605
1.53006
1.53641
1.54485
1.55502
1.56651
1.57878
1.59112
1.60274
1.61293
1.62121
1.62738
1.63154
1.6338
1.63416
1.63226
1.62743
1.61889
1.60633
1.59064
1.57454
1.56209
1.55682
1.55953
1.5678
1.57775
1.58606
1.59089
1.5918
1.58939
1.58486
1.57971
1.57539
1.57292
1.57266
1.57429
1.5771
1.58037
1.58361
1.58664
1.58955
1.59249
1.59553
1.59863
1.60162
1.60434
1.60664
1.60847
1.60986
1.61079
1.61115
1.61068
1.60906
1.60603
1.60148
1.59552
1.58846
1.58084
1.57326
1.56631
1.56045
1.55585
1.55245
1.54998
1.54808
1.54657
1.54548
1.54505
1.54563
1.54756
1.55101
1.55596
1.56213
1.56903
1.57586
1.58165
1.58534
1.58604
1.58326
1.57705
1.56801
1.55727
1.54624
1.53635
1.52881
1.52447
1.52382
1.52711
1.53442
1.54574
1.56076
1.57868
1.59822
1.61766
1.63511
1.64878
1.65728
1.65988
1.65659
1.64824
1.63641
1.62317
1.61051
1.59988
1.59194
1.58654
1.58309
1.58092
1.57959
1.5791
1.57988
1.58261
1.58782
1.59562
1.60555
1.6166
1.62741
1.63661
1.64312
1.64635
1.64618
1.64295
1.63731
1.63009
1.62224
1.61467
1.60821
1.60355
1.60116
1.60123
1.60365
1.60793
1.61345
1.61952
1.62553
1.63111
1.63595
1.63976
1.64213
1.64262
1.64085
1.63672
1.63047
1.62258
1.61354
1.60366
1.59296
1.58146
1.56943
1.55762
1.54728
1.5398
1.5364
1.53775
1.54369
1.55328
1.56499
1.57703
1.58778
1.59614
1.60184
1.60541
1.60798
1.61073
1.61434
1.61876
1.62326
1.6269
1.62891
1.62905
1.62779
1.62613
1.62536
1.62653
1.63012
1.63577
1.64231
1.64816
1.6518
1.65204
1.6483
1.64048
1.62895
1.61441
1.59788
1.58056
1.56385
1.54918
1.53773
1.53024
1.52678
1.52686
1.5295
1.53359
1.53814
1.54249
1.54641
1.55012
1.55418
1.55939
1.5664
1.57537
1.58574
1.59637
1.60591
1.61328
1.61787
1.61961
1.61888
1.61626
1.61241
1.60786
1.6029
1.59756
1.59174
1.58531
1.5784
1.57148
1.56532
1.56085
1.55886
1.55979
1.56352
1.56954
1.57694
1.58465
1.59163
1.59704
1.60055
1.60237
1.60329
1.60435
1.60645
1.61001
1.61503
1.62119
1.628
1.63479
1.64068
1.6448
1.64633
1.64471
1.63968
1.63124
1.61962
1.60531
1.589
1.57163
1.55439
1.53862
1.52563
1.51638
1.5113
1.51025
1.51271
1.51803
1.52553
1.53458
1.54455
1.55484
1.56496
1.57468
1.58415
1.59374
1.60358
1.61329
1.62208
1.62931
1.63481
1.6389
1.64199
1.64438
1.64632
1.64801
1.64963
1.65113
1.65218
1.65223
1.65063
1.64687
1.64067
1.63219
1.62212
1.61162
1.60231
1.59573
1.59253
1.59207
1.59257
1.59201
1.58894
1.58281
1.57393
1.5633
1.55236
1.54278
1.53618
1.5337
1.53574
1.54169
1.55002
1.55858
1.5651
1.56768
1.56511
1.55706
1.54411
1.52761
1.50958
1.49239
1.4785
1.46996
1.46804
1.47293
1.48367
1.49838
1.5147
1.53038
1.54381
1.55434
1.56217
1.568
1.57263
1.57675
1.58087
1.58536
1.59038
1.59588
1.6016
1.60718
1.61219
1.61627
1.61909
1.62042
1.62006
1.61795
1.61415
1.60889
1.60255
1.59554
1.58822
1.58086
1.57376
1.56734
1.5622
1.55897
1.55811
1.55975
1.56365
1.56937
1.5765
1.58479
1.59421
1.60479
1.61647
1.62894
1.64163
1.65366
1.66399
1.67156
1.67542
1.67502
1.67046
1.66269
1.65343
1.6448
1.63864
1.63583
1.63599
1.63772
1.63932
1.6394
1.6373
1.63317
1.62773
1.62198
1.61698
1.61343
1.6115
1.61077
1.61025
1.60879
1.6054
1.59961
1.59161
1.58216
1.57247
1.56392
1.55775
1.55481
1.55538
1.55915
1.5653
1.57274
1.58027
1.58685
1.59186
1.59534
1.59793
1.60051
1.60355
1.60675
1.60916
1.60982
1.60822
1.60446
1.5991
1.5928
1.58611
1.57928
1.57229
1.56494
1.55702
1.54864
1.5406
