1.09798
1.09156
1.07919
1.0586
1.02892
0.996053
0.975883
0.981343
1.00524
1.03036
1.04753
1.05677
1.06127
1.0641
1.06736
1.07208
1.07827
1.08524
1.09181
1.09666
1.0986
1.0969
1.09164
1.08391
1.07558
1.0683
1.0626
1.05802
1.05412
1.0512
1.04996
1.05051
1.05192
1.05255
1.05094
1.04654
1.03996
1.03279
1.02705
1.02457
1.02627
1.03182
1.03984
1.04844
1.05583
1.06063
1.06202
1.05984
1.05454
1.04724
1.03949
1.03286
1.02854
1.0273
1.02949
1.03462
1.04093
1.04589
1.04708
1.04304
1.0337
1.02104
1.00943
1.00422
1.00818
1.01922
1.03249
1.04389
1.0515
1.05494
1.05449
1.05058
1.04359
1.03388
1.02195
1.00867
0.995611
0.984962
0.978884
0.978474
0.983166
0.991162
1.00042
1.0093
1.01673
1.0221
1.02513
1.02583
1.02451
1.02188
1.01888
1.01653
1.01545
1.01572
1.017
1.01878
1.02073
1.02266
1.02451
1.02619
1.02755
1.02841
1.02854
1.02776
1.02599
1.02321
1.01951
1.01512
1.01038
1.00561
1.00115
0.997218
0.993909
0.991154
0.988776
0.986543
0.98422
0.981639
0.978762
0.975736
0.97285
0.97051
0.969089
0.968794
0.969583
0.971144
0.973006
0.974644
0.975618
0.975641
0.974624
0.972668
0.970013
0.967048
0.964246
0.96209
0.960919
0.960855
0.961768
0.963292
0.964995
0.96647
0.967432
0.96774
0.967387
0.966469
0.965167
0.963686
0.96221
0.960906
0.959959
0.959626
0.960293
0.962404
0.966323
0.972169
0.979722
0.988452
0.997658
1.00666
1.01492
1.02214
1.02815
1.03292
1.03643
1.03867
1.03955
1.039
1.03691
1.03326
1.02824
1.0223
1.0162
1.0109
1.00723
1.0056
1.00589
1.00755
1.01006
1.0131
1.0166
1.02058
1.02495
1.02947
1.03377
1.03746
1.04017
1.04163
1.0417
1.04036
1.0378
1.03433
1.03041
1.02655
1.02323
1.02085
1.01963
1.01957
1.02049
1.02207
1.02393
1.02574
1.02714
1.02794
1.02799
1.02727
1.02587
1.02392
1.02166
1.01932
1.0171
1.01523
1.01384
1.01305
1.01293
1.01348
1.01468
1.01643
1.01854
1.02076
1.02282
1.02441
1.02528
1.02527
1.02433
1.02255
1.02016
1.01745
1.01474
1.0123
1.01032
1.00887
1.00794
1.0074
1.00712
1.00698
1.00692
1.00695
1.00713
1.00755
1.00826
1.00926
1.01044
1.01171
1.01291
1.01397
1.01485
1.01558
1.01623
1.01684
1.01744
1.01797
1.01833
1.01835
1.01788
1.01679
1.01497
1.01232
1.00883
1.00461
0.999926
0.995175
0.990838
0.98734
0.984999
0.983969
0.984223
0.985597
0.987873
0.990832
0.994281
0.998076
1.00212
1.00636
1.01076
1.01528
1.01987
1.0244
1.0287
1.03253
1.03563
1.03771
1.03857
1.03807
1.03618
1.03296
1.02858
1.02324
1.01724
1.01092
1.00464
0.998741
0.993541
0.989265
0.986018
0.983786
0.982514
0.982175
0.982803
0.984429
0.986956
0.990096
0.993394
0.996344
0.998535
0.999691
0.999742
0.998757
0.996919
0.994498
0.991828
0.989313
0.987408
0.986596
0.987283
0.989688
0.993763
0.999163
1.00535
1.01172
1.01774
1.023
1.02725
1.03031
1.03203
1.03221
1.03061
1.02699
1.02112
1.01298
1.0028
0.991233
0.979292
0.968197
0.959094
0.952766
0.949469
0.94903
0.951047
0.955067
0.960648
0.967356
0.974712
0.982203
0.989287
0.995534
1.00072
1.00492
1.00851
1.01205
1.016
1.02052
1.02528
1.0296
1.03269
1.03391
1.03297
1.02993
1.02513
1.01904
1.01216
1.00492
0.997689
0.990721
0.984193
0.978179
0.972703
0.967781
0.963468
0.959986
0.957727
0.957202
0.958856
0.962836
0.96885
0.976217
0.98411
0.99179
0.998745
1.00468
1.00945
1.01301
1.0154
1.01671
1.01709
1.01669
1.01569
1.01416
1.01215
1.00966
1.00676
1.00362
1.00055
0.997906
0.996021
0.995077
0.995021
0.995555
0.996225
0.996537
0.996101
0.994712
0.992371
0.989273
0.98574
0.982164
0.978946
0.976408
0.974762
0.974034
0.974074
0.974592
0.975221
0.975606
0.975476
0.974682
0.973201
0.971132
0.968619
0.965826
0.962891
0.959951
0.957111
0.954441
0.951951
0.949607
0.9474
0.945421
0.943905
0.94326
0.943976
0.946526
0.951238
0.958184
0.967108
0.977451
0.988456
0.999316
1.00932
1.01794
1.02483
1.02977
1.03271
1.03363
1.03263
1.02991
1.02567
1.02013
1.01343
1.00557
0.996509
0.986234
0.975017
0.963542
0.952801
0.943742
0.936871
0.932113
0.929105
0.927538
0.927325
0.928523
0.931141
0.935057
0.939996
0.945587
0.951421
0.95709
0.962225
0.966535
0.969844
0.972122
0.973432
0.973936
0.973794
0.973117
0.971903
0.970043
0.967346
0.963626
0.95875
0.952735
0.945778
0.938277
0.930772
0.923837
0.917987
0.913585
0.910796
0.909594
0.909805
0.911153
0.91336
0.916193
0.919541
0.923426
0.927919
0.93307
0.938835
0.944994
0.951149
0.95674
0.961165
0.963968
0.96498
0.964393
0.962689
0.960567
0.958791
0.958056
0.958895
0.961621
0.966277
0.972636
0.980244
0.988491
0.996706
1.0042
1.01029
1.01441
1.01607
1.01494
1.01087
1.00394
0.994479
0.983109
0.970662
0.958169
0.946708
0.937256
0.930518
0.926806
0.926037
0.927833
0.931631
0.936851
0.942959
0.949465
0.955931
0.961945
0.967131
0.971209
0.974024
0.975602
0.976145
0.975984
0.975508
0.975109
0.975108
0.975715
0.977015
0.97901
0.981632
0.984752
0.988168
0.991548
0.994416
0.996247
0.996544
0.99501
0.991625
0.98669
0.980711
0.9743
0.968117
0.962818
0.958979
0.957017
0.95713
0.959225
0.96295
0.967755
0.972987
0.977973
0.982127
0.985019
0.986405
0.98623
0.984563
0.981615
0.977776
0.973629
0.969952
0.967596
0.967245
0.969127
0.972929
0.977929
0.983267
0.988169
0.992032
0.994433
0.995131
0.994077
0.991461
0.987708
0.983485
0.979606
0.976862
0.975842
0.976757
0.97938
0.983126
0.987192
0.990714
0.992997
0.99365
0.992604
0.990053
0.986387
0.982136
0.977848
0.974044
0.971143
0.969388
0.968817
0.969243
0.970282
0.971414
0.972068
0.971738
0.970073
0.966965
0.962586
0.957344
0.951793
0.946551
0.942164
0.939003
0.937226
0.936758
0.937341
0.938619
0.940217
0.941872
0.943492
0.945151
0.947044
0.949433
0.952617
0.956853
0.962313
0.969031
0.976888
0.985616
0.994822
1.00401
1.01265
1.02028
1.0266
1.03147
1.03494
1.03719
1.03844
1.03887
1.03862
1.03768
1.03598
1.03342
1.0299
1.02541
1.01999
1.01375
1.00688
0.999674
0.992494
0.985787
0.980042
0.975718
0.973193
0.972721
0.97436
0.977966
0.983226
0.989684
0.99681
1.00408
1.01104
1.01734
1.02271
1.02697
1.02994
1.03147
1.03145
1.02982
1.0266
1.02195
1.01607
1.00932
1.00207
0.994754
0.987788
0.981466
0.975906
0.971046
0.966707
0.962673
0.958793
0.955015
0.951371
0.947943
0.944803
0.941988
0.939456
0.937103
0.934792
0.932385
0.929802
0.92708
0.924399
0.922087
0.920562
0.920254
0.921468
0.924286
0.928492
0.933609
0.938962
0.943803
0.947464
0.949438
0.949478
0.947656
0.944345
0.940143
0.935756
0.931831
0.928853
0.927086
0.926569
0.927196
0.928813
0.931261
0.934397
0.938102
0.942289
0.946855
0.951711
0.956752
0.961895
0.967046
0.97212
0.977025
0.98165
0.985865
0.989527
0.992486
0.994602
0.995764
0.995914
0.995057
0.993274
0.990724
0.987619
0.984217
0.980834
0.977784
0.975408
0.974036
0.973938
0.975282
0.978007
0.981802
0.986111
0.990264
0.993612
0.995624
0.995974
0.994531
0.991356
0.986702
0.980994
0.974788
0.968739
0.963549
0.959865
0.958184
0.958741
0.961445
0.965883
0.971406
0.977253
0.982688
0.987106
0.990085
0.991362
0.99083
0.988501
0.984508
0.979063
0.972481
0.965163
0.957573
0.950221
0.943602
0.938164
0.934249
0.932052
0.931604
0.932785
0.935387
0.939169
0.943854
0.949109
0.954564
0.959825
0.964517
0.968383
0.971297
0.97328
0.974473
0.9751
0.9754
0.975541
0.97558
0.975451
0.974994
0.974032
0.972446
0.970241
0.967592
0.964845
0.962442
0.960765
0.95998
0.959942
0.960299
0.960643
0.960651
0.960165
0.959157
0.957712
0.95599
0.954191
0.952527
0.951167
0.950204
0.949631
0.949366
0.949278
0.949267
0.94926
0.949233
0.94917
0.949025
0.948713
0.948101
0.947041
0.945403
0.943137
0.940321
0.937211
0.93422
0.931852
0.930548
0.930543
0.93172
0.933623
0.935608
0.937012
0.937386
0.936595
0.93489
0.932781
0.93086
0.929633
0.929406
0.930303
0.932286
0.935182
0.938675
0.942356
0.945803
0.948631
0.95056
0.951428
0.951207
0.94998
0.94794
0.945417
0.942896
0.940979
0.940279
0.941292
0.944252
0.949046
0.955214
0.962031
0.968674
0.974371
0.978523
0.980768
0.981004
0.979402
0.976339
0.972352
0.968038
0.963929
0.960448
0.957861
0.956299
0.955774
0.956223
0.957536
0.959584
0.962265
0.965484
0.969182
0.973297
0.977722
0.982261
0.986596
0.990356
0.993183
0.994792
0.995007
0.993764
0.991103
0.987138
0.982102
0.976322
0.97024
0.964408
0.959441
0.955953
0.954466
0.955263
0.958318
0.963288
0.969588
0.976524
0.98346
0.989925
0.995638
1.0005
1.00451
1.00769
1.01006
1.01162
1.01226
1.0118
1.01003
1.00674
1.00185
0.995472
0.987922
0.979678
0.971328
0.963491
0.956744
0.951558
0.948266
0.947049
0.94789
0.950589
0.954783
0.959972
0.965585
0.971057
0.975905
0.979766
0.982418
0.983798
0.983963
0.983018
0.981109
0.97834
0.974789
0.970542
0.965718
0.960522
0.955282
0.950377
0.946225
0.943162
0.941405
0.941031
0.942027
0.944341
0.947909
0.952642
0.95842
0.965069
0.972336
0.979919
0.987468
0.994595
1.00088
1.00595
1.00947
1.01131
1.01148
1.0102
1.00778
1.00452
1.00058
0.995981
0.990609
0.98439
0.977425
