1.09925
1.09742
1.09454
1.09062
1.08564
1.07959
1.07249
1.06434
1.05518
1.04512
1.03427
1.02283
1.01104
0.99917
0.987469
0.976167
0.965446
0.955419
0.946142
0.937637
0.929913
0.922975
0.916823
0.911453
0.906858
0.902998
0.899833
0.897308
0.895364
0.893931
0.892947
0.892341
0.892046
0.892003
0.892154
0.892437
0.892793
0.893184
0.893592
0.893994
0.894391
0.894799
0.895248
0.895758
0.896349
0.897028
0.89779
0.898602
0.899423
0.90021
0.900923
0.901535
0.90205
0.902499
0.90293
0.903413
0.904029
0.904859
0.905954
0.90735
0.909052
0.911039
0.913261
0.915642
0.918099
0.920551
0.922898
0.925057
0.926944
0.928488
0.929634
0.930338
0.930575
0.93035
0.929686
0.928626
0.927237
0.925601
0.923804
0.921934
0.92008
0.918322
0.916732
0.915349
0.914213
0.913352
0.912762
0.912442
0.912371
0.912524
0.912879
0.913419
0.914127
0.914992
0.916009
0.91716
0.918421
0.919772
0.921183
0.922618
0.924049
0.925452
0.926796
0.928044
0.929163
0.930118
0.930874
0.931426
0.931771
0.931938
0.931989
0.932006
0.93208
0.932298
0.932727
0.933396
0.9343
0.935403
0.936664
0.938027
0.939434
0.940839
0.942202
0.943479
0.944615
0.945555
0.946238
0.9466
0.946579
0.946115
0.945166
0.943709
0.941741
0.939292
0.936405
0.933162
0.929669
0.926049
0.922438
0.918963
0.915741
0.912859
0.910378
0.908317
0.90667
0.905417
0.904517
0.903936
0.903659
0.903665
0.903954
0.904533
0.905414
0.906594
0.908058
0.909772
0.911676
0.913687
0.915716
0.917675
0.919491
0.921114
0.922526
0.923738
0.924781
0.925694
0.926513
0.927274
0.928018
0.928777
0.929581
0.930452
0.931416
0.93249
0.933686
0.934987
0.936374
0.937794
0.939182
0.940468
0.941591
0.942502
0.94317
0.943594
0.94382
0.94393
0.944029
0.944225
0.944614
0.945258
0.946168
0.947297
0.948534
0.949745
0.950772
0.95147
0.951703
0.951362
0.950381
0.948718
0.946378
0.943396
0.939839
0.935805
0.931433
0.926884
0.922333
0.917964
0.913953
0.910446
0.907569
0.905409
0.904014
0.903401
0.903555
0.904421
0.905903
0.907865
0.910141
0.912547
0.914911
0.917093
0.919005
0.920612
0.921933
0.923031
0.923993
0.924924
0.925924
0.927082
0.928455
0.930078
0.931959
0.934099
0.936473
0.939035
0.941725
0.944469
0.947172
0.949738
0.952057
0.954029
0.955562
0.956576
0.957009
0.956819
0.955989
0.954537
0.952507
0.949972
0.947027
0.943793
0.940395
0.936975
0.933669
0.930604
0.927885
0.925597
0.923806
0.922561
0.9219
0.921843
0.922411
0.923604
0.925412
0.927803
0.93072
0.934064
0.937714
0.941515
0.945303
0.948908
0.952177
0.954987
0.957241
0.958883
0.959908
0.960344
0.960251
0.959699
0.958762
0.957502
0.955974
0.954215
0.952247
0.95009
0.94776
0.945268
0.942634
0.939878
0.937022
0.934092
0.931114
0.928122
0.925151
0.922239
0.91943
0.916777
0.914327
0.912131
0.910241
0.908692
0.907526
0.906768
0.906434
0.906533
0.907063
0.907995
0.9093
0.910943
0.912871
0.915036
0.917394
0.919906
0.922533
0.925238
0.927972
0.930685
0.933319
0.935818
0.938115
0.940148
0.941848
0.943154
0.944008
0.94437
0.944218
0.943546
0.942373
0.940739
0.938712
0.936386
0.933865
0.931271
0.928696
0.926227
0.92392
0.921818
0.919956
0.918388
0.917195
0.916484
0.916391
0.917042
0.918507
0.92075
0.923638
0.926952
0.930429
0.933809
0.936868
0.939437
0.941416
0.942756
0.943452
0.943531
0.943037
0.942018
0.940519
0.938587
0.936263
0.93359
0.930617
0.92743
0.924154
0.920962
0.918066
0.915712
0.914152
0.913585
0.914138
0.915825
0.918551
0.922129
0.926308
0.930823
0.935417
0.939886
0.944068
0.947854
0.95118
0.954026
0.956405
0.958345
0.959885
0.961062
0.961896
0.962387
0.962516
0.962244
0.961527
0.96033
0.958623
0.956405
0.953703
0.950559
0.947045
0.94325
0.939286
0.935279
0.931374
0.927743
0.924562
0.922019
0.920287
0.919498
0.919713
0.920912
0.923003
0.925827
0.929181
0.932856
0.936657
0.940416
0.944
0.947303
0.950246
0.952778
0.954858
0.956457
0.957542
0.958096
0.958116
0.957608
0.956602
0.955137
0.953279
0.951107
0.948718
0.946208
0.943673
0.941204
0.938881
0.936758
0.934877
0.933242
0.931847
0.930655
0.929628
0.928724
0.927911
0.927168
0.926486
0.925878
0.92538
0.925035
0.924883
0.924964
0.925307
0.92591
0.926755
0.927807
0.929004
0.93027
0.931524
0.932681
0.933665
0.934409
0.934848
0.934937
0.934659
0.934026
0.933071
0.931857
0.930472
0.929022
0.927601
0.926308
0.925215
0.92435
0.923709
0.923246
0.92289
0.92256
0.922185
0.921727
0.921182
0.920594
0.920033
0.919583
0.919328
0.919323
0.919594
0.920129
0.920887
0.921791
0.922764
0.923721
0.924613
0.925416
0.926134
0.926806
0.927461
0.928139
0.928855
0.929605
0.930366
0.931098
0.931758
0.932304
0.932713
0.932993
0.933186
0.933361
0.933617
0.934051
0.934753
0.93579
0.937189
0.938932
0.940964
0.943201
0.945539
0.947878
0.950128
0.95221
0.954076
0.955675
0.956976
0.957967
0.958647
0.959033
0.959155
0.959059
0.958792
0.958397
0.957917
0.957377
0.956796
0.956177
0.955509
0.954776
0.953953
0.95301
0.95192
0.950677
0.949273
0.947716
0.946023
0.944214
0.942317
0.940371
0.938414
0.9365
0.934698
0.933078
0.931696
0.930608
0.929834
0.929373
0.929189
0.929224
0.929408
0.929663
0.929922
0.930137
0.930274
0.930314
0.93025
0.930091
0.929846
0.929538
0.929205
0.928888
0.92863
0.928481
0.928473
0.928619
0.928918
0.929337
0.929825
0.930306
0.930698
0.930931
0.930951
0.930738
0.930306
0.929694
0.928957
0.928174
0.927419
0.926753
0.926216
0.925823
0.925578
0.925463
0.925438
0.925453
0.925456
0.925388
0.925187
0.924798
0.924189
0.923356
0.922323
0.921145
0.91989
0.918627
0.917419
0.916308
0.915298
0.91436
0.913441
0.912475
0.911399
0.910171
0.908775
0.907223
0.905561
0.903855
0.902185
0.900639
0.899303
0.898252
0.897552
0.897265
0.897418
0.898018
0.899067
0.900542
0.902398
0.904577
0.907002
0.909594
0.912273
0.914951
0.917557
0.92003
0.922315
0.924389
0.926235
0.92785
0.929235
0.930395
0.931337
0.932069
0.932598
0.932943
0.933136
0.93323
0.933296
0.933433
0.933769
0.934424
0.935511
0.937109
0.939241
0.941865
0.94487
0.948091
0.951315
0.954322
0.956892
0.958839
0.96002
0.96034
0.959766
0.958329
0.956116
0.953258
0.949925
0.94631
0.942605
0.938991
0.935615
0.93258
0.92995
0.927749
0.925964
0.924567
0.923527
0.922816
0.922412
0.922313
0.922522
0.923049
0.923897
0.925056
0.926495
0.928158
0.929978
0.931873
0.933776
0.935608
0.937313
0.938852
0.940206
0.941369
0.942353
0.943172
0.943853
0.94441
0.944861
0.945212
0.945448
0.945559
0.945526
0.945339
0.944987
0.944483
0.943842
0.943093
0.942275
0.941438
0.940634
0.93991
0.939307
0.938838
0.938497
0.938263
0.938087
0.937897
0.937614
0.937172
0.93653
0.935686
0.934674
0.933567
0.932449
0.931427
0.930598
0.93003
0.92977
0.929821
0.930151
0.930697
0.931379
0.932098
0.932754
0.933252
0.933511
0.933477
0.93312
0.932443
0.931468
0.930247
0.928847
0.927345
0.925816
0.924323
0.922916
0.921603
0.920362
0.919152
0.917911
0.916596
0.915185
0.913695
0.912195
0.9108
0.909651
0.908913
0.908739
0.909263
0.910555
0.912623
0.915413
0.918807
0.922651
0.926765
0.930956
0.935052
0.938894
0.942352
0.945329
0.947768
0.949653
0.950998
0.951864
0.95234
0.952542
0.95259
0.952597
0.952656
0.952813
0.953081
0.953433
0.953815
0.954152
0.954366
0.95438
0.954128
0.953562
0.952645
0.951367
0.949749
0.94783
0.945666
0.943333
0.940912
0.938485
0.936117
0.93386
0.931744
0.929776
0.927953
0.926252
0.924648
0.923123
0.921663
0.920279
0.918995
0.917845
0.916881
0.916166
0.915755
0.91569
0.915995
0.916666
0.91767
0.91895
0.920429
0.922018
0.923622
0.925162
0.926572
0.927812
0.928877
0.929777
0.930548
0.931223
0.931838
0.932424
0.932998
0.933562
0.934105
0.93461
0.935056
0.935419
0.935678
0.935804
0.935777
0.93559
0.935255
0.93481
0.934325
0.933883
0.933577
0.933504
0.933755
0.934375
0.935379
0.936729
0.938342
0.940111
0.9419
0.94357
0.945011
0.946127
0.946865
0.947206
0.947158
0.946749
0.946011
0.944968
0.94365
0.942077
0.940274
0.938259
0.936067
0.933742
0.931323
0.928872
0.926444
0.924105
0.921908
0.919909
0.918153
0.916692
0.915557
0.914771
0.914336
0.914246
0.914479
0.915003
0.91578
0.916766
0.917917
0.919193
0.920559
0.921979
0.923423
0.924867
0.926291
0.927671
0.928982
0.9302
0.931296
0.932247
0.933025
0.933621
0.934071
0.934441
0.93485
0.935443
0.93637
0.93773
0.93953
0.941665
0.943934
0.946083
0.947865
0.949078
0.949578
0.949287
0.948188
0.946321
0.943758
0.940626
0.937087
0.933338
0.929606
0.926121
0.923098
0.920724
0.919112
0.918313
0.918303
0.919004
0.920295
0.922036
0.92408
0.926302
0.928592
0.930858
0.93303
0.935048
0.936868
0.93845
0.939765
0.940799
0.941548
0.942023
0.94224
0.942234
0.94204
0.941697
0.941237
0.940694
0.9401
0.939481
0.938855
0.938232
0.937609
0.936987
0.936359
0.935711
0.935034
0.934309
0.933526
0.932678
0.93176
0.930772
0.929724
0.92863
0.927506
0.926381
0.925292
0.924285
0.923389
0.922643
0.922067
0.921679
0.921471
0.921432
0.921558
0.921842
0.922283
0.922889
0.923677
0.924665
0.925857
0.927246
0.928793
0.930442
0.932112
0.933696
0.935094
0.936202
0.936937
0.937246
0.93711
0.936536
0.935573
0.934292
0.932781
0.931136
0.929452
0.927808
0.926274
0.924906
0.92375
0.922854
0.922253
0.922002
0.922157
0.922781
0.923926
0.925621
0.927848
