1.10293
1.10462
1.10469
1.10296
1.09935
1.09381
1.08642
1.07734
1.06686
1.05534
1.0432
1.03093
1.01903
1.00794
0.998045
0.989609
0.98282
0.977782
0.974555
0.973127
0.973403
0.9752
0.978241
0.9822
0.986776
0.991713
0.996824
1.00196
1.00698
1.01172
1.016
1.01964
1.0225
1.02445
1.02544
1.0254
1.02427
1.02195
1.01835
1.01334
1.00689
0.999023
0.989892
0.979789
0.969158
0.958561
0.948639
0.94003
0.933263
0.928679
0.926365
0.926111
0.927488
0.929942
0.932899
0.935869
0.938488
0.940569
0.942069
0.943078
0.943764
0.944341
0.945023
0.945982
0.947339
0.949143
0.95139
0.954025
0.956962
0.960126
0.963476
0.967004
0.97074
0.974715
0.978929
0.983301
0.987674
0.991824
0.99551
0.998492
1.00061
1.00176
1.00192
1.00116
0.999584
0.99732
0.994512
0.991293
0.987767
0.984017
0.980093
0.976048
0.971966
0.968024
0.964508
0.961814
0.960427
0.960776
0.963121
0.967415
0.973228
0.979817
0.986259
0.991644
0.995252
0.996629
0.995637
0.992423
0.987355
0.980942
0.973769
0.966416
0.959431
0.953315
0.948496
0.945363
0.944234
0.945326
0.948694
0.954184
0.961423
0.969857
0.97883
0.987644
0.995677
1.0024
1.00743
1.01053
1.01158
1.01062
1.00775
1.00318
0.997203
0.990203
0.982614
0.974923
0.967628
0.961212
0.95611
0.952671
0.95114
0.95162
0.954057
0.958246
0.963837
0.970382
0.977391
0.984387
0.990967
0.996824
1.00176
1.00569
1.00858
1.01044
1.01135
1.01138
1.01061
1.00915
1.0071
1.00452
1.0015
0.998088
0.994291
0.990101
0.985488
0.980402
0.974805
0.968673
0.962036
0.955022
0.947885
0.941035
0.935057
0.930652
0.928532
0.929231
0.932929
0.939373
0.947938
0.957819
0.968212
0.978434
0.987962
0.996401
1.00347
1.00898
1.0128
1.01488
1.01526
1.01404
1.01148
1.00792
1.00379
0.999602
0.995852
0.99289
0.990855
0.989663
0.98909
0.988886
0.988838
0.988836
0.988838
0.988834
0.988825
0.988764
0.988582
0.988202
0.987548
0.986571
0.985259
0.983644
0.981796
0.979811
0.977806
0.9759
0.974186
0.972725
0.971536
0.970587
0.969782
0.968971
0.96794
0.966433
0.964194
0.960983
0.956647
0.951157
0.944704
0.93779
0.931232
0.926029
0.923103
0.922981
0.925616
0.930476
0.936828
0.943981
0.951378
0.958608
0.965358
0.971385
0.976532
0.980742
0.984098
0.986847
0.989365
0.992047
0.995186
0.998881
1.00302
1.00733
1.01148
1.01518
1.01819
1.02038
1.02169
1.02212
1.02175
1.02068
1.01906
1.01705
1.01476
1.01233
1.0098
1.00725
1.00469
1.00214
0.999663
0.997304
0.995143
0.993263
0.991763
0.99074
0.990274
0.990425
0.991216
0.992596
0.994438
0.996519
0.998554
1.00022
1.00121
1.00134
1.00049
0.998742
0.996243
0.993258
0.990067
0.986898
0.983901
0.981131
0.978579
0.976189
0.973905
0.971685
0.969535
0.967518
0.965745
0.964372
0.963539
0.963328
0.963757
0.96476
0.966218
0.967972
0.96986
0.971731
0.973472
0.974996
0.97624
0.977174
0.977798
0.978133
0.978228
0.97815
0.977953
0.977696
0.977425
0.977171
0.976927
0.97669
0.976448
0.976202
0.975955
0.975718
0.975521
0.975383
0.975326
0.97535
0.975443
0.975607
0.975867
0.976255
0.976832
0.977662
0.97879
0.980234
0.981988
0.984003
0.986182
0.988389
0.99048
0.992302
0.993701
0.994534
0.994706
0.994194
0.993037
0.991335
0.989242
0.986936
0.98459
0.982341
0.980258
0.97834
0.97653
0.974726
0.972811
0.970696
0.968323
0.965697
0.962881
0.95997
0.957101
0.954435
0.952153
0.950431
0.949446
0.949333
0.950178
0.951968
0.954612
0.957953
0.961812
0.965986
0.970296
0.974592
0.978753
0.982699
0.986402
0.98986
0.993077
0.996055
0.998786
1.00124
1.00336
1.00507
1.0063
1.00698
1.00701
1.00636
1.00498
1.00289
1.00014
0.996885
0.993343
0.989811
0.986649
0.984225
0.982887
0.982878
0.984309
0.987125
0.991103
0.995893
1.00107
1.0062
1.01085
1.0147
1.0175
1.01913
1.01962
1.01915
1.01804
1.01674
1.01568
1.01517
1.01534
1.01604
1.017
1.01793
1.01857
1.01882
1.01871
1.01834
1.01787
1.01744
1.01713
1.01694
1.01676
1.01646
1.01586
1.01483
1.01327
1.01116
1.00851
1.00537
1.00176
0.997667
0.993047
0.987853
0.982066
0.975738
0.968986
0.962
0.955043
0.948411
0.942441
0.937479
0.933846
0.931786
0.931419
0.932709
0.935469
0.939395
0.944095
0.949165
0.954256
0.959123
0.963632
0.967774
0.971672
0.97555
0.979671
0.984282
0.989541
0.995478
1.00195
1.00869
1.01533
1.02152
1.02695
1.03135
1.03456
1.03651
1.0372
1.0367
1.03511
1.03258
1.02925
1.02524
1.02066
1.01558
1.01008
1.00422
0.998149
0.992071
0.986296
0.981218
0.97725
0.974742
0.973895
0.974719
0.977043
0.980563
0.984933
0.989835
0.99502
1.00031
1.00553
1.0105
1.01501
1.0188
1.02161
1.02323
1.02359
1.02274
1.0209
1.01841
1.01565
1.01298
1.01063
1.00869
1.00708
1.00562
1.00406
1.00219
0.999854
0.996954
0.993492
0.989562
0.985343
0.981126
0.977308
0.974349
0.97271
0.972743
0.974581
0.978095
0.982903
0.98847
0.99423
0.999692
1.00448
1.00837
1.01124
1.01301
1.01363
1.01301
1.0111
1.00786
1.00331
0.997548
0.990753
0.983185
0.975162
0.967039
0.959194
0.95202
0.945909
0.941248
0.938373
0.937542
0.938896
0.942421
0.947956
0.95521
0.963781
0.973189
0.982925
0.992503
1.00149
1.00952
1.01632
1.02169
1.02555
1.02799
1.0292
1.0295
1.0292
1.02848
1.02733
1.02555
1.02283
1.01894
1.01381
1.00756
1.00051
0.993115
0.985918
0.979459
0.974177
0.970339
0.968009
0.967044
0.967171
0.968084
0.969492
0.971194
0.973065
0.975049
0.97712
0.979214
0.981213
0.982908
0.984033
0.984297
0.983502
0.98162
0.978842
0.975614
0.972555
0.970352
0.969611
0.970712
0.973674
0.978108
0.983245
0.988148
0.99195
0.994036
0.994113
0.992185
0.9885
0.983431
0.977402
0.970833
0.964083
0.957428
0.951079
0.945247
0.940181
0.936162
0.933485
0.932363
0.932853
0.934773
0.93773
0.941179
0.944527
0.947273
0.949056
0.949748
0.949423
0.94831
0.946746
0.94511
0.943738
0.942874
0.942631
0.943001
0.943868
0.945067
0.94642
0.947768
0.949003
0.950091
0.951049
0.951937
0.952836
0.953843
0.955055
0.956539
0.958351
0.960504
0.96298
0.965719
0.968626
0.971585
0.974487
0.977243
0.979823
0.982261
0.984621
0.986991
0.989421
0.991886
0.994276
0.996431
0.998176
0.999401
1.00006
1.00021
0.999949
0.999435
0.998802
0.998141
0.997495
0.996848
0.996147
0.995314
0.994275
0.99297
0.991367
0.989464
0.987272
0.984807
0.982091
0.979142
0.976007
0.972743
0.969457
0.966306
0.963479
0.961216
0.959783
0.959435
0.960363
0.962657
0.966276
0.971064
0.976756
0.983055
0.98964
0.996208
1.00248
1.00819
1.01311
1.01704
1.01977
1.02116
1.02112
1.01961
1.01665
1.01236
1.00693
1.00062
0.99375
0.986685
0.979793
0.973438
0.967945
0.96357
0.960499
0.958828
0.958543
0.959528
0.961574
0.964401
0.967706
0.971239
0.974845
0.978464
0.982113
0.985826
0.989584
0.993293
0.996788
0.999883
1.00242
1.0043
1.00548
1.00595
1.00574
1.00494
1.0036
1.00179
0.999567
0.996992
0.994108
0.990941
0.987501
0.983792
0.979835
0.975654
0.971303
0.966863
0.962449
0.958201
0.954244
0.950707
0.947699
0.945322
0.943681
0.942901
0.943132
0.944512
0.947125
0.950908
0.955609
0.960785
0.965918
0.970512
0.974205
0.976816
0.97832
0.97882
0.978486
0.977495
0.976022
0.974221
0.972205
0.970076
0.967904
0.965769
0.963764
0.962022
0.960669
0.959824
0.959557
0.95987
0.960662
0.961774
0.963019
0.964222
0.965272
0.966175
0.967049
0.96811
0.969636
0.971913
0.975155
0.979444
0.984706
0.990692
0.997023
1.00324
1.00887
1.01345
1.01663
1.01814
1.01786
1.01584
1.01224
1.00739
1.00176
0.995904
0.990364
0.985604
0.981936
0.979455
0.978084
0.977606
0.977743
0.978206
0.978754
0.979222
0.979499
0.979507
0.979206
0.97856
0.97754
0.976145
0.974411
0.972435
0.97041
0.968628
0.967426
0.967133
0.967981
0.970023
0.97312
0.976989
0.98125
0.985525
0.989499
0.992973
0.995907
0.998394
1.00064
1.00287
1.0053
1.008
1.01094
1.01397
1.01687
1.0194
1.02139
1.02276
1.02348
1.02357
1.02309
1.02208
1.02058
1.01862
1.01627
1.01365
1.01089
1.00813
1.00554
1.00318
1.00105
0.999089
0.997183
0.995211
0.993135
0.990956
0.988719
0.98647
0.984224
0.981965
0.979682
0.977427
0.975322
0.97352
0.972164
0.971334
0.971046
0.971235
0.971785
0.972571
0.973472
0.974385
0.975231
0.975973
0.976575
0.977007
0.977226
0.977184
0.976814
0.976042
0.97478
0.972954
0.970535
0.967571
0.964221
0.960781
0.957648
0.955266
0.954002
0.95401
0.955194
0.957222
0.959669
0.962139
0.964389
0.966346
0.968078
0.969736
0.971485
0.973426
0.975559
0.977778
0.979874
0.981594
0.982655
0.982799
0.981848
0.979733
0.976527
0.972465
0.967931
0.963414
0.959431
0.956445
0.954793
0.954673
0.956113
0.959017
0.963178
0.968295
0.974002
0.97989
0.985533
0.990543
0.994631
0.997638
0.99954
1.00045
1.00058
1.00021
0.999599
0.99896
0.998401
0.997925
0.997458
0.996905
0.996168
0.995174
0.993881
0.992256
0.990227
0.98771
0.984627
0.980933
0.976657
0.971954
0.967127
0.962608
0.958899
0.956517
0.955882
0.957237
0.960615
0.965817
0.972435
0.979915
0.987638
0.994981
1.00138
1.00635
1.00953
1.01068
1.00974
1.0069
1.00258
0.997452
0.992248
0.987574
0.983714
0.9806
0.977971
0.97556
0.973225
0.970958
0.968843
0.96701
0.965563
0.96456
