1.09147
1.08082
1.06918
1.05755
1.04706
1.03878
1.03352
1.03145
1.03205
1.03431
1.03724
1.04029
1.04356
1.04745
1.05202
1.05674
1.06072
1.06325
1.06406
1.06333
1.06155
1.05919
1.05641
1.05302
1.04864
1.04303
1.03613
1.02802
1.01887
1.00885
0.998299
0.987778
0.978037
0.969901
0.964048
0.960834
0.960262
0.962051
0.965742
0.9708
0.976732
0.983167
0.989932
0.99702
1.00444
1.01204
1.01949
1.02634
1.03214
1.03647
1.03901
1.03948
1.03773
1.03382
1.02803
1.0209
1.01316
1.00555
0.998769
0.99332
0.989533
0.987563
0.987437
0.989068
0.992254
0.996659
1.00186
1.00734
1.01258
1.01711
1.02067
1.02323
1.02497
1.02621
1.02725
1.02817
1.0288
1.02876
1.02761
1.02511
1.02133
1.01658
1.01136
1.00619
1.00155
0.997764
0.995009
0.99333
0.992665
0.992911
0.993992
0.995867
0.998571
1.00214
1.00654
1.01161
1.01707
1.0226
1.02788
1.03268
1.03687
1.04038
1.04309
1.04486
1.04559
1.04522
1.0438
1.04151
1.03855
1.03511
1.03137
1.02744
1.0234
1.01935
1.01541
1.01174
1.00857
1.00611
1.00452
1.00378
1.00369
1.00387
1.00387
1.00329
1.00184
0.999419
0.996118
0.992229
0.988178
0.984452
0.98147
0.979523
0.978732
0.979076
0.980472
0.982805
0.985999
0.990008
0.994722
0.999896
1.00511
1.0098
1.01344
1.01575
1.01675
1.01666
1.01558
1.01335
1.00976
1.00471
0.998494
0.991745
0.985398
0.980452
0.977858
0.978337
0.982236
0.989398
0.999137
1.01033
1.02165
1.0318
1.03972
1.04456
1.04582
1.04326
1.03699
1.02742
1.01534
1.00189
0.988477
0.976648
0.96777
0.962759
0.96189
0.964815
0.970746
0.978732
0.987856
0.997279
1.00625
1.01414
1.02054
1.02524
1.02823
1.02966
1.02977
1.02881
1.02705
1.02472
1.02209
1.0195
1.01736
1.01613
1.01622
1.01792
1.02132
1.02632
1.03265
1.03991
1.04755
1.05489
1.06119
1.06572
1.06793
1.06754
1.06457
1.05934
1.05237
1.04435
1.03603
1.02804
1.02085
1.01466
1.00942
1.0049
1.00081
0.996922
0.993088
0.989262
0.985445
0.981599
0.977603
0.973271
0.968428
0.963022
0.957182
0.95124
0.945698
0.94115
0.938191
0.937335
0.93892
0.943069
0.94968
0.958439
0.968878
0.980376
0.992208
1.00361
1.01383
1.02227
1.0285
1.03232
1.03374
1.0329
1.03009
1.02565
1.01997
1.01346
1.0066
0.99997
0.994288
0.990266
0.988442
0.989008
0.991738
0.996105
1.00145
1.00713
1.01251
1.01705
1.02029
1.02192
1.02171
1.01967
1.01597
1.0111
1.00581
1.00102
0.99758
0.996056
0.996605
0.99902
1.00285
1.00761
1.01286
1.0182
1.02322
1.02748
1.03052
1.03194
1.03146
1.02895
1.02455
1.01872
1.01232
1.00655
1.0027
1.00178
1.00417
1.00954
1.01702
1.02547
1.03379
1.0411
1.04669
1.05006
1.05082
1.0488
1.04409
1.03722
1.02911
1.02101
1.01422
1.00969
1.00775
1.00817
1.01031
1.01345
1.01686
1.01989
1.02196
1.0226
1.02156
1.01888
1.01498
1.01061
1.00683
1.00478
1.00546
1.00943
1.0167
1.02667
1.03816
1.04975
1.06003
1.06783
1.07234
1.07312
1.07005
1.06331
1.05329
1.04069
1.02639
1.0114
0.996776
0.983533
0.972616
0.96477
0.960394
0.959418
0.961296
0.965176
0.97012
0.975328
0.9803
0.984968
0.989641
0.994699
1.00019
1.00556
1.00983
1.01201
1.01147
1.00812
1.00244
0.995314
0.987874
0.981283
0.976516
0.974215
0.974618
0.977612
0.98281
0.989604
0.99732
1.0053
1.01297
1.01987
1.02566
1.03011
1.03308
1.03457
1.03473
1.03386
1.03243
1.03094
1.02991
1.0297
1.03051
1.03233
1.03497
1.03808
1.04126
1.0441
1.04637
1.04806
1.0494
1.05077
1.05249
1.05464
1.05695
1.05889
1.05985
1.0593
1.05692
1.05265
1.04664
1.03927
1.03106
1.02269
1.01486
1.00823
1.0032
0.999848
0.997905
0.996943
0.996607
0.996755
0.997501
0.99909
1.00168
1.00518
1.00921
1.01323
1.01662
1.01889
1.0198
1.01944
1.01829
1.01709
1.01654
1.017
1.01829
1.01983
1.02093
1.02113
1.02037
1.01906
1.01793
1.0178
1.01919
1.02204
1.02569
1.02908
1.03109
1.0308
1.02765
1.02158
1.01306
1.00309
0.993014
0.984106
0.977169
0.972321
0.96918
0.967193
0.965903
0.96514
0.964998
0.965788
0.967797
0.971085
0.975345
0.979977
0.984284
0.987718
0.989969
0.990998
0.990992
0.990338
0.989573
0.989276
0.989904
0.99164
0.994344
0.997568
1.00074
1.00336
1.00517
1.00615
1.00645
1.00621
1.00547
1.00409
1.00171
0.997824
0.991985
0.983908
0.973666
0.961842
0.949626
0.938721
0.930984
0.927748
0.929266
0.934617
0.942193
0.950385
0.958083
0.964785
0.970463
0.975301
0.979508
0.983175
0.986248
0.988596
0.99008
0.990611
0.990182
0.988917
0.987142
0.985378
0.984277
0.984451
0.98625
0.989636
0.994193
0.999223
1.00398
1.0079
1.01072
1.01251
1.01357
1.01436
1.01531
1.01677
1.01893
1.02188
1.02557
1.02989
1.03466
1.03965
1.04461
1.04923
1.05321
1.05625
1.05808
1.05847
1.0572
1.05414
1.04923
1.0426
1.03455
1.02563
1.01659
1.00829
1.00156
0.997058
0.99507
0.995462
0.997723
1.00109
1.0047
1.00779
1.00984
1.01071
1.01065
1.01023
1.01014
1.011
1.01311
1.01649
1.02091
1.02598
1.03131
1.03649
1.04113
1.04495
1.04773
1.04938
1.04986
1.04918
1.04727
1.04397
1.03915
1.03274
1.0249
1.01605
1.00692
0.99845
0.991626
0.987221
0.985622
0.986742
0.990087
0.994922
1.00045
1.00593
1.01081
1.01472
1.01754
1.01934
1.02038
1.02106
1.02181
1.02302
1.02493
1.02758
1.03077
1.03416
1.03739
1.0401
1.04209
1.04334
1.04394
1.0441
1.04397
1.04358
1.04283
1.04153
1.03954
1.03693
1.03407
1.0314
1.02914
1.02705
1.02449
1.02079
1.01565
1.00933
1.00259
0.996429
0.991713
0.988906
0.987977
0.988488
0.989781
0.991134
0.991905
0.991614
0.990058
0.987332
0.983844
0.980235
0.97719
0.975263
0.974745
0.975696
0.977993
0.981396
0.985541
0.990033
0.994618
0.999346
1.00458
1.01074
1.01806
1.02638
1.03526
1.04421
1.05277
1.06054
1.06715
1.07229
1.0757
1.0773
1.07718
1.07555
1.07274
1.06908
1.06489
1.06044
1.05596
1.05162
1.04741
1.04324
1.03888
1.03407
1.02858
1.02227
1.01512
1.00722
0.998782
0.990099
0.981592
0.973803
0.967334
0.962739
0.960397
0.960371
0.962439
0.966178
0.971053
0.9765
0.981977
0.987076
0.991595
0.995597
0.999353
1.00322
1.00746
1.01216
1.01717
1.0222
1.02687
1.03079
1.03364
1.03522
1.03549
1.0345
1.03245
1.02955
1.02606
1.02236
1.01889
1.01611
1.01435
1.01376
1.01422
1.0154
1.01688
1.0183
1.01939
1.02003
1.0202
1.01993
1.01926
1.01821
1.01682
1.01513
1.01321
1.01114
1.00898
1.00677
1.00452
1.00232
1.00035
0.998928
0.998414
0.999088
1.00108
1.00434
1.00868
1.01386
1.01968
1.02591
1.03241
1.03896
1.04527
1.05092
1.05532
1.05788
1.05802
1.05536
1.0498
1.04169
1.03192
1.02189
1.01325
1.0073
1.00463
1.00488
1.00705
1.00989
1.01234
1.01376
1.01393
1.0131
1.01179
1.01064
1.01021
1.0107
1.01188
1.0132
1.01397
1.01369
1.0122
1.00972
1.00675
1.00395
1.00189
1.00094
1.00119
1.00239
1.00408
1.00575
1.00695
1.00752
1.00757
1.00745
1.00763
1.00842
1.00988
1.01179
1.01382
1.01565
1.01706
1.01791
1.01817
1.01798
1.01763
1.01747
1.01781
1.01874
1.02003
1.02124
1.02189
1.0216
1.0203
1.01819
1.01568
1.01315
1.01089
1.00897
1.00728
1.00567
1.00407
1.0026
1.00162
1.00167
1.00337
1.00722
1.01342
1.02176
1.03169
1.04239
1.05297
1.06266
1.07088
1.07731
1.08183
1.08453
1.08563
1.08544
1.08425
1.0823
1.07973
1.07652
1.07262
1.06795
1.06248
1.05626
1.04949
1.04248
1.03559
1.0292
1.02362
1.01903
1.01552
1.01304
1.01149
1.0107
1.01063
1.01133
1.01296
1.01561
1.01913
1.02306
1.02669
1.02923
1.03007
1.0289
1.02573
1.0209
1.01493
1.00848
1.00227
0.996989
0.993227
0.991416
0.991785
0.994369
0.999031
1.00546
1.01315
1.02138
1.02927
1.03581
1.04012
1.04154
1.03982
1.03527
1.02874
1.02154
1.01505
1.01035
1.00794
1.00771
1.00922
1.01192
1.01539
1.01929
1.02337
1.02736
1.03098
1.03392
1.03585
1.03645
1.03544
1.03264
1.02808
1.02193
1.0146
1.00667
0.998908
0.992144
0.987222
0.984744
0.984901
0.987283
0.990889
0.994394
0.996549
0.996484
0.993931
0.989243
0.9833
0.977322
0.972674
0.970598
0.971895
0.976715
0.98444
0.993871
1.00353
1.01204
1.01842
1.02229
1.02379
1.02347
1.02216
1.02069
1.01973
1.01966
1.02055
1.02216
1.02406
1.02573
1.02671
1.02661
1.02515
1.0222
1.01778
1.01204
1.00536
0.998276
0.991458
0.985645
0.981508
0.979499
0.979754
0.982104
0.986143
0.99137
0.997341
1.00376
1.01047
1.01724
1.0238
1.02982
1.03505
1.0394
1.0429
1.04564
1.0476
1.04862
1.04839
1.04657
1.04284
1.03713
1.02967
1.0211
1.01235
1.00434
0.997631
0.992221
0.987634
0.983254
0.978631
0.973626
0.968309
0.962864
0.957487
0.952402
0.9479
0.944419
0.942513
0.942739
0.945466
0.950696
0.95798
0.966523
0.975368
0.983634
0.990738
0.996488
1.00109
1.00504
1.00896
1.01345
1.01886
1.02518
1.03207
1.03892
1.04494
1.0494
1.05169
1.05139
1.04835
1.04259
1.03441
1.02429
1.01294
1.00134
0.990567
0.98175
0.975762
0.973018
