-5.48648
-5.5022
-5.51513
-5.52453
-5.52866
-5.52461
-5.51541
-5.50142
-5.48386
-5.46617
-5.44992
-5.43392
-5.41813
-5.40266
-5.38568
-5.37043
-5.35654
-5.34663
-5.34269
-5.34204
-5.34405
-5.34865
-5.35415
-5.36209
-5.37048
-5.38022
-5.3896
-5.39684
-5.40197
-5.40458
-5.40457
-5.40554
-5.41035
-5.41651
-5.42478
-5.43206
-5.4383
-5.44349
-5.44334
-5.4418
-5.43805
-5.43344
-5.42817
-5.42064
-5.41262
-5.40341
-5.39531
-5.3871
-5.38227
-5.37889
-5.37698
-5.3772
-5.37843
-5.3805
-5.38345
-5.38622
-5.38996
-5.39454
-5.39763
-5.40042
-5.40091
-5.40024
-5.3987
-5.39447
-5.38665
-5.37738
-5.36713
-5.35907
-5.35555
-5.3595
-5.37005
-5.38529
-5.40239
-5.42052
-5.43704
-5.4505
-5.45852
-5.46356
-5.46194
-5.45782
-5.45144
-5.44298
-5.43661
-5.43048
-5.42594
-5.42435
-5.42525
-5.42962
-5.43694
-5.44725
-5.45976
-5.47094
-5.47848
-5.48416
-5.48596
-5.48362
-5.47877
-5.47175
-5.46492
-5.46065
-5.45747
-5.45661
-5.4584
-5.46058
-5.46448
-5.46689
-5.4686
-5.46914
-5.46776
-5.46385
-5.45993
-5.4556
-5.45042
-5.44559
-5.44151
-5.43795
-5.43359
-5.42957
-5.42533
-5.42117
-5.41758
-5.41467
-5.41292
-5.41164
-5.41009
-5.4099
-5.40856
-5.40678
-5.40561
-5.40453
-5.40113
-5.39752
-5.39449
-5.39064
-5.38758
-5.38513
-5.38378
-5.38326
-5.38311
-5.38387
-5.38534
-5.38795
-5.38923
-5.39226
-5.39485
-5.39669
-5.39666
-5.39418
-5.38794
-5.3787
-5.36708
-5.35431
-5.34196
-5.3346
-5.33279
-5.33726
-5.34765
-5.36308
-5.38042
-5.39753
-5.41226
-5.42351
-5.43146
-5.43481
-5.43612
-5.43662
-5.43469
-5.43313
-5.43364
-5.43544
-5.43907
-5.44205
-5.44343
-5.44329
-5.43987
-5.43506
-5.42812
-5.4181
-5.40872
-5.39823
-5.38761
-5.37966
-5.37403
-5.37156
-5.37115
-5.37391
-5.37988
-5.38739
-5.39482
-5.4026
-5.40887
-5.41357
-5.41816
-5.42248
-5.42617
-5.43241
-5.44006
-5.45007
-5.46252
-5.47345
-5.48518
-5.49456
-5.50236
-5.50642
-5.50715
-5.50491
-5.49762
-5.48366
-5.4659
-5.44377
-5.41923
-5.39591
-5.37666
-5.36352
-5.35809
-5.35788
-5.36279
-5.3712
-5.38264
-5.39357
-5.40445
-5.41318
-5.42
-5.42549
-5.42996
-5.43422
-5.43704
-5.43999
-5.44197
-5.44279
-5.44216
-5.43881
-5.43346
-5.42485
-5.41576
-5.40539
-5.39572
-5.38658
-5.37839
-5.37107
-5.36457
-5.35888
-5.35643
-5.35937
-5.36746
-5.381
-5.39836
-5.41982
-5.44332
-5.46502
-5.48222
-5.49407
-5.49843
-5.49548
-5.48456
-5.46896
-5.44827
-5.42627
-5.40602
-5.38816
-5.37623
-5.37001
-5.36975
-5.37355
-5.38053
-5.38865
-5.39737
-5.40499
-5.41228
-5.41791
-5.42177
-5.42426
-5.42461
-5.42292
-5.41882
-5.41129
-5.40082
-5.3858
-5.36996
-5.35313
-5.33673
-5.32291
-5.31262
-5.30622
-5.3042
-5.30413
-5.30689
-5.31231
-5.3192
-5.32585
-5.3329
-5.33783
-5.3428
-5.34455
-5.34681
-5.3471
-5.34705
-5.34823
-5.35079
-5.35273
-5.35478
-5.35769
-5.36079
-5.36607
-5.37218
-5.37998
-5.38907
-5.39847
-5.40826
-5.4193
-5.42844
-5.43862
-5.44782
-5.45483
-5.46104
-5.46559
-5.46969
-5.4717
-5.47514
-5.4779
-5.4818
-5.48616
-5.49052
-5.49482
-5.49721
-5.4971
-5.49766
-5.49606
-5.49693
-5.49934
-5.50441
-5.51112
-5.51785
-5.52634
-5.53337
-5.53893
-5.54112
-5.53984
-5.53437
-5.52653
-5.51512
-5.5031
-5.49114
-5.48199
-5.47535
-5.47238
-5.4747
-5.47966
-5.48638
-5.49248
-5.49734
-5.49906
-5.49768
-5.49193
-5.48521
-5.47616
-5.46376
-5.44971
-5.43648
-5.42307
-5.41376
-5.40748
-5.40609
-5.40967
-5.41732
-5.42778
-5.44057
-5.45348
-5.46513
-5.47526
-5.48206
-5.48415
-5.47993
-5.47004
-5.45335
-5.43165
-5.408
-5.38752
-5.37175
-5.36341
-5.3606
-5.36331
-5.36715
-5.37104
-5.37485
-5.37917
-5.38466
-5.39098
-5.39804
-5.4054
-5.41449
-5.4232
-5.43162
-5.43868
-5.4438
-5.44623
-5.4458
-5.44265
-5.43582
-5.42754
-5.41583
-5.40235
-5.38823
-5.37561
-5.36543
-5.35882
-5.35903
-5.36472
-5.37405
-5.3853
-5.39691
-5.4074
-5.416
-5.42293
-5.42869
-5.43268
-5.43438
-5.4352
-5.43602
-5.43701
-5.43689
-5.43609
-5.43246
-5.42854
-5.42179
-5.41253
-5.40188
-5.39118
-5.38132
-5.37198
-5.36679
-5.36633
-5.37057
-5.37853
-5.38885
-5.39994
-5.41137
-5.42389
-5.43819
-5.45215
-5.46463
-5.47649
-5.48459
-5.48802
-5.48994
-5.48734
-5.48145
-5.47341
-5.46373
-5.45419
-5.44343
-5.43474
-5.42645
-5.41949
-5.4139
-5.4109
-5.40952
-5.41043
-5.41459
-5.42003
-5.42663
-5.43388
-5.4394
-5.44273
-5.4443
-5.4447
-5.44465
-5.44653
-5.45158
-5.46034
-5.47337
-5.48817
-5.50219
-5.51346
-5.52012
-5.52058
-5.51447
-5.50156
-5.48119
-5.45619
-5.43014
-5.40531
-5.3865
-5.37618
-5.37839
-5.38962
-5.40693
-5.42786
-5.44765
-5.46626
-5.47916
-5.48603
-5.48815
-5.48777
-5.48269
-5.47535
-5.46405
-5.45255
-5.43962
-5.42802
-5.41736
-5.41194
-5.4138
-5.42195
-5.43228
-5.44195
-5.4494
-5.45302
-5.45206
-5.44703
-5.43994
-5.43045
-5.41911
-5.40503
-5.39086
-5.37545
-5.36065
-5.34827
-5.33845
-5.33179
-5.32836
-5.32626
-5.32667
-5.32777
-5.32885
-5.3316
-5.33605
-5.34248
-5.35066
-5.36021
-5.37132
-5.38011
-5.38944
-5.39604
-5.40155
-5.40641
-5.40947
-5.41186
-5.4138
-5.41612
-5.4156
-5.41638
-5.4171
-5.417
-5.41688
-5.41788
-5.41942
-5.42133
-5.42269
-5.42273
-5.42015
-5.41516
-5.40694
-5.39721
-5.38439
-5.37182
-5.36092
-5.35347
-5.34948
-5.34966
-5.35284
-5.35687
-5.36021
-5.36224
-5.36506
-5.36713
-5.37001
-5.37263
-5.37343
-5.37398
-5.37381
-5.37369
-5.37237
-5.37116
-5.36936
-5.36812
-5.36518
-5.3634
-5.36044
-5.35636
-5.35201
-5.34741
-5.34316
-5.34067
-5.33947
-5.34088
-5.34488
-5.35169
-5.36013
-5.37015
-5.38239
-5.39572
-5.40882
-5.42089
-5.43139
-5.44102
-5.44765
-5.45332
-5.45528
-5.45594
-5.45449
-5.44966
-5.44158
-5.42751
-5.41167
-5.39526
-5.38326
-5.3783
-5.37995
-5.38822
-5.39832
-5.40648
-5.41101
-5.41238
-5.41148
-5.40709
-5.40104
-5.39505
-5.39334
-5.39308
-5.3941
-5.39798
-5.40079
-5.40297
-5.40631
-5.40906
-5.4117
-5.41534
-5.41784
-5.42038
-5.42219
-5.42404
-5.42526
-5.42756
-5.42804
-5.42749
-5.42672
-5.42525
-5.42192
-5.41662
-5.41065
-5.40419
-5.39763
-5.3899
-5.38341
-5.37679
-5.37203
-5.36819
-5.36767
-5.36699
-5.36548
-5.36364
-5.36305
-5.36363
-5.36586
-5.36947
-5.37471
-5.38059
-5.38718
-5.39417
-5.3995
-5.40274
-5.40359
-5.40111
-5.39414
-5.3845
-5.37391
-5.36318
-5.35238
-5.3456
-5.34142
-5.34212
-5.34571
-5.35272
-5.3642
-5.38073
-5.3994
-5.41819
-5.43748
-5.45538
-5.4692
-5.47756
-5.48
-5.47746
-5.46851
-5.45532
-5.44208
-5.42926
-5.41864
-5.41084
-5.4059
-5.40155
-5.39998
-5.3982
-5.39816
-5.39955
-5.40182
-5.40733
-5.41573
-5.42446
-5.43551
-5.44572
-5.45507
-5.46067
-5.4645
-5.46418
-5.46095
-5.45516
-5.4487
-5.44175
-5.43433
-5.42847
-5.42517
-5.42309
-5.42362
-5.42724
-5.43077
-5.43735
-5.4425
-5.44776
-5.4541
-5.45909
-5.46289
-5.46527
-5.4653
-5.46324
-5.45971
-5.45391
-5.44587
-5.43683
-5.42604
-5.41519
-5.40324
-5.39136
-5.38031
-5.36981
-5.36203
-5.35848
-5.35862
-5.36471
-5.37324
-5.38465
-5.39684
-5.40729
-5.41565
-5.4212
-5.42507
-5.42749
-5.43054
-5.43475
-5.43932
-5.44489
-5.44943
-5.45084
-5.45113
-5.44942
-5.44836
-5.44743
-5.44906
-5.45341
-5.4583
-5.46394
-5.46873
-5.47267
-5.47382
-5.47084
-5.46316
-5.45193
-5.43664
-5.42101
-5.40264
-5.38608
-5.37095
-5.35966
-5.3511
-5.34735
-5.34697
-5.34976
-5.354
-5.35886
-5.36336
-5.36774
-5.37204
-5.37595
-5.38026
-5.38727
-5.39549
-5.40601
-5.41679
-5.42618
-5.43385
-5.43783
-5.44003
-5.439
-5.43607
-5.43237
-5.42828
-5.42301
-5.41708
-5.4111
-5.40301
-5.39595
-5.38918
-5.38226
-5.37749
-5.3755
-5.37658
-5.38092
-5.38754
-5.39448
-5.40175
-5.40887
-5.41429
-5.41764
-5.42052
-5.42084
-5.42175
-5.4243
-5.42847
-5.43349
-5.4395
-5.44676
-5.45294
-5.45989
-5.46371
-5.46584
-5.46392
-5.46009
-5.4515
-5.43959
-5.42603
-5.41033
-5.39356
-5.37647
-5.3616
-5.34907
-5.33922
-5.33308
-5.33202
-5.33479
-5.34026
-5.34641
-5.3547
-5.36573
-5.37677
-5.38644
-5.39631
-5.40669
-5.41491
-5.42445
-5.43416
-5.44281
-5.45003
-5.45584
-5.46022
-5.46256
-5.46435
-5.46613
-5.46737
-5.4696
-5.4711
-5.4717
-5.47235
-5.47106
-5.46729
-5.46169
-5.45382
-5.44344
-5.43325
-5.42394
-5.41751
-5.41506
-5.41384
-5.41404
-5.41364
-5.41072
-5.40383
-5.39526
-5.38523
-5.37368
-5.3638
-5.3569
-5.35472
-5.35721
-5.36332
-5.37089
-5.37945
-5.38613
-5.38977
-5.38704
-5.37869
-5.36589
-5.34864
-5.3306
-5.31417
-5.30028
-5.29219
-5.28966
-5.2941
-5.30439
-5.31956
-5.33558
-5.35095
-5.36468
-5.37506
-5.38199
-5.38766
-5.39199
-5.39596
-5.39963
-5.40381
-5.40929
-5.41418
-5.41975
-5.42488
-5.43125
-5.43473
-5.43784
-5.43948
-5.43897
-5.43716
-5.43261
-5.42705
-5.42131
-5.41414
-5.40637
-5.39811
-5.39101
-5.38519
-5.37975
-5.37606
-5.37475
-5.37533
-5.38029
-5.38586
-5.39178
-5.40143
-5.411
-5.42158
-5.43371
-5.44604
-5.45858
-5.47075
-5.4817
-5.48926
-5.49267
-5.49272
-5.48756
-5.47948
-5.47007
-5.46204
-5.45649
-5.45338
-5.45339
-5.45497
-5.45581
-5.45498
-5.45274
-5.44891
-5.44437
-5.43923
-5.43423
-5.43053
-5.42845
-5.42636
-5.42614
-5.42514
-5.42145
-5.41551
-5.4072
-5.3967
-5.387
-5.37815
-5.37228
-5.3701
-5.37021
-5.37353
-5.38014
-5.38787
-5.39616
-5.40259
-5.4079
-5.41093
-5.41337
-5.4164
-5.41839
-5.42083
-5.42339
-5.42465
-5.4229
-5.4193
-5.41393
-5.40855
-5.4017
-5.39502
-5.38819
-5.38114
-5.37246
-5.36408
-5.35695
