1.09953
1.09931
1.09845
1.09593
1.09087
1.08295
1.07271
1.06173
1.05267
1.04848
1.05109
1.06003
1.07232
1.084
1.09187
1.0944
1.09149
1.08404
1.0734
1.06112
1.0487
1.03752
1.02864
1.02256
1.01904
1.01718
1.01585
1.01433
1.01255
1.01103
1.01048
1.01141
1.01399
1.0179
1.02241
1.02656
1.02941
1.03041
1.02969
1.02806
1.02699
1.02807
1.03262
1.04115
1.0533
1.06793
1.08349
1.09847
1.11159
1.122
1.1292
1.13298
1.13328
1.13014
1.1237
1.11433
1.10266
1.08967
1.07648
1.06423
1.05382
1.04575
1.04012
1.03675
1.0352
1.035
1.03573
1.03707
1.03889
1.04122
1.04423
1.0481
1.05294
1.05872
1.0652
1.07188
1.07817
1.08342
1.08706
1.08864
1.08791
1.08487
1.0797
1.07273
1.06438
1.05517
1.04576
1.03701
1.0299
1.02539
1.02412
1.02627
1.03145
1.03892
1.04772
1.05696
1.06591
1.0741
1.08133
1.08754
1.0927
1.09678
1.09964
1.10106
1.10083
1.09884
1.09528
1.09062
1.08562
1.08114
1.07792
1.07641
1.07666
1.07839
1.08115
1.08441
1.08763
1.09033
1.09213
1.09284
1.09267
1.09223
1.09252
1.09449
1.09851
1.10407
1.10996
1.11482
1.11768
1.11816
1.11642
1.11302
1.10878
1.10457
1.10099
1.09824
1.09619
1.09454
1.09311
1.09197
1.09139
1.09174
1.09343
1.09664
1.10123
1.10649
1.11132
1.11445
1.11486
1.11211
1.10652
1.09908
1.09124
1.08451
1.08006
1.07849
1.07971
1.0831
1.08776
1.09278
1.0974
1.10102
1.10329
1.10392
1.10275
1.09967
1.09477
1.08831
1.08083
1.07306
1.06578
1.0597
1.05524
1.05244
1.05096
1.05017
1.04935
1.04795
1.04574
1.04282
1.03961
1.03665
1.03447
1.03346
1.0338
1.03547
1.03825
1.04177
1.04556
1.04915
1.05211
1.05416
1.05525
1.05558
1.05564
1.05607
1.05753
1.06057
1.06548
1.07226
1.08058
1.08994
1.09972
1.10929
1.11809
1.12566
1.13169
1.136
1.13848
1.13906
1.13764
1.13409
1.12834
1.12047
1.11087
1.10024
1.08951
1.07967
1.07145
1.06525
1.06112
1.05893
1.05849
1.05955
1.06176
1.06465
1.06765
1.07016
1.07165
1.0717
1.0701
1.0669
1.06245
1.0574
1.05262
1.04907
1.04759
1.04874
1.05269
1.05918
1.06755
1.07685
1.08606
1.09419
1.10046
1.10433
1.10553
1.10408
1.10029
1.09475
1.08819
1.08139
1.0751
1.06983
1.06588
1.06331
1.06194
1.06149
1.06162
1.062
1.06237
1.06258
1.0627
1.06295
1.06373
1.0654
1.06817
1.07195
1.07641
1.08112
1.08561
1.08953
1.09257
1.09452
1.09522
1.09458
1.09253
1.08906
1.08419
1.078
1.0708
1.06329
1.05652
1.05163
1.04925
1.04916
1.05033
1.05154
1.05189
1.051
1.0489
1.0458
1.04196
1.03785
1.03432
1.03252
1.03346
1.03755
1.04432
1.05271
1.06151
1.06975
1.07684
1.08242
1.08622
1.08799
1.08752
1.08479
1.08007
1.07396
1.06738
1.06137
1.0569
1.05466
1.05491
1.05746
1.06173
1.0669
1.07208
1.07634
1.07887
1.07909
1.07675
1.07203
1.06556
1.05837
1.05168
1.04667
1.04411
1.04416
1.0463
1.04956
1.05278
1.05499
1.05567
1.05484
1.05304
1.05102
1.04941
1.04843
1.04792
1.04742
1.04648
1.04496
1.04318
1.04189
1.04213
1.04465
1.04939
1.05525
1.0605
1.06351
1.06341
1.06031
1.05519
1.04952
1.04477
1.04206
1.042
1.04465
1.04966
1.05627
1.06345
1.07
1.07482
1.0772
1.07708
1.07514
1.07263
1.0708
1.07043
1.0715
1.07354
1.07586
1.07783
1.07893
1.07872
1.07688
1.07332
1.0682
1.06194
1.05517
1.04856
1.04271
1.03798
1.03449
1.03211
1.03053
1.02939
1.02829
1.02693
1.0252
1.0233
1.0219
1.0221
1.02499
1.03108
1.03998
1.05057
1.06151
1.07171
1.08043
1.08717
1.09159
1.09344
1.09257
1.08896
1.08291
1.07506
1.06649
1.05856
1.05261
1.04957
1.04981
1.05308
1.0587
1.06579
1.07344
1.08083
1.0873
1.09239
1.09591
1.09799
1.09899
1.0994
1.09976
1.1005
1.1019
1.10404
1.10694
1.11048
1.11447
1.11868
1.12278
1.12641
1.12915
1.13061
1.13057
1.12911
1.12667
1.12397
1.12173
1.12032
1.11964
1.1191
1.1179
1.11528
1.11069
1.10395
1.09521
1.08502
1.07422
1.06389
1.05523
1.04938
1.04729
1.04938
1.05537
1.06428
1.07483
1.08571
1.09589
1.10459
1.11126
1.11553
1.11716
1.11615
1.11281
1.10787
1.10249
1.0978
1.09455
1.09279
1.09212
1.09196
1.09179
1.09125
1.09019
1.08866
1.08697
1.08545
1.08434
1.08367
1.08327
1.08287
1.08221
1.08104
1.0792
1.07666
1.07351
1.06982
1.06561
1.06083
1.0555
1.05
1.04513
1.042
1.04166
1.04482
1.05159
1.06148
1.07358
1.08669
1.09958
1.11113
1.12042
1.12678
1.12989
1.1297
1.12647
1.12067
1.11296
1.1041
1.09482
1.0857
1.07717
1.06944
1.06256
1.05645
1.05107
1.04638
1.04238
1.03905
1.03618
1.03344
1.03042
1.02689
1.02291
1.01888
1.01546
1.01345
1.01354
1.01615
1.02125
1.02828
1.03638
1.04471
1.05274
1.06036
1.06777
1.07522
1.08291
1.09071
1.09824
1.10491
1.11007
1.11315
1.11373
1.11166
1.10701
1.10002
1.09111
1.08087
1.06999
1.05929
1.04962
1.0418
1.03648
1.03398
1.03417
1.0366
1.04061
1.04562
1.05121
1.05718
1.06336
1.06949
1.07518
1.07987
1.08298
1.08397
1.08244
1.07822
1.07132
1.06206
1.05104
1.03927
1.02805
1.01884
1.01299
1.01138
1.01422
1.02103
1.03082
1.04234
1.05437
1.06589
1.07616
1.08468
1.09119
1.0956
1.09799
1.09864
1.09797
1.09642
1.09447
1.0924
1.0904
1.08856
1.08701
1.08596
1.08568
1.08624
1.0875
1.08904
1.0903
1.09079
1.09019
1.08846
1.0857
1.08201
1.07742
1.07185
1.06538
1.05838
1.05161
1.04606
1.04262
1.04172
1.04318
1.04636
1.05043
1.05458
1.05819
1.0608
1.06196
1.06131
1.0586
1.05381
1.04727
1.03966
1.03191
1.02495
1.01952
1.016
1.01452
1.01513
1.01795
1.0231
1.03054
1.03994
1.05058
1.0614
1.07112
1.07846
1.08243
1.08267
1.07967
1.07463
1.06891
1.06337
1.05819
1.05318
1.04841
1.04431
1.04156
1.04076
1.04229
1.04613
1.05196
1.05916
1.06695
1.0745
1.0811
1.0863
1.08992
1.09197
1.09244
1.0912
1.08799
1.08259
1.0751
1.06622
1.05732
1.05013
1.04615
1.04602
1.04921
1.05435
1.05993
1.06475
1.06809
1.06954
1.06879
1.06558
1.05981
1.05174
1.04212
1.03225
1.02376
1.01828
1.01697
1.02025
1.02772
1.0383
1.0505
1.06274
1.07364
1.0821
1.0874
1.08911
1.08725
1.08238
1.07547
1.0679
1.06122
1.0569
1.05599
1.05899
1.06564
1.07509
1.08607
1.09727
1.10755
1.11607
1.12228
1.12593
1.12696
1.12551
1.12185
1.11634
1.10942
1.10151
1.09305
1.08441
1.0759
1.06769
1.05982
1.05229
1.04514
1.03859
1.03299
1.02881
1.02651
1.02644
1.02875
1.03339
1.04006
1.04822
1.05708
1.06568
1.073
1.07811
1.08035
1.07939
1.07529
1.06844
1.05955
1.0496
1.0398
1.0315
1.02595
1.02401
1.02587
1.031
1.0383
1.04648
1.05445
1.06152
1.06746
1.07245
1.07693
1.08143
1.08635
1.09183
1.09763
1.10321
1.10802
1.11172
1.11426
1.11588
1.11694
1.11781
1.1187
1.11963
1.12043
1.12082
1.12049
1.11914
1.11655
1.11257
1.10714
1.1003
1.09219
1.08298
1.07294
1.06241
1.05185
1.04189
1.03336
1.02714
1.02401
1.02442
1.02833
1.03517
1.04401
1.05382
1.06357
1.07241
1.07966
1.08479
1.08748
1.08756
1.08509
1.08038
1.07401
1.06677
1.05962
1.05349
1.04914
1.04706
1.04739
1.05
1.05449
1.06037
1.06708
1.07406
1.08076
1.08668
1.09143
1.0948
1.09685
1.09787
1.09834
1.09876
1.0995
1.10069
1.10223
1.10371
1.10466
1.10465
1.10353
1.10158
1.09954
1.09831
1.09862
1.10066
1.10391
1.10734
1.10983
1.11063
1.10969
1.10776
1.10601
1.10527
1.10548
1.1057
1.10477
1.10199
1.09746
1.09205
1.0871
1.08397
1.08355
1.08596
1.09048
1.09584
1.10055
1.10328
1.10306
1.09958
1.09326
1.08515
1.07662
1.06886
1.06252
1.0576
1.05362
1.05002
1.04648
1.04299
1.03982
1.03723
1.03537
1.03412
1.0331
1.0318
1.02962
1.02615
1.02123
1.01508
1.00825
1.0016
0.996068
0.992502
0.991416
0.992816
0.996207
1.00077
1.00564
1.01019
1.01417
1.01777
1.02135
1.02517
1.02927
1.03356
1.03795
1.04253
1.0474
1.0526
1.05792
1.0629
1.06702
1.0698
1.0708
1.0697
1.0663
1.06053
1.05249
1.04255
1.03149
1.02061
1.01166
1.00638
1.00578
1.00981
1.01759
1.02794
1.03981
1.0523
1.06466
1.07619
1.08621
1.09409
1.09929
1.10137
1.10012
1.0956
1.08824
1.07877
1.06803
1.05683
1.04626
1.03797
1.0338
1.03462
1.03963
1.04692
1.05463
1.06154
1.06698
1.07049
1.07169
1.07026
1.0662
1.05992
1.05216
1.0438
1.03567
1.02839
1.02255
1.01873
1.01748
1.01905
1.02312
1.02869
1.03431
1.03839
1.03966
1.03745
1.03174
1.02315
1.01271
1.00165
0.991282
0.982928
0.977867
0.977212
0.981666
0.991255
1.00521
1.02203
1.0398
1.05646
1.07022
1.07968
1.08404
1.08316
1.07784
1.07012
1.06317
1.06032
1.06325
1.07103
1.0812
1.09144
1.10049
1.10805
1.11429
1.11945
1.12359
1.12664
1.12837
1.12853
1.12703
1.12402
1.11995
1.11554
1.11155
