15.8523 9.71655 13.9166
15.091 8.74417 13.2988
14.8312 8.45237 13.2988
14.7027 8.27199 13.2988
14.4858 8.03095 12.6823
14.1688 7.72445 12.5262
14.1211 7.75338 12.5262
13.985 7.6502 12.4682
13.7208 7.44436 11.5505
13.5738 7.21366 11.5505
13.4223 7.07578 11.5505
13.078 6.76467 11.5505
12.9956 6.68129 11.5505
12.893 6.59745 11.5505
12.789 6.4978 11.5505
12.591 6.32617 11.5505
12.377 6.24493 11.5505
12.2731 6.15066 10.9559
12.169 6.06564 10.9559
12.1038 6.03296 10.9559
11.9458 5.8819 10.8625
11.7707 5.7687 10.4931
11.5798 5.58176 10.4931
11.4403 5.48663 10.4931
11.3883 5.41862 10.3315
11.3448 5.40975 10.1973
11.3366 5.4132 10.1973
11.3856 5.4351 10.1973
11.3425 5.43964 10.1973
11.192 5.30903 10.1973
11.1683 5.25087 10.1319
11.2465 5.299 10.1319
11.2998 5.29594 10.1319
11.2527 5.26892 10.1319
11.2203 5.26358 10.1319
11.2392 5.31637 10.1319
11.182 5.26436 10.1319
11.188 5.29805 10.1319
11.2431 5.36771 10.1319
11.1511 5.26311 10.0581
11.0488 5.23397 10.0581
11.0411 5.17272 9.64305
10.9609 5.12427 9.64305
10.8417 5.03388 9.64305
10.6082 4.84572 9.36495
10.6539 4.83958 9.36495
10.7692 4.95082 9.36495
10.5754 4.70436 9.36495
10.5423 4.7109 9.36343
10.3496 4.57361 9.36343
10.3729 4.54452 9.36343
10.332 4.4933 9.36343
10.2959 4.44732 9.36343
10.0936 4.25048 9.36343
10.0261 4.16551 9.27213
10.0145 4.10639 8.95438
9.96521 3.98265 8.44914
9.96544 3.97686 8.44914
9.72875 3.77657 8.27123
9.30724 3.3554 8.27123
8.8061 2.90753 8.27123
8.60132 2.75261 8.2275
8.48735 2.66184 8.18928
8.49181 2.66081 7.79543
8.53688 2.69013 7.79543
8.48522 2.65088 7.79543
8.50161 2.66591 7.79543
8.43563 2.62302 7.79543
8.44074 2.63106 7.79543
8.46805 2.6594 7.79543
8.47065 2.6687 7.79543
8.48103 2.68506 7.79543
8.50597 2.70901 7.79543
8.52832 2.73933 7.79543
8.4887 2.71275 7.79543
8.50103 2.7294 7.79543
8.49726 2.7418 7.79543
8.5755 2.82696 7.79543
8.6108 2.86054 7.79543
8.56022 2.79519 7.79543
8.54965 2.78656 7.79543
8.55696 2.81029 7.79543
8.54525 2.80669 7.79543
8.47911 2.76848 7.79543
8.47712 2.7825 7.79543
8.42093 2.74909 7.79543
8.35981 2.70123 7.79543
8.31284 2.65517 7.79543
8.24024 2.55847 7.78881
8.20857 2.53646 7.78881
8.15081 2.49452 7.78881
8.0903 2.45171 7.74809
8.1135 2.47265 7.74809
8.08635 2.45368 7.35464
8.02383 2.42017 7.33525
8.01995 2.41875 7.33525
8.03684 2.43109 7.33525
8.11452 2.48257 7.33525
8.13592 2.49304 7.33525
8.12914 2.49221 7.33525
8.12172 2.48026 7.33525
8.16424 2.51374 7.33525
8.17658 2.52344 7.33525
8.19551 2.53869 7.33525
8.16828 2.51721 7.33525
8.24706 2.57356 7.33525
8.18719 2.52757 7.33525
8.19588 2.54504 7.33525
8.22283 2.57531 7.33525
8.28076 2.62325 7.33525
8.21669 2.57426 7.33525
8.13495 2.51724 7.33525
8.1159 2.50644 7.33525
8.14581 2.53072 7.33525
8.15681 2.54396 7.33525
8.11017 2.51105 7.33525
8.07757 2.47236 7.33525
8.10989 2.49031 7.33525
8.07536 2.47525 7.33525
8.08984 2.49654 7.33525
8.09352 2.49344 7.33525
8.17468 2.54835 7.33525
8.15052 2.5198 7.33525
8.12175 2.49313 7.33525
8.09932 2.47962 7.33525
8.10999 2.48722 7.33525
8.02915 2.44049 7.33525
7.97513 2.41499 7.33525
7.92104 2.38255 7.33525
7.90018 2.3732 7.33525
7.8892 2.36206 7.2546
7.86138 2.34794 7.2546
7.87165 2.35684 7.2546
7.85972 2.35495 7.2546
7.81696 2.32549 7.2546
7.81582 2.32702 7.2546
7.79774 2.31302 7.2546
7.80825 2.33071 7.2546
7.7757 2.32536 7.2546
7.75104 2.31899 7.2546
7.76175 2.3247 7.2546
7.72375 2.3045 7.2546
7.68627 2.28457 7.22298
7.67434 2.26517 7.22298
7.6233 2.23328 7.22298
7.62794 2.23844 7.22298
7.58203 2.21042 7.22298
7.59774 2.22569 7.22298
7.61893 2.24655 7.22298
7.58416 2.22644 7.22298
7.59463 2.23444 7.22298
7.5864 2.22701 7.22298
7.65229 2.26615 7.22298
7.65427 2.2656 7.22298
7.64733 2.26401 7.22298
7.70656 2.30924 7.22298
7.69121 2.30306 7.22298
7.65485 2.2692 7.22298
7.63237 2.25185 7.22298
7.70356 2.31161 7.22298
7.68345 2.27138 7.18588
7.67892 2.26657 7.18588
7.68584 2.26523 7.18588
7.70963 2.26977 7.18588
7.72771 2.30166 7.18588
7.74846 2.3164 7.18588
7.7956 2.34023 7.18588
7.79934 2.32412 7.18588
7.76493 2.31915 7.18588
7.77275 2.33478 7.18588
7.81348 2.35188 7.18588
7.77961 2.33013 7.18588
7.77669 2.33212 7.18588
7.65469 2.27825 7.18588
7.67736 2.29575 7.14349
7.6292 2.28128 7.14349
7.62524 2.27879 7.14349
7.57856 2.25497 7.14349
7.53815 2.23093 7.14349
7.587 2.27709 7.04247
7.55695 2.25336 7.04247
7.55477 2.25753 7.04247
7.47814 2.21261 6.87411
7.47942 2.21574 6.87411
7.462 2.21218 6.87411
7.50663 2.24258 6.87411
7.51042 2.24492 6.87411
7.4233 2.1975 6.87411
7.44941 2.21716 6.87411
7.4136 2.19038 6.87411
7.41352 2.18768 6.87411
7.40133 2.17756 6.87411
7.37905 2.17218 6.84541
7.42208 2.2037 6.84541
7.36929 2.17773 6.84541
7.38055 2.193 6.84541
7.39148 2.19946 6.84541
7.433 2.23787 6.7469
7.37268 2.21768 6.7469
7.35631 2.21343 6.7469
7.36322 2.19708 6.7469
7.31876 2.18078 6.7469
7.2843 2.17563 6.7469
7.26711 2.16152 6.7469
7.17212 2.10559 6.7469
7.14384 2.09093 6.7469
7.08781 2.05653 6.7469
7.08993 2.07261 6.66246
7.06144 2.04798 6.66246
7.08078 2.05685 6.40736
7.05761 2.01873 6.40736
7.07637 2.01807 6.40736
7.02109 1.99802 6.40736
6.99477 1.97576 6.40736
6.95731 1.94782 6.40321
6.88097 1.93881 6.40321
6.75206 1.8532 6.40321
6.72165 1.82299 6.40321
6.6335 1.76183 6.31003
6.60719 1.73629 6.19183
6.5538 1.70081 6.19183
6.54396 1.68567 6.19183
6.49759 1.65033 6.19183
6.56256 1.70273 6.19183
6.49183 1.64202 6.19183
6.50999 1.65522 6.19183
6.54829 1.67482 6.19183
6.49872 1.64469 6.19183
6.53055 1.66517 6.19183
6.50801 1.65398 6.19183
6.53851 1.66996 6.19183
6.50745 1.65669 6.19183
6.52327 1.67481 6.19183
6.51803 1.66997 6.19183
6.50711 1.66502 6.19183
6.53697 1.67829 6.19183
6.52475 1.67444 6.19183
6.61656 1.73157 6.19183
6.55898 1.69238 6.19183
6.55805 1.69418 6.19183
6.56414 1.71327 6.19183
6.5404 1.68972 6.19183
6.51887 1.68522 6.18789
6.48157 1.67286 6.18789
6.51237 1.67963 6.18789
6.54297 1.69296 6.18789
6.54247 1.69925 6.18789
6.4971 1.67344 6.18789
6.4718 1.66476 6.18789
6.50345 1.66862 6.08204
6.51976 1.67384 6.08204
6.51559 1.67921 6.08204
6.52935 1.68519 6.08204
6.49774 1.66636 6.08204
6.49842 1.67877 6.08204
6.4739 1.68047 6.08204
6.48228 1.6752 6.08204
6.53875 1.70762 6.08204
6.51906 1.69997 6.07599
6.48513 1.67946 6.07599
6.47938 1.67128 6.07599
6.48342 1.67375 6.07599
6.45372 1.66672 6.07599
6.49604 1.6723 6.07599
6.48606 1.66377 6.07599
6.47818 1.65823 6.07599
6.53799 1.68648 6.07599
6.54095 1.6909 6.07599
6.49024 1.6539 6.07599
6.51893 1.67255 6.07599
6.51496 1.67446 6.07599
6.46766 1.6546 6.07599
6.46808 1.658 6.07599
6.53045 1.68878 6.07599
6.47623 1.66492 6.07599
6.4171 1.63789 6.07599
6.46257 1.66424 6.07599
6.45691 1.65303 6.07599
6.44318 1.64126 6.07599
6.49147 1.66409 6.07599
6.50171 1.66478 6.07599
6.51152 1.6642 6.07599
6.50604 1.64597 6.07599
6.4964 1.64045 6.07599
6.48106 1.63531 6.07599
6.55943 1.68554 6.07599
6.49998 1.64995 6.07599
6.54966 1.67629 6.07599
6.57406 1.68651 6.07599
6.55549 1.68167 6.07599
6.57706 1.69855 6.07599
6.49651 1.64981 6.07599
6.48588 1.64373 6.07599
6.48901 1.64941 6.07599
6.45343 1.63594 6.03078
6.44706 1.63774 6.03078
6.44427 1.63083 6.03078
6.43726 1.62334 6.03078
6.36736 1.59909 6.03078
6.37555 1.60026 6.03078
6.36487 1.60013 6.03078
6.37882 1.61167 6.03078
6.33302 1.59274 6.03078
6.34293 1.59413 6.03078
6.33344 1.5799 6.03078
6.35526 1.58216 6.03078
6.34933 1.57939 6.03078
6.36591 1.58308 6.03078
6.34183 1.56892 6.01998
6.37808 1.58176 6.01998
6.42487 1.60908 6.01998
6.44329 1.62227 6.01998
6.38546 1.57943 6.01998
6.38603 1.58337 6.01998
6.38288 1.58707 6.01998
6.40803 1.61322 6.01998
6.35895 1.58921 6.01998
6.3368 1.57543 6.01998
6.33785 1.57961 6.01998
6.31677 1.57175 6.01998
6.2973 1.56307 6.01998
6.30166 1.5727 6.01998
6.3084 1.57369 6.01998
6.34013 1.59482 6.01998
6.35615 1.60679 6.01998
6.40727 1.65 6.00425
6.30261 1.58432 6.00425
6.31908 1.58449 6.00425
6.2821 1.57125 6.00425
6.26154 1.56661 6.00425
6.25929 1.56694 6.00425
6.22014 1.54457 6.00425
6.2006 1.53356 6.00425
6.22369 1.54902 6.00425
6.22158 1.54897 5.9506
6.1913 1.53642 5.9506
6.19055 1.54186 5.9506
6.15051 1.52573 5.9506
6.16797 1.53477 5.9506
6.17495 1.53935 5.9506
6.21642 1.5661 5.9506
6.19444 1.55486 5.9506
6.16196 1.53783 5.9506
6.18721 1.54992 5.9506
6.20077 1.55672 5.9506
6.23962 1.57796 5.9506
6.20524 1.55819 5.9506
6.19807 1.55667 5.9506
6.17713 1.54847 5.9506
6.18624 1.549 5.9506
6.18942 1.54561 5.9506
6.18954 1.54579 5.9506
6.21143 1.55486 5.9506
6.241 1.57306 5.9506
6.26347 1.58343 5.9506
6.20493 1.55072 5.9506
6.20081 1.55043 5.9506
6.22003 1.56094 5.9506
6.23286 1.56677 5.9506
6.22278 1.55754 5.9506
6.21002 1.55264 5.9506
6.21107 1.55499 5.9506
6.20603 1.55053 5.9506
6.21321 1.5548 5.9506
6.22076 1.55356 5.9506
6.22461 1.55738 5.9506
6.2184 1.55242 5.9506
6.2028 1.54841 5.94834
6.17862 1.53805 5.94834
6.18298 1.539 5.94834
6.1832 1.53906 5.94834
6.18038 1.5384 5.94834
6.1845 1.54123 5.94834
6.1835 1.54424 5.94834
6.18748 1.54535 5.94834
6.23637 1.56706 5.94834
6.24113 1.57287 5.94834
6.23071 1.56604 5.94834
6.19939 1.55613 5.94834
6.23117 1.57113 5.94834
6.19026 1.54954 5.94834
6.18733 1.54998 5.94834
6.18494 1.54846 5.94834
6.17145 1.54255 5.94834
6.15471 1.53383 5.94834
6.15512 1.5341 5.94834
6.16835 1.53809 5.94834
6.14771 1.52774 5.94834
6.14917 1.5272 5.94834
6.15396 1.52651 5.94834
6.14117 1.52017 5.94834
6.13068 1.51832 5.94834
6.15254 1.53181 5.94834
6.15061 1.52981 5.94834
6.15659 1.53747 5.94834
6.16534 1.5347 5.94834
6.16678 1.52713 5.94834
6.18823 1.5388 5.94834
6.24348 1.56596 5.94834
6.16033 1.51379 5.94834
6.14982 1.50416 5.94834
6.15494 1.51117 5.91415
6.18117 1.54183 5.87162
6.17379 1.53831 5.87162
6.17537 1.52615 5.87162
6.13516 1.49506 5.86303
6.09728 1.46677 5.86303
6.05809 1.44626 5.74145
6.07294 1.45447 5.74145
6.05862 1.44358 5.74145
6.05041 1.44025 5.74145
6.06661 1.4501 5.74145
6.04009 1.43135 5.74145
6.01896 1.41765 5.74145
6.01932 1.42277 5.74145
5.99504 1.4039 5.74145
5.98463 1.39214 5.74145
5.9987 1.39552 5.74145
5.99256 1.39153 5.74145
5.98534 1.38559 5.73266
5.93565 1.3605 5.73266
5.87721 1.33178 5.73266
5.87328 1.33376 5.73266
5.85398 1.32432 5.73266
5.85253 1.32455 5.73266
5.87168 1.33333 5.6495
5.86668 1.32994 5.6495
5.89329 1.34386 5.6495
5.8935 1.34228 5.6495
5.86661 1.32893 5.6495
5.8455 1.31923 5.6495
5.85823 1.32306 5.6495
5.86219 1.32561 5.64503
5.87747 1.33088 5.64503
5.85829 1.32137 5.64503
5.86852 1.32857 5.64503
5.8768 1.33371 5.64503
5.87909 1.33459 5.64503
5.88651 1.33528 5.64503
5.8674 1.32979 5.64503
5.88294 1.33635 5.6025
5.88348 1.33862 5.6025
5.86991 1.33147 5.6025
5.889 1.3432 5.6025
5.91942 1.36126 5.6025
5.95404 1.38122 5.6025
6.05157 1.45339 5.6025
5.95255 1.38588 5.6025
5.94809 1.38454 5.6025
5.97206 1.40232 5.6025
6.0036 1.41585 5.6025
6.01326 1.41947 5.6025
5.99654 1.41311 5.6025
5.99497 1.40654 5.6025
6.01032 1.41027 5.6025
6.00406 1.4034 5.6025
6.01064 1.40114 5.6025
5.99156 1.3922 5.6025
6.0226 1.42159 5.6025
6.00409 1.40832 5.6025
5.98574 1.39488 5.6025
5.94482 1.37215 5.6025
5.97644 1.39051 5.6025
5.99239 1.3967 5.6025
6.11469 1.46453 5.6025
6.05199 1.42455 5.6025
5.98164 1.38807 5.6025
6.00778 1.39979 5.6025
5.98152 1.38554 5.6025
5.97752 1.38398 5.6025
5.96036 1.37546 5.6025
5.95415 1.37288 5.6025
5.9429 1.36682 5.6025
5.97745 1.3883 5.6025
5.9395 1.36603 5.6025
5.9491 1.37854 5.6025
5.88686 1.34239 5.6025
5.89323 1.3462 5.6025
5.86221 1.33057 5.6025
5.85026 1.32627 5.6025
5.88209 1.34348 5.6025
5.85832 1.33218 5.6025
5.84617 1.32449 5.6025
5.8486 1.3264 5.6025
5.84418 1.32457 5.6025
5.827 1.31882 5.6025
5.82567 1.32011 5.6025
5.82209 1.32288 5.6025
5.81346 1.31705 5.6025
5.81733 1.31946 5.6025
5.81589 1.31656 5.6025
5.8897 1.35956 5.6025
5.82127 1.32187 5.6025
5.82824 1.32294 5.6025
5.80096 1.30929 5.6025
5.7999 1.31113 5.6025
5.82371 1.32515 5.6025
5.8133 1.31689 5.6025
5.81442 1.3186 5.6025
5.80918 1.31563 5.6025
5.80186 1.31312 5.6025
5.78815 1.30857 5.6025
5.77822 1.30184 5.6025
5.78789 1.3071 5.6025
5.85192 1.34656 5.6025
5.83658 1.33509 5.6025
5.78845 1.30925 5.6025
5.82173 1.3285 5.6025
5.79148 1.31305 5.6025
5.81745 1.32682 5.6025
5.83132 1.33328 5.6025
5.79929 1.31723 5.6025
5.79601 1.31653 5.6025
5.80396 1.32157 5.6025
5.81814 1.32923 5.6025
5.81435 1.3259 5.6025
5.81535 1.32515 5.6025
5.79837 1.31659 5.6025
5.80879 1.32088 5.6025
5.80481 1.31931 5.6025
5.79661 1.31603 5.6025
5.84037 1.33543 5.6025
5.85677 1.34516 5.6025
5.85842 1.34513 5.6025
5.84286 1.33679 5.6025
5.84699 1.33469 5.6025
5.82045 1.32566 5.6025
5.81741 1.32057 5.6025
5.80219 1.31218 5.6025
5.79584 1.30837 5.6025
5.81343 1.313 5.6025
5.81548 1.31368 5.6025
5.82049 1.31603 5.6025
5.82358 1.31933 5.6025
5.84776 1.33114 5.6025
5.81142 1.316 5.6025
5.7745 1.30006 5.6025
5.7829 1.30315 5.6025
5.79133 1.3064 5.6025
5.80421 1.31287 5.6025
5.81627 1.31868 5.6025
5.79541 1.30843 5.6025
5.79135 1.30773 5.6025
5.78175 1.30542 5.6025
5.84351 1.33607 5.6025
5.82327 1.32327 5.6025
5.81855 1.31932 5.6025
5.88786 1.35763 5.6025
5.83813 1.32975 5.6025
5.84167 1.33031 5.6025
5.87827 1.34867 5.6025
5.89217 1.3626 5.6025
5.86007 1.33848 5.6025
5.84079 1.3305 5.6025
5.80347 1.30763 5.6025
5.82242 1.31307 5.6025
5.83499 1.31777 5.6025
5.84204 1.31999 5.6025
5.84518 1.32083 5.6025
5.84082 1.31965 5.6025
5.84736 1.32153 5.6025
5.85526 1.32439 5.6025
5.87047 1.3312 5.6025
5.85887 1.32338 5.6025
5.87536 1.33507 5.6025
5.86038 1.32514 5.6025
5.86402 1.32592 5.6025
5.87199 1.33279 5.6025
5.88782 1.34045 5.6025
5.89392 1.34579 5.6025
5.90235 1.35161 5.6025
5.88961 1.34601 5.6025
5.87508 1.33247 5.6025
5.88013 1.33366 5.6025
5.88017 1.33257 5.6025
5.88841 1.33599 5.6025
5.8811 1.33355 5.6025
5.89168 1.33794 5.6025
5.90848 1.34576 5.6025
5.94739 1.36372 5.6025
5.93326 1.35474 5.6025
5.92165 1.34956 5.6025
5.91994 1.34961 5.6025
5.88675 1.33726 5.6025
5.90102 1.34274 5.6025
5.90338 1.34336 5.6025
5.92912 1.35407 5.6025
5.92965 1.35426 5.6025
5.93182 1.35866 5.6025
5.95277 1.38151 5.6025
5.95771 1.37209 5.6025
5.95318 1.36896 5.6025
5.96702 1.37231 5.6025
5.92177 1.35247 5.6025
5.92898 1.35583 5.6025
5.94541 1.36127 5.6025
5.94751 1.36362 5.6025
5.90689 1.34634 5.6025
5.90085 1.34419 5.6025
5.90023 1.34622 5.6025
5.88784 1.3404 5.6025
5.89418 1.3434 5.6025
5.88601 1.34067 5.6025
5.89926 1.35108 5.6025
5.88597 1.34497 5.6025
5.88185 1.3381 5.6025
5.89031 1.34892 5.6025
5.90009 1.35519 5.6025
5.88341 1.33947 5.6025
5.87183 1.3318 5.6025
5.87911 1.33832 5.6025
5.88415 1.33743 5.6025
5.86834 1.32968 5.6025
5.86395 1.32805 5.6025
5.87339 1.33283 5.6025
5.873 1.32987 5.6025
5.86739 1.33036 5.6025
5.86519 1.32954 5.6025
5.8632 1.3301 5.6025
5.87603 1.33403 5.6025
5.8949 1.34347 5.6025
5.88256 1.3364 5.6025
5.90151 1.34445 5.6025
5.88207 1.33562 5.6025
5.90281 1.34565 5.6025
5.94831 1.3765 5.6025
5.8989 1.35322 5.6025
5.90221 1.3541 5.6025
5.91647 1.36526 5.6025
5.87387 1.34377 5.6025
5.90535 1.37073 5.6025
5.90867 1.37101 5.6025
5.94194 1.38894 5.6025
5.92018 1.383 5.6025
5.9132 1.3602 5.6025
5.9084 1.35771 5.6025
5.92716 1.36756 5.6025
5.91745 1.35793 5.6025
5.91574 1.35509 5.6025
5.95019 1.37376 5.6025
5.93759 1.36893 5.6025
5.91575 1.34871 5.6025
5.88117 1.33259 5.6025
5.8778 1.33257 5.6025
5.87055 1.32843 5.6025
5.88699 1.3427 5.6025
5.89962 1.34845 5.6025
5.89052 1.34383 5.6025
5.91269 1.36339 5.6025
5.90985 1.35972 5.6025
5.90646 1.36379 5.6025
5.8833 1.35006 5.6025
5.88124 1.3461 5.6025
5.87205 1.33815 5.6025
5.87863 1.33813 5.6025
5.90929 1.35059 5.6025
5.89441 1.34168 5.6025
5.90371 1.34412 5.6025
5.92209 1.35583 5.6025
5.93115 1.36167 5.6025
5.95867 1.37679 5.6025
5.96044 1.37793 5.6025
5.96263 1.38027 5.6025
5.97111 1.38197 5.6025
5.96321 1.37572 5.6025
5.94506 1.36239 5.6025
5.92496 1.35147 5.6025
5.93258 1.35518 5.6025
5.94517 1.36413 5.6025
5.9561 1.37291 5.6025
5.98142 1.38998 5.6025
5.96992 1.38206 5.6025
5.99824 1.40377 5.6025
5.9957 1.40716 5.6025
6.01532 1.41664 5.6025
6.01605 1.41883 5.6025
6.0056 1.41248 5.6025
5.9786 1.39595 5.6025
5.98025 1.40001 5.6025
5.95797 1.38157 5.6025
5.98956 1.39571 5.6025
5.96155 1.37921 5.6025
6.02292 1.41316 5.6025
6.04314 1.42158 5.6025
6.01552 1.4046 5.6025
5.9236 1.35734 5.6025
5.91747 1.36007 5.6025
5.96437 1.3875 5.6025
6.00423 1.4109 5.6025
6.07736 1.45776 5.6025
6.05227 1.43974 5.6025
6.08289 1.45515 5.6025
6.08819 1.45717 5.6025
6.11381 1.47202 5.6025
6.1018 1.46391 5.6025
6.07056 1.44978 5.6025
6.09557 1.46947 5.6025
6.09467 1.47388 5.6025
6.07453 1.46481 5.6025
6.0765 1.48231 5.6025
6.10587 1.50667 5.6025
6.06439 1.47998 5.6025
6.05518 1.46768 5.6025
6.0634 1.47399 5.6025
6.06486 1.47626 5.6025
6.0656 1.47555 5.6025
6.05859 1.46768 5.6025
6.02279 1.43958 5.6025
5.9524 1.39696 5.6025
5.89325 1.35939 5.6025
5.85359 1.34255 5.6025
5.8699 1.35084 5.6025
5.86878 1.34772 5.6025
5.88624 1.35736 5.6025
5.88288 1.35363 5.6025
5.90953 1.36849 5.6025
5.90895 1.36679 5.6025
5.90875 1.3646 5.6025
5.90205 1.36088 5.6025
5.90526 1.3628 5.6025
5.89308 1.35651 5.6025
5.92845 1.3782 5.6025
5.8932 1.35662 5.6025
5.90349 1.36335 5.6025
5.88009 1.35041 5.6025
5.87746 1.35117 5.6025
5.89498 1.36305 5.6025
5.87624 1.35307 5.6025
5.90079 1.36437 5.6025
5.87446 1.34921 5.6025
5.87287 1.34866 5.6025
5.89445 1.36032 5.6025
5.86405 1.34168 5.6025
5.8979 1.35906 5.6025
5.86591 1.33763 5.6025
5.86919 1.34036 5.6025
5.89337 1.35164 5.6025
5.87809 1.34459 5.6025
5.86599 1.33908 5.6025
5.85656 1.33577 5.6025
5.88121 1.34347 5.6025
5.91048 1.35425 5.6025
5.91293 1.35214 5.6025
5.91056 1.35131 5.6025
5.91824 1.35382 5.6025
5.91926 1.35543 5.6025
5.89709 1.34401 5.6025
5.8797 1.33734 5.6025
5.88135 1.33657 5.6025
5.88082 1.33747 5.6025
5.88053 1.33673 5.6025
5.86502 1.32867 5.6025
5.87116 1.33052 5.6025
5.87475 1.33215 5.6025
5.88342 1.33856 5.6025
5.89444 1.34308 5.6025
5.88582 1.33693 5.6025
5.88089 1.33098 5.6025
5.87041 1.32724 5.6025
5.87441 1.33015 5.6025
5.88512 1.33493 5.6025
5.87842 1.33369 5.6025
5.89418 1.34228 5.6025
5.89707 1.34472 5.6025
5.90744 1.34819 5.6025
5.8667 1.33006 5.6025
5.85429 1.32727 5.6025
5.85381 1.32921 5.6025
5.85453 1.3292 5.6025
5.86317 1.3311 5.6025
5.86169 1.32928 5.6025
5.86688 1.33478 5.6025
5.85501 1.32801 5.6025
5.90466 1.36206 5.6025
5.87369 1.33894 5.6025
5.87717 1.341 5.6025
5.87373 1.3397 5.6025
5.87383 1.33883 5.6025
5.86922 1.33816 5.6025
5.88519 1.34874 5.6025
5.86788 1.34021 5.6025
5.84801 1.32944 5.6025
5.84903 1.32908 5.6025
5.85065 1.32659 5.6025
5.88094 1.34163 5.6025
5.89152 1.3484 5.6025
5.8574 1.32818 5.6025
5.86268 1.32951 5.6025
5.85991 1.33053 5.6025
5.85652 1.32836 5.6025
5.85587 1.32762 5.6025
5.89599 1.3488 5.6025
5.941 1.37385 5.6025
6.01207 1.41593 5.6025
5.96267 1.37772 5.6025
5.88105 1.33589 5.6025
5.89239 1.34228 5.6025
5.88465 1.34016 5.6025
5.87387 1.33409 5.6025
5.90944 1.35674 5.6025
5.92161 1.36942 5.6025
5.87124 1.33189 5.6025
5.87274 1.33131 5.6025
5.8546 1.32218 5.6025
5.88329 1.33567 5.6025
5.85009 1.31816 5.6025
5.84728 1.31955 5.6025
5.84263 1.32005 5.6025
5.83823 1.31837 5.6025
5.84301 1.32048 5.6025
5.85681 1.33012 5.6025
5.86674 1.33351 5.6025
5.83088 1.31869 5.6025
5.80892 1.31026 5.6025
5.84229 1.32446 5.6025
5.91024 1.37147 5.6025
5.89889 1.36375 5.6025
5.85978 1.33567 5.6025
5.87706 1.34062 5.6025
5.86511 1.3425 5.6025
5.94263 1.39039 5.6025
5.94734 1.38972 5.6025
5.89855 1.3579 5.6025
5.85796 1.33683 5.6025
5.85371 1.33434 5.6025
5.85776 1.33659 5.6025
5.86985 1.34241 5.6025
5.88112 1.34967 5.6025
5.86525 1.34093 5.6025
5.87948 1.34922 5.6025
5.88975 1.35451 5.6025
5.89961 1.3605 5.6025
5.8789 1.34763 5.6025
5.9094 1.36215 5.6025
5.93057 1.37311 5.6025
5.90099 1.35705 5.6025
5.9111 1.36105 5.6025
5.98147 1.39683 5.6025
5.9505 1.38294 5.6025
5.94176 1.37796 5.6025
5.89961 1.35601 5.6025
5.9255 1.37338 5.6025
5.89424 1.3568 5.6025
5.88314 1.35138 5.6025
5.86486 1.33995 5.6025
5.859 1.3387 5.6025
5.8708 1.34811 5.6025
5.84769 1.33124 5.6025
5.86041 1.34179 5.6025
5.85137 1.33472 5.6025
5.89486 1.36045 5.6025
5.88008 1.35536 5.6025
5.88876 1.3634 5.6025
5.83964 1.33244 5.6025
5.84135 1.33281 5.6025
5.8584 1.33873 5.6025
5.84312 1.33335 5.6025
5.82916 1.3281 5.6025
5.82243 1.32594 5.6025
5.82462 1.32641 5.6025
5.82735 1.32651 5.6025
5.83557 1.33022 5.6025
5.87269 1.35522 5.6025
5.81961 1.3224 5.6025
5.82157 1.32568 5.6025
5.83667 1.33562 5.6025
5.91258 1.38281 5.6025
5.85617 1.34934 5.6025
5.808 1.3272 5.6025
5.80502 1.32489 5.6025
5.82616 1.33551 5.6025
5.83205 1.33937 5.6025
5.85255 1.35182 5.6025
5.86491 1.3562 5.6025
5.84508 1.34436 5.6025
5.86546 1.35519 5.6025
5.88163 1.36294 5.6025
5.84751 1.34427 5.6025
5.85226 1.34436 5.6025
5.82823 1.33036 5.6025
5.84025 1.33644 5.6025
5.87 1.34982 5.6025
5.86122 1.3476 5.6025
5.87256 1.35078 5.6025
5.86497 1.34606 5.6025
5.89566 1.36254 5.6025
5.86703 1.34485 5.6025
5.88003 1.35048 5.6025
5.91096 1.3695 5.6025
5.98585 1.41133 5.6025
6.01715 1.43001 5.6025
5.97442 1.4014 5.6025
5.99979 1.41586 5.6025
5.97129 1.4032 5.6025
5.92735 1.37239 5.6025
5.94101 1.38968 5.6025
5.89554 1.36055 5.6025
5.86778 1.34473 5.6025
5.83458 1.32813 5.6025
5.78867 1.30153 5.6025
5.78526 1.30002 5.6025
5.78552 1.30018 5.6025
5.78687 1.30065 5.6025
5.78562 1.30036 5.6025
5.80128 1.31001 5.6025
5.79844 1.31072 5.6025
5.80772 1.3158 5.6025
5.83259 1.33396 5.6025
5.81979 1.32226 5.6025
5.78222 1.30132 5.6025
5.77804 1.29877 5.6025
5.77451 1.29419 5.6025
5.77362 1.29344 5.6025
5.77662 1.29511 5.6025
5.77747 1.29557 5.6025
5.77678 1.29535 5.6025
5.77408 1.29376 5.6025
5.77033 1.29162 5.6025
5.77988 1.29617 5.6025
5.78576 1.29962 5.6025
5.77829 1.2957 5.6025
5.7775 1.29512 5.6025
5.79447 1.3062 5.6025
5.79782 1.30665 5.6025
5.80674 1.31002 5.6025
5.84327 1.32812 5.6025
5.83411 1.32501 5.6025
5.8544 1.3356 5.6025
5.8441 1.32936 5.6025
5.83663 1.32243 5.6025
5.82889 1.31932 5.6025
5.838 1.32385 5.6025
5.8873 1.35224 5.6025
5.87609 1.34335 5.6025
5.87478 1.34517 5.6025
5.84295 1.3329 5.6025
5.83407 1.33235 5.6025
5.83924 1.34268 5.6025
5.84427 1.3469 5.6025
5.84765 1.34628 5.6025
5.85701 1.34782 5.6025
5.86565 1.35607 5.6025
5.84762 1.34471 5.6025
5.86405 1.35473 5.6025
5.85548 1.34645 5.6025
5.87933 1.35905 5.6025
5.8894 1.36475 5.6025
5.88734 1.36362 5.6025
5.92935 1.38701 5.6025
5.92331 1.37802 5.6025
5.92943 1.37871 5.6025
5.92728 1.37719 5.6025
5.93266 1.37883 5.6025
5.91591 1.35837 5.6025
5.91794 1.35803 5.6025
5.90505 1.35029 5.6025
5.90625 1.34863 5.6025
5.87968 1.33492 5.6025
5.86428 1.32665 5.6025
5.90874 1.3539 5.6025
5.91446 1.35574 5.6025
5.89875 1.3483 5.6025
5.84945 1.32859 5.6025
5.85336 1.33104 5.6025
5.83684 1.32631 5.6025
5.83424 1.3278 5.6025
5.85769 1.33755 5.6025
5.84035 1.32673 5.6025
5.89187 1.352 5.6025
5.87375 1.34221 5.6025
5.90074 1.35745 5.6025
5.88264 1.3465 5.6025
5.88334 1.35072 5.6025
5.85647 1.33328 5.6025
5.87142 1.34122 5.6025
5.84388 1.32618 5.6025
5.85023 1.33325 5.6025
5.87357 1.35315 5.6025
5.85888 1.3449 5.6025
5.83295 1.32744 5.6025
5.82638 1.32551 5.6025
5.81572 1.32035 5.6025
5.799 1.31203 5.6025
5.79035 1.30947 5.6025
5.76646 1.30137 5.6025
5.76098 1.29531 5.6025
5.78261 1.30039 5.6025
5.81706 1.3208 5.6025
5.79475 1.30393 5.6025
5.79077 1.30178 5.6025
5.77816 1.29754 5.6025
5.78269 1.29674 5.6025
5.827 1.31896 5.6025
5.81055 1.30656 5.6025
5.80391 1.30052 5.6025
5.78345 1.29386 5.6025
5.78047 1.29187 5.6025
5.80843 1.3043 5.6025
5.81303 1.30911 5.6025
5.81133 1.31071 5.6025
5.82711 1.32277 5.6025
5.81791 1.31844 5.6025
5.82405 1.32142 5.6025
5.77941 1.2964 5.6025
5.79151 1.30447 5.6025
5.77862 1.29529 5.6025
5.77216 1.29197 5.6025
5.74899 1.28823 5.6025
5.76484 1.29449 5.6025
5.77622 1.29491 5.6025
5.78116 1.29246 5.6025
5.79083 1.29664 5.6025
5.78144 1.29462 5.6025
5.78333 1.29687 5.6025
5.80176 1.31422 5.6025
5.77141 1.29774 5.6025
5.77052 1.29384 5.6025
5.76629 1.29393 5.6025
5.7706 1.29439 5.6025
5.78365 1.30223 5.6025
5.75522 1.29036 5.6025
5.76979 1.29654 5.6025
5.76287 1.29182 5.6025
5.78302 1.29968 5.6025
5.80169 1.30847 5.6025
5.77363 1.296 5.6025
5.77918 1.29873 5.6025
5.76567 1.28963 5.6025
5.75384 1.28598 5.6025
5.7464 1.28184 5.6025
5.75352 1.28475 5.6025
5.75007 1.2858 5.6025
5.7554 1.28817 5.6025
5.7766 1.29754 5.6025
5.76053 1.29031 5.6025
5.74488 1.28266 5.6025
5.76281 1.29271 5.6025
5.7718 1.2978 5.6025
5.76674 1.29663 5.6025
5.77488 1.30082 5.6025
5.78117 1.30058 5.6025
5.75909 1.28997 5.6025
5.73418 1.27649 5.6025
5.75516 1.29071 5.6025
5.74878 1.28367 5.6025
5.73816 1.27863 5.6025
5.73461 1.27572 5.6025
5.75284 1.28404 5.6025
5.77625 1.29678 5.6025
5.75987 1.28839 5.6025
5.75456 1.29074 5.6025
5.77578 1.30155 5.6025
5.77911 1.30319 5.6025
5.77876 1.30758 5.6025
5.77395 1.30228 5.6025
5.79867 1.31755 5.6025
5.75742 1.29343 5.6025
5.7782 1.31252 5.6025
5.76031 1.30009 5.6025
5.76249 1.29929 5.6025
5.75272 1.2946 5.6025
5.75167 1.29835 5.6025
5.72385 1.2909 5.6025
5.69658 1.27644 5.6025
5.70627 1.27914 5.6025
5.71193 1.28245 5.6025
5.71486 1.27944 5.6025
5.73391 1.28956 5.6025
5.75569 1.29852 5.6025
5.73635 1.28831 5.6025
5.74476 1.29479 5.6025
5.78703 1.31501 5.6025
5.75561 1.29474 5.6025
5.73785 1.28326 5.6025
5.73053 1.27924 5.6025
5.727 1.27796 5.564
5.73377 1.28254 5.564
5.7716 1.30665 5.564
5.73481 1.28787 5.564
5.72419 1.28559 5.564
5.73283 1.28918 5.564
5.75353 1.29653 5.564
5.73859 1.29137 5.564
5.76004 1.303 5.564
5.77254 1.30868 5.564
5.75395 1.30187 5.564
5.8015 1.33187 5.564
5.80154 1.32886 5.564
5.79958 1.33066 5.564
5.80021 1.32847 5.564
5.79864 1.33097 5.564
5.77529 1.32107 5.564
5.77489 1.31781 5.564
5.78616 1.3197 5.564
5.81623 1.33394 5.564
5.80453 1.33125 5.564
5.82388 1.33982 5.564
5.83442 1.34181 5.564
5.84647 1.34877 5.564
5.81512 1.32875 5.564
5.81228 1.32675 5.564
5.79257 1.31583 5.564
5.80267 1.31683 5.564
5.79236 1.31222 5.564
5.8074 1.31536 5.564
5.82009 1.3235 5.564
5.83088 1.32909 5.564
5.81294 1.32294 5.564
5.81097 1.31879 5.564
5.83806 1.33304 5.564
5.81596 1.32082 5.564
5.80827 1.31722 5.564
5.8462 1.34277 5.564
5.79327 1.31473 5.564
5.77058 1.30395 5.564
5.73905 1.29012 5.564
5.73248 1.28718 5.564
5.72776 1.28534 5.564
5.70638 1.28119 5.564
5.71218 1.28117 5.564
5.72399 1.28454 5.564
5.72201 1.2815 5.564
5.71627 1.28274 5.564
5.73545 1.289 5.564
5.74008 1.2911 5.564
5.7286 1.28576 5.564
5.7411 1.29208 5.564
5.73882 1.29118 5.564
5.75546 1.30369 5.564
5.74758 1.29996 5.564
5.74987 1.30651 5.564
5.81196 1.33718 5.564
5.76922 1.31015 5.564
5.76504 1.3115 5.564
5.74146 1.30306 5.564
5.74424 1.30579 5.564
5.74002 1.30472 5.564
5.74532 1.30744 5.564
5.73931 1.30413 5.564
5.74483 1.30672 5.564
5.74695 1.30737 5.564
5.7521 1.30982 5.564
5.75326 1.31339 5.564
5.75423 1.31349 5.564
5.78255 1.32461 5.564
5.80853 1.34434 5.564
5.83006 1.34999 5.564
5.82477 1.34992 5.564
5.8387 1.35706 5.564
5.81094 1.33381 5.564
5.7762 1.31425 5.564
5.77765 1.31383 5.564
5.77339 1.31356 5.564
5.76572 1.30939 5.564
5.76985 1.316 5.564
5.7553 1.31078 5.564
5.76985 1.314 5.564
5.77951 1.32251 5.564
5.77217 1.3178 5.564
5.75692 1.30526 5.564
5.74673 1.30001 5.564
5.73406 1.29239 5.564
5.74196 1.29363 5.564
5.74986 1.30011 5.564
5.72037 1.28196 5.564
5.70424 1.27462 5.564
5.71971 1.28418 5.564
5.70447 1.27953 5.564
5.6942 1.27388 5.564
5.69912 1.27919 5.564
5.70203 1.28203 5.564
5.67908 1.27186 5.564
5.67867 1.27174 5.564
5.69903 1.28189 5.564
5.72244 1.29752 5.564
5.72822 1.30012 5.564
5.7108 1.28946 5.564
5.71258 1.29063 5.564
5.69951 1.28486 5.564
5.71269 1.29297 5.564
5.69493 1.28405 5.564
5.70129 1.28695 5.564
5.703 1.28808 5.564
5.72534 1.29998 5.564
5.70724 1.29075 5.564
5.71575 1.29638 5.564
5.71084 1.29328 5.564
5.72133 1.29905 5.564
5.70481 1.29059 5.564
5.71204 1.29361 5.564
5.70924 1.29363 5.564
5.71489 1.29582 5.564
5.70863 1.29257 5.564
5.70223 1.28883 5.564
5.733 1.30422 5.564
5.71849 1.29791 5.564
5.72511 1.30063 5.564
5.72869 1.30288 5.564
5.74428 1.3107 5.564
5.75972 1.32506 5.564
5.82858 1.36836 5.564
5.79204 1.35097 5.564
5.80687 1.35759 5.564
5.75709 1.32682 5.564
5.75026 1.32293 5.564
5.74116 1.31663 5.564
5.73525 1.31185 5.564
5.74283 1.3168 5.564
5.74804 1.31846 5.564
5.75712 1.32052 5.564
5.75193 1.31491 5.564
5.74047 1.30605 5.564
5.74176 1.30381 5.564
5.75339 1.31033 5.564
5.74764 1.30748 5.564
5.75247 1.30665 5.564
5.7518 1.30812 5.564
5.76139 1.31408 5.564
5.79377 1.33108 5.564
5.79027 1.32912 5.564
5.77479 1.32094 5.564
5.76945 1.31821 5.564
5.76819 1.31694 5.564
5.77333 1.32104 5.564
5.77559 1.32055 5.564
5.74795 1.30749 5.564
5.75182 1.30989 5.564
5.75889 1.3134 5.564
5.73899 1.30431 5.564
5.74246 1.30834 5.564
5.72021 1.29892 5.564
5.7171 1.30034 5.564
5.75447 1.32179 5.564
5.76523 1.32979 5.564
5.77978 1.33909 5.564
5.77403 1.33003 5.564
5.77078 1.32759 5.564
5.76984 1.32601 5.564
5.75934 1.31899 5.564
5.76047 1.31756 5.564
5.78567 1.33587 5.564
5.82314 1.35764 5.564
5.819 1.35615 5.564
5.79247 1.34299 5.564
5.75282 1.32047 5.564
5.76295 1.3217 5.564
5.74071 1.31412 5.564
5.73109 1.31466 5.564
5.73517 1.31362 5.564
5.7385 1.31596 5.564
5.743 1.31578 5.564
5.72895 1.3045 5.564
5.76929 1.33275 5.564
5.76434 1.32734 5.564
5.70533 1.29039 5.564
5.71453 1.29962 5.564
5.7469 1.32232 5.564
5.73584 1.31754 5.564
5.75977 1.33312 5.564
5.72401 1.30576 5.564
5.71098 1.29659 5.564
5.70634 1.29408 5.564
5.69839 1.28844 5.564
5.71458 1.29723 5.564
5.70825 1.2981 5.564
5.72547 1.30963 5.564
5.70127 1.29213 5.564
5.73127 1.31022 5.564
5.68828 1.28371 5.564
5.69637 1.28463 5.564
5.69689 1.28578 5.564
5.69558 1.28368 5.564
5.70286 1.29197 5.564
5.6977 1.28541 5.564
5.67792 1.27408 5.564
5.68722 1.27841 5.564
5.68395 1.27723 5.564
5.67509 1.2746 5.564
5.67434 1.2758 5.564
5.68907 1.28323 5.564
5.6944 1.28708 5.564
5.67717 1.28034 5.564
5.70193 1.29109 5.564
5.70419 1.29301 5.564
5.71296 1.29581 5.564
5.74021 1.30881 5.564
5.70033 1.2913 5.564
5.70589 1.29478 5.564
5.68815 1.28587 5.564
5.70963 1.29464 5.564
5.70658 1.29309 5.564
5.71643 1.30125 5.564
5.72237 1.29593 5.564
5.72648 1.29575 5.564
5.73213 1.29914 5.564
5.72634 1.29521 5.564
5.73574 1.30189 5.564
5.76673 1.31646 5.564
5.72891 1.29722 5.564
5.72844 1.29689 5.564
5.75837 1.31055 5.564
5.77421 1.31783 5.564
5.73288 1.29804 5.564
5.71626 1.28951 5.564
5.69159 1.2789 5.564
5.68097 1.27529 5.564
5.68343 1.2781 5.564
5.69208 1.28073 5.564
5.70125 1.28471 5.564
5.70882 1.2883 5.564
5.695 1.29001 5.564
5.6943 1.29121 5.564
5.7232 1.30661 5.564
5.75157 1.31734 5.564
5.70592 1.29735 5.564
5.71577 1.30486 5.564
5.73865 1.318 5.564
5.76103 1.32708 5.564
5.72178 1.30011 5.564
5.71971 1.29248 5.564
5.70848 1.28456 5.564
5.71498 1.28685 5.564
5.72856 1.29491 5.564
5.72375 1.29429 5.564
5.70142 1.28766 5.564
5.6909 1.27805 5.564
5.71597 1.29454 5.564
5.72067 1.29618 5.564
5.73142 1.30459 5.564
5.71645 1.29365 5.564
5.71691 1.29236 5.564
5.71511 1.29329 5.564
5.75767 1.31348 5.564
5.75464 1.3129 5.564
5.7366 1.30288 5.564
5.74812 1.30603 5.564
5.70433 1.27816 5.564
5.727 1.29133 5.564
5.75871 1.30566 5.564
5.73056 1.2928 5.564
5.7292 1.29422 5.564
5.71787 1.28977 5.564
5.71807 1.28754 5.564
5.71289 1.28539 5.564
5.7089 1.28027 5.564
5.70613 1.28076 5.564
5.69926 1.27807 5.564
5.68942 1.27496 5.564
5.71133 1.28293 5.564
5.71166 1.28498 5.564
5.73299 1.29793 5.564
5.73709 1.29671 5.564
5.72247 1.28998 5.564
5.74917 1.3016 5.564
5.77577 1.31436 5.53337
5.82574 1.34674 5.53337
5.757 1.3087 5.53337
5.71846 1.29762 5.53337
5.70669 1.29482 5.53337
5.74153 1.30935 5.53337
5.69576 1.28766 5.53337
5.71073 1.29976 5.53337
5.71889 1.30756 5.53337
5.70591 1.29882 5.53337
5.67661 1.28301 5.53337
5.66209 1.27432 5.53337
5.68042 1.28402 5.53337
5.68706 1.29016 5.53337
5.67231 1.27735 5.53337
5.66582 1.27515 5.53337
5.67769 1.28175 5.53337
5.68499 1.28544 5.53337
5.69552 1.29084 5.53337
5.68315 1.28019 5.53337
5.69719 1.28662 5.53337
5.70058 1.28683 5.53337
5.71706 1.29768 5.53337
5.7108 1.28994 5.53337
5.71872 1.29362 5.53337
5.73823 1.30268 5.53337
5.73611 1.30142 5.53337
5.71334 1.28889 5.53337
5.73195 1.30465 5.53337
5.73714 1.30672 5.53337
5.81152 1.35475 5.53337
5.77626 1.33005 5.53337
5.72854 1.30094 5.53337
5.73376 1.30462 5.53337
5.70985 1.28922 5.53337
5.69777 1.28336 5.53337
5.72492 1.29974 5.53337
5.71485 1.298 5.53337
5.70463 1.2949 5.53337
5.71297 1.29287 5.53337
5.73431 1.30663 5.53337
5.73487 1.30615 5.53337
5.73666 1.30856 5.53337
5.69024 1.28026 5.53337
5.70076 1.28568 5.53337
5.71395 1.29423 5.53337
5.6868 1.27919 5.53337
5.68899 1.27978 5.53337
5.67989 1.27558 5.53337
5.67636 1.27375 5.53337
5.6795 1.27531 5.53337
5.70229 1.28529 5.53337
5.70443 1.28634 5.53337
5.71802 1.29287 5.53337
5.70114 1.28586 5.53337
5.70664 1.2903 5.53337
5.72276 1.29977 5.53337
5.70583 1.28895 5.53337
5.75698 1.31087 5.53337
5.76239 1.31226 5.53337
5.8017 1.33188 5.53337
5.78827 1.32203 5.53337
5.8022 1.32965 5.53337
5.77359 1.31547 5.53337
5.77726 1.31855 5.53337
5.73408 1.29832 5.53337
5.75357 1.30592 5.53337
5.71875 1.29297 5.53337
5.73023 1.29866 5.53337
5.75791 1.30939 5.53337
5.72042 1.29313 5.53337
5.71887 1.29226 5.53337
5.71798 1.29151 5.53337
5.72561 1.29698 5.53337
5.7386 1.30517 5.53337
5.69966 1.28387 5.53337
5.69533 1.28183 5.53337
5.68485 1.27795 5.53337
5.68598 1.27813 5.53337
5.71712 1.29238 5.53337
5.7232 1.29497 5.53337
5.72188 1.29328 5.53337
5.69574 1.28018 5.53337
5.70155 1.2835 5.53337
5.74363 1.3035 5.53337
5.74804 1.30515 5.53337
5.71589 1.28919 5.53337
5.70619 1.2848 5.53337
5.74905 1.30723 5.53337
5.75945 1.31324 5.53337
5.79164 1.32834 5.53337
5.83829 1.3554 5.53337
5.86444 1.37173 5.53337
5.93193 1.41122 5.53337
5.88233 1.37738 5.53337
5.86212 1.36252 5.53337
5.87871 1.36745 5.53337
5.79943 1.32827 5.53337
5.74753 1.30327 5.53337
5.74228 1.30034 5.53337
5.74528 1.3014 5.53337
5.72824 1.29297 5.53337
5.74243 1.29899 5.53337
5.76097 1.30937 5.53337
5.76154 1.31125 5.53337
5.79055 1.32616 5.53337
5.82819 1.34369 5.53337
5.79067 1.32245 5.53337
5.7894 1.32093 5.53337
5.80839 1.33043 5.53337
5.83509 1.34619 5.53337
5.86984 1.36443 5.53337
5.89858 1.38038 5.53337
5.88715 1.37656 5.53337
5.8903 1.37928 5.53337
5.85634 1.35799 5.53337
5.86602 1.3617 5.53337
5.85001 1.35285 5.53337
5.86002 1.35616 5.53337
5.86257 1.3619 5.53337
5.84555 1.3489 5.53337
5.8036 1.32594 5.53337
5.78786 1.31625 5.53337
5.75989 1.30183 5.53337
5.73981 1.29162 5.53337
5.74347 1.29261 5.53337
5.73483 1.28946 5.53337
5.72507 1.28502 5.53337
5.71566 1.28214 5.53337
5.70793 1.27811 5.53337
5.71848 1.2839 5.53337
5.7169 1.28249 5.53337
5.71354 1.28063 5.53337
5.7277 1.28712 5.53337
5.7104 1.27961 5.53337
5.72841 1.29053 5.53337
5.7061 1.27653 5.53337
5.71221 1.27927 5.53337
5.71602 1.28072 5.53337
5.68806 1.26695 5.53337
5.68866 1.26797 5.53337
5.71312 1.27899 5.53337
5.6977 1.27169 5.53337
5.71842 1.28358 5.53337
5.70561 1.27712 5.53337
5.70118 1.27545 5.53337
5.71162 1.28183 5.53337
5.73344 1.29308 5.53337
5.70714 1.28092 5.53337
5.69001 1.27272 5.53337
5.67796 1.2646 5.53337
5.68168 1.26786 5.53337
5.68514 1.27171 5.53337
5.65833 1.25477 5.53337
5.66336 1.2561 5.53337
5.72663 1.28486 5.53337
5.70589 1.27467 5.53337
5.70015 1.27416 5.53337
5.71203 1.27778 5.53337
5.70569 1.27454 5.53337
5.66526 1.25734 5.53337
5.67218 1.25983 5.53337
5.67809 1.26344 5.53337
5.68666 1.26527 5.53337
5.66031 1.25625 5.53337
5.6548 1.25417 5.53337
5.68307 1.26437 5.53337
5.69437 1.27206 5.53337
5.70016 1.2734 5.53337
5.74213 1.29405 5.53337
5.72181 1.28737 5.53337
5.71848 1.28033 5.53337
5.75047 1.29301 5.53337
5.74519 1.29408 5.53337
5.71849 1.27937 5.53337
5.72621 1.28237 5.53337
5.70285 1.27282 5.53337
5.72744 1.28407 5.53337
5.7441 1.29125 5.53337
5.76766 1.30355 5.53337
5.77272 1.30545 5.53337
5.80829 1.3313 5.53337
5.74523 1.29398 5.53337
5.75533 1.29755 5.53337
5.75313 1.30065 5.53337
5.81253 1.33357 5.53337
5.74353 1.29341 5.53337
5.74067 1.29249 5.53337
5.76668 1.30483 5.53337
5.81299 1.33697 5.53337
5.79407 1.32407 5.53337
5.83153 1.34274 5.53337
5.78805 1.32118 5.53337
5.80571 1.32826 5.53337
5.7828 1.31387 5.53337
5.8115 1.33447 5.53337
5.75703 1.30847 5.53337
5.75042 1.30459 5.53337
5.70685 1.28404 5.53337
5.69357 1.27879 5.53337
5.70165 1.28224 5.53337
5.69605 1.28146 5.53337
5.71673 1.28751 5.53337
5.72432 1.29231 5.53337
5.74669 1.29966 5.53337
5.73594 1.29081 5.53337
5.73614 1.29203 5.53337
5.75424 1.2989 5.53337
5.75675 1.29837 5.53337
5.74798 1.29344 5.53337
5.71145 1.27855 5.53337
5.69889 1.2738 5.53337
5.73714 1.29606 5.53337
5.7066 1.28093 5.53337
5.70412 1.27765 5.53337
5.66133 1.25811 5.53337
5.66752 1.26233 5.53337
5.6381 1.24881 5.53337
5.66824 1.26098 5.53337
5.68257 1.26666 5.53337
5.70232 1.27523 5.53337
5.67112 1.26276 5.53337
5.64908 1.25401 5.53337
5.65349 1.2558 5.53337
5.68142 1.268 5.53337
5.67458 1.2652 5.53337
5.71977 1.29029 5.53337
5.64966 1.25405 5.53337
5.65394 1.25588 5.53337
5.6523 1.25521 5.53337
5.69167 1.27444 5.53337
5.67741 1.26831 5.53337
5.6867 1.27476 5.53337
5.64484 1.25337 5.53337
5.64119 1.25074 5.53337
5.66517 1.26151 5.53337
5.68062 1.26783 5.53337
5.70681 1.27797 5.53337
5.68771 1.26972 5.53337
5.67534 1.26338 5.53337
5.68016 1.26779 5.53337
5.72126 1.28995 5.53337
5.68644 1.27333 5.53337
5.74638 1.30611 5.53337
5.71945 1.28643 5.53337
5.67745 1.26397 5.53337
5.69366 1.26853 5.53337
5.7331 1.28275 5.53337
5.73737 1.28357 5.53337
5.7242 1.27638 5.53337
5.70166 1.26714 5.53337
5.69145 1.26307 5.53337
5.6765 1.25686 5.53337
5.68121 1.25805 5.53337
5.68069 1.25845 5.53337
5.67932 1.25788 5.53337
5.68111 1.25915 5.53337
5.68309 1.25959 5.53337
5.70276 1.26644 5.53337
5.7119 1.27171 5.53337
5.70205 1.26663 5.53337
5.70727 1.27107 5.53337
5.75265 1.298 5.53337
5.7505 1.29572 5.53337
5.76749 1.30628 5.53337
5.7343 1.2884 5.53337
5.70475 1.26917 5.53337
5.72478 1.28146 5.53337
5.75123 1.29881 5.53337
5.73678 1.28797 5.53337
5.78157 1.31512 5.53337
5.78417 1.31454 5.53337
5.71749 1.27249 5.53337
5.70325 1.26717 5.53337
5.69108 1.26188 5.53337
5.69696 1.26506 5.53337
5.69964 1.26652 5.53337
5.76366 1.30088 5.53337
5.72984 1.28328 5.53337
5.723 1.28249 5.53337
5.73099 1.2887 5.53337
5.72826 1.28378 5.53337
5.74343 1.28989 5.53337
5.7331 1.28583 5.53337
5.71821 1.27864 5.53337
5.71592 1.2796 5.53337
5.74736 1.29944 5.53337
5.71979 1.28144 5.53337
5.75153 1.29775 5.53337
5.73627 1.28966 5.53337
5.78196 1.31279 5.53337
5.74281 1.28963 5.53337
5.78708 1.3171 5.53337
5.72883 1.28246 5.53337
5.76909 1.30744 5.53337
5.76061 1.30151 5.53337
5.73314 1.282 5.53337
5.74162 1.28506 5.53337
5.77403 1.31209 5.53337
5.83502 1.35908 5.53337
5.84154 1.35901 5.53337
5.86403 1.37713 5.53337
5.8296 1.34613 5.53337
5.89161 1.38192 5.53337
5.80401 1.32248 5.53337
5.77619 1.30606 5.53337
5.75227 1.29418 5.53337
5.76214 1.29817 5.53337
5.77807 1.30619 5.53337
5.76883 1.29847 5.53337
5.78675 1.31108 5.53337
5.7904 1.31326 5.53337
5.76184 1.29862 5.53337
5.79743 1.31758 5.53337
5.81888 1.32985 5.53337
5.91574 1.39056 5.53337
5.86324 1.35369 5.53337
5.86053 1.35 5.53337
5.94599 1.40155 5.53337
5.92759 1.38461 5.53337
5.93831 1.39809 5.53337
5.93509 1.39569 5.53337
5.92798 1.38588 5.53337
5.92752 1.38835 5.53337
5.85519 1.34726 5.53337
5.86728 1.35405 5.53337
5.86215 1.352 5.53337
5.83137 1.33698 5.53337
5.86402 1.35496 5.53337
5.8782 1.35976 5.53337
5.93538 1.39049 5.53337
5.91683 1.38891 5.53337
6.00198 1.45867 5.53337
5.90996 1.38635 5.53337
5.91438 1.39116 5.53337
5.88401 1.36915 5.53337
5.87206 1.36005 5.53337
5.92629 1.40257 5.53337
5.94477 1.40328 5.53337
5.93667 1.39419 5.53337
6.07215 1.47781 5.53337
6.00076 1.42532 5.53337
5.92467 1.37623 5.53337
5.92441 1.37346 5.53337
5.95057 1.3835 5.53337
5.94556 1.38252 5.53337
5.9585 1.38816 5.53337
5.93933 1.37684 5.53337
5.94983 1.38638 5.53337
5.96295 1.39786 5.53337
5.95387 1.38827 5.53337
5.9372 1.38006 5.53337
5.99284 1.41925 5.53337
5.99529 1.42057 5.53337
5.95046 1.39103 5.53337
5.93141 1.38131 5.53337
5.91777 1.3796 5.53337
5.92091 1.38009 5.53337
5.9122 1.37519 5.53337
5.91687 1.37617 5.53337
5.90516 1.37202 5.53337
5.92495 1.37997 5.53337
5.96081 1.39462 5.53337
5.94732 1.38996 5.53337
5.93635 1.38638 5.53337
5.92458 1.38123 5.53337
5.90511 1.37097 5.53337
5.91935 1.37644 5.53337
5.90293 1.37284 5.53337
5.89271 1.37142 5.53337
5.89872 1.37322 5.53337
5.90482 1.37391 5.53337
5.90709 1.37299 5.53337
5.91671 1.37755 5.53337
5.91885 1.38096 5.53337
5.89544 1.36732 5.53337
5.93533 1.39263 5.53337
5.9279 1.39263 5.53337
5.89365 1.3701 5.53337
5.89025 1.3677 5.53337
5.8929 1.36727 5.53337
5.90329 1.3716 5.53337
5.90102 1.36962 5.53337
5.90626 1.37121 5.53337
5.92503 1.37573 5.53337
5.96187 1.39697 5.53337
5.92046 1.37462 5.53337
5.91756 1.37318 5.53337
5.92543 1.37604 5.53337
5.92337 1.37243 5.53337
5.9408 1.38132 5.53337
5.93309 1.37938 5.53337
5.94839 1.38934 5.53337
5.9344 1.37628 5.53337
5.9293 1.37304 5.53337
5.93427 1.37441 5.53337
5.91797 1.36764 5.53337
5.92775 1.37343 5.53337
5.95429 1.38671 5.53337
5.9543 1.38661 5.53337
5.96328 1.39163 5.53337
5.95353 1.38725 5.53337
5.94669 1.38273 5.53337
5.94453 1.38136 5.53337
5.96288 1.39382 5.53337
5.97817 1.4023 5.53337
5.96452 1.38934 5.53337
5.96081 1.38655 5.53337
5.94854 1.37957 5.53337
5.93222 1.37404 5.53337
5.95304 1.38276 5.53337
5.94404 1.378 5.53337
5.92505 1.36846 5.53337
5.93201 1.37124 5.53337
5.94675 1.38063 5.53337
5.92181 1.37 5.53337
5.92612 1.37207 5.53337
5.94568 1.3812 5.53337
5.95165 1.38851 5.53337
6.02155 1.42616 5.53337
5.98115 1.40039 5.53337
5.96204 1.38414 5.53337
5.96651 1.38671 5.53337
5.97491 1.39078 5.53337
5.98091 1.39329 5.53337
5.96521 1.38664 5.53337
5.98469 1.39455 5.53337
6.00599 1.40557 5.53337
6.01774 1.41214 5.53337
6.04113 1.4234 5.53337
6.08862 1.45547 5.53337
6.07226 1.44764 5.53337
6.09904 1.46591 5.53337
6.06122 1.43467 5.53337
6.03358 1.42161 5.53337
5.98171 1.39375 5.53337
5.97811 1.39024 5.53337
5.98412 1.39085 5.53337
5.96588 1.38541 5.53337
5.97522 1.39097 5.53337
5.98766 1.397 5.53337
5.98313 1.39437 5.53337
6.00828 1.40825 5.53337
6.00104 1.40719 5.53337
6.02936 1.42703 5.53337
6.00794 1.40886 5.53337
5.97611 1.3909 5.53337
5.99029 1.39739 5.53337
5.98108 1.3956 5.53337
6.02809 1.43083 5.53337
5.96915 1.38663 5.53337
5.95908 1.38289 5.53337
5.99256 1.40461 5.53337
6.01924 1.41839 5.53337
6.0222 1.4177 5.53337
5.98764 1.3982 5.53337
5.96559 1.39081 5.53337
5.94671 1.37734 5.53337
5.95241 1.38278 5.53337
5.94557 1.38071 5.53337
5.94585 1.37852 5.53337
5.93322 1.37226 5.53337
5.96519 1.39072 5.53337
6.01389 1.41532 5.53337
6.1416 1.50372 5.53337
5.96117 1.39163 5.53337
5.97663 1.39831 5.53337
6.00645 1.4129 5.53337
5.96013 1.38729 5.53337
5.95723 1.38555 5.53337
5.96697 1.39297 5.53337
5.96183 1.39412 5.53337
5.97975 1.40662 5.53337
5.99713 1.41919 5.53337
5.98905 1.41306 5.53337
5.98423 1.40734 5.53337
5.98587 1.40915 5.53337
5.98122 1.40489 5.53337
5.99684 1.41368 5.53337
5.97432 1.4013 5.53337
5.92305 1.36986 5.53337
5.93491 1.37631 5.53337
5.92943 1.37531 5.53337
5.92384 1.37332 5.53337
5.98382 1.40599 5.53337
5.94878 1.38286 5.533
5.93264 1.37372 5.533
5.92106 1.36867 5.533
5.9208 1.36849 5.533
5.92899 1.37378 5.533
5.97125 1.39866 5.533
5.9988 1.41744 5.533
6.00626 1.42014 5.533
5.9554 1.39102 5.533
5.91671 1.36898 5.533
5.91259 1.3667 5.533
5.93802 1.37699 5.533
5.92193 1.37003 5.533
5.92296 1.36979 5.533
5.92761 1.37359 5.533
5.93934 1.37751 5.533
5.95616 1.38811 5.533
5.94914 1.38332 5.533
5.9292 1.37242 5.533
5.93675 1.37638 5.533
5.93433 1.37449 5.533
5.92809 1.37088 5.533
5.93057 1.37366 5.533
5.92891 1.37384 5.533
5.93462 1.37999 5.533
5.9264 1.37758 5.533
5.97124 1.40016 5.533
5.92673 1.37406 5.533
5.91829 1.371 5.533
5.9545 1.38573 5.533
5.9165 1.36813 5.533
5.92833 1.37374 5.533
5.94357 1.3791 5.533
5.92445 1.37387 5.533
5.93681 1.37889 5.533
5.93802 1.37823 5.533
5.91975 1.37194 5.533
5.93399 1.37856 5.533
5.9288 1.37753 5.533
5.94358 1.38316 5.533
5.90683 1.36814 5.46734
5.93058 1.38073 5.46734
5.8944 1.36166 5.46734
5.97854 1.42236 5.46734
5.94577 1.39449 5.46734
5.91726 1.37191 5.46734
5.9461 1.389 5.46734
5.95126 1.39192 5.46734
5.95205 1.39623 5.46734
5.92146 1.3784 5.46734
5.95556 1.39817 5.46734
5.9064 1.3661 5.46734
5.91629 1.36991 5.46734
5.93502 1.37934 5.46734
5.95484 1.39116 5.46734
5.97387 1.4072 5.46734
5.96133 1.39289 5.46734
5.93769 1.37952 5.46734
6.01516 1.4223 5.46734
6.04885 1.4456 5.46734
5.97895 1.40107 5.46734
5.93965 1.38127 5.46734
5.96128 1.39358 5.46734
5.91526 1.37466 5.46734
5.93199 1.3921 5.46734
5.9226 1.39265 5.46734
5.90801 1.3849 5.46734
5.88692 1.38356 5.46734
5.89378 1.40947 5.46734
5.92258 1.43086 5.46734
5.94196 1.4427 5.46734
5.98612 1.47314 5.46734
5.90867 1.41346 5.46734
5.92109 1.42372 5.46734
5.87184 1.35953 5.46734
5.86533 1.35999 5.46734
5.8967 1.39392 5.46734
5.8621 1.36531 5.46734
5.89608 1.38599 5.46734
5.92281 1.4024 5.46734
5.91176 1.39613 5.46734
5.95262 1.42655 5.46734
5.99367 1.46378 5.46734
5.95388 1.42502 5.46734
5.99233 1.4582 5.46734
5.94281 1.41704 5.46734
5.92185 1.40319 5.46734
5.87365 1.38318 5.46734
5.88866 1.39365 5.46734
5.89252 1.41377 5.46734
5.88196 1.41216 5.46734
5.8172 1.37885 5.46734
5.82102 1.40012 5.46734
5.84388 1.41676 5.46734
5.85547 1.43011 5.46734
5.90135 1.46755 5.46734
5.89153 1.46625 5.46734
5.89329 1.46897 5.46734
5.89472 1.46181 5.46734
5.87048 1.44101 5.46734
5.83553 1.39722 5.46734
5.75558 1.34727 5.46734
5.73052 1.32185 5.46734
5.66641 1.27674 5.46734
5.63044 1.25726 5.46734
5.64421 1.26416 5.46734
5.5814 1.23827 5.46734
5.53011 1.21758 5.46734
5.55864 1.22834 5.40347
5.53743 1.21919 5.32198
5.49794 1.19277 5.32198
5.52164 1.20031 5.32198
5.53505 1.20669 5.32198
5.53177 1.20504 5.32198
5.52344 1.19861 5.32198
5.52342 1.19844 5.32198
5.50032 1.18898 5.32198
5.51355 1.19097 5.32198
5.51403 1.19239 5.32198
5.51592 1.19198 5.32198
5.5068 1.18903 5.32198
5.50582 1.18914 5.32198
5.49538 1.1874 5.32198
5.49229 1.18722 5.32198
5.49234 1.18813 5.32198
5.50267 1.1919 5.32198
5.48989 1.18635 5.32198
5.50334 1.19228 5.32198
5.51817 1.19596 5.32198
5.49923 1.19039 5.32198
5.5163 1.19849 5.32198
5.52407 1.20506 5.32198
5.52693 1.20669 5.32198
5.55255 1.21935 5.32198
5.51421 1.19335 5.32198
5.52304 1.19519 5.32198
5.52994 1.19455 5.32198
5.53584 1.19969 5.32198
5.5631 1.21387 5.32198
5.56013 1.21242 5.32198
5.54773 1.20817 5.32198
5.52152 1.19768 5.32198
5.5178 1.19602 5.32198
5.54454 1.2097 5.32198
5.53822 1.20928 5.32198
5.55144 1.2139 5.32198
5.54682 1.20911 5.32198
5.55371 1.21296 5.32198
5.57171 1.22621 5.32198
5.55981 1.21876 5.32198
5.53726 1.20375 5.32198
5.51872 1.19556 5.32198
5.50768 1.19216 5.32198
5.5283 1.19957 5.32198
5.52093 1.19741 5.32198
5.54165 1.20676 5.32198
5.52838 1.20199 5.32198
5.49832 1.1881 5.32198
5.49841 1.18895 5.32198
5.51044 1.19389 5.32198
5.47843 1.1818 5.32198
