15.5019 9.33386 13.4914
15.173 8.82101 13.4914
14.8583 8.56068 13.2053
14.6467 8.38094 12.7587
14.2504 8.03867 12.676
14.0638 7.80828 12.5452
13.9907 7.76013 12.5452
13.989 7.76368 12.5452
13.9774 7.7774 12.5452
13.8362 7.6365 12.393
13.7464 7.49537 12.2898
13.2506 6.95608 12.0396
12.8515 6.62107 11.6406
12.6578 6.45396 11.3878
12.6711 6.47016 11.3878
12.6115 6.44137 11.0831
12.6515 6.51975 11.0831
12.5741 6.47661 10.9476
12.4704 6.43847 10.9476
12.3766 6.31185 10.9476
12.3677 6.2932 10.9476
12.2307 6.19655 10.9476
12.3709 6.26489 10.9476
12.3323 6.19323 10.9476
12.354 6.15717 10.9476
12.4232 6.20248 10.9476
12.46 6.22237 10.9476
12.5109 6.29467 10.9476
12.4126 6.192 10.9476
12.3248 6.13714 10.9476
12.2705 5.99329 10.9015
12.1769 5.85215 10.9015
12.1483 5.79494 10.9015
12.1458 5.84115 10.9015
12.1744 5.89454 10.9015
12.0069 5.7494 10.9015
11.933 5.72154 10.9015
11.8058 5.59145 9.98628
11.4961 5.21768 9.98628
11.1446 4.90813 9.98628
10.8058 4.53236 9.98628
10.5719 4.35709 9.8731
10.3511 4.23377 9.8731
10.4078 4.2808 9.8731
10.5045 4.36663 9.78468
10.5018 4.32161 9.74996
10.4783 4.26613 9.6779
10.3647 4.1585 9.52416
10.3091 4.12954 9.50781
10.1351 3.97871 9.50781
9.9614 3.82295 9.32901
9.93681 3.78456 9.07592
9.86238 3.72857 9.07592
9.75119 3.64398 9.07592
9.74587 3.6333 9.07592
9.67913 3.58221 9.07592
9.68346 3.59646 8.90259
9.68721 3.6098 8.90259
9.64086 3.57637 8.90259
9.61182 3.55467 8.90259
9.56351 3.5125 8.90259
9.56011 3.51495 8.90259
9.59752 3.5377 8.90259
9.56799 3.50788 8.90259
9.58053 3.5145 8.51434
9.58488 3.52184 8.51434
9.61911 3.55255 8.51434
9.6236 3.55778 8.51434
9.58022 3.54154 8.51434
9.59724 3.55402 8.51434
9.53647 3.5211 8.51434
9.49191 3.52134 8.51434
9.55158 3.55216 8.51434
9.55913 3.57074 8.51434
9.57888 3.58257 8.51434
9.56639 3.55022 8.51434
9.50075 3.51256 8.51434
9.39958 3.44148 8.42268
9.39204 3.44332 8.42268
9.32112 3.39666 8.24967
9.12152 3.27625 8.24967
9.07334 3.25396 8.24967
8.92575 3.15029 8.24967
8.80084 3.06349 8.16291
8.71142 2.99866 8.16291
8.64754 2.94583 8.16291
8.63022 2.94488 7.92403
8.63775 2.95099 7.88625
8.61311 2.918 7.88625
8.57126 2.87793 7.7897
8.56668 2.86749 7.70627
8.57148 2.88207 7.70627
8.5201 2.84106 7.70627
8.41272 2.76293 7.62569
8.36013 2.7206 7.22094
8.272 2.6554 7.22094
8.04119 2.47315 7.22094
7.94708 2.39709 7.12544
8.01192 2.45263 7.12544
7.96797 2.41462 7.12544
7.94254 2.41879 7.12544
7.91299 2.41719 7.12544
7.93829 2.44431 7.12544
7.90643 2.40581 7.12544
7.90477 2.38788 7.12544
7.86082 2.35722 7.12544
7.917 2.39643 7.12544
7.84456 2.3582 7.12544
7.88869 2.40298 7.12544
7.89718 2.42516 7.12544
7.89918 2.41355 7.12544
7.7308 2.30579 7.12544
7.68052 2.29405 7.12544
7.66555 2.28928 7.12544
7.677 2.2893 7.12544
7.76977 2.34873 7.0325
7.96242 2.49177 7.0325
7.95054 2.50152 7.0325
7.89079 2.45574 7.0325
7.97028 2.55328 7.0325
7.88014 2.49247 7.0325
7.85705 2.46158 7.0325
7.76121 2.34788 7.0325
7.71739 2.31335 7.0325
7.64112 2.2417 7.0325
7.51363 2.15202 7.0325
7.54193 2.18196 7.0325
7.5411 2.20063 7.0325
7.48451 2.16806 7.0325
7.48128 2.16725 7.0325
7.44971 2.14705 6.9856
7.43448 2.12195 6.9856
7.42032 2.09983 6.9856
7.42807 2.10049 6.9856
7.44777 2.11624 6.9856
7.44478 2.13257 6.9856
7.45724 2.13829 6.9856
7.51351 2.18397 6.9856
7.52264 2.19974 6.9856
7.58882 2.24466 6.9856
7.60535 2.25817 6.9856
7.6572 2.28726 6.9856
7.66711 2.28956 6.9856
7.6381 2.26846 6.9856
7.62537 2.23075 6.9856
7.56599 2.19109 6.9856
7.59898 2.20757 6.9856
7.68035 2.26078 6.9856
7.69409 2.26894 6.9856
7.70872 2.29523 6.93656
7.57224 2.19319 6.90822
7.59605 2.22421 6.90822
7.63759 2.25682 6.90822
7.64928 2.25834 6.7681
7.5555 2.20393 6.7681
7.57893 2.22437 6.7681
7.56903 2.2139 6.7681
7.53061 2.1874 6.7681
7.38791 2.10221 6.7681
7.30595 2.05201 6.69173
7.25338 2.03632 6.69173
7.23291 2.03403 6.69173
7.13662 1.99343 6.62225
7.12983 2.00441 6.62225
7.12819 2.02662 6.62225
7.08309 1.97481 6.62225
7.02005 1.94361 6.62225
6.92764 1.89623 6.49376
6.90632 1.88226 6.49376
6.90262 1.86993 6.49376
6.88394 1.85874 6.49376
6.87154 1.85359 6.49376
6.89491 1.86092 6.49376
6.93362 1.88299 6.49376
6.90867 1.87076 6.49376
6.91904 1.872 6.49376
6.92701 1.88595 6.49376
6.92744 1.8829 6.49376
6.9474 1.89564 6.49376
7.00457 1.92521 6.49376
6.96763 1.90854 6.49376
6.92146 1.88241 6.49376
6.95774 1.90448 6.49376
6.98162 1.92139 6.49376
6.99518 1.9255 6.49376
6.95752 1.91092 6.49376
6.94339 1.89646 6.49376
6.93769 1.88848 6.49376
6.97226 1.90755 6.49376
6.95681 1.90111 6.49376
6.97195 1.91607 6.49376
6.99545 1.93803 6.49376
7.01998 1.96503 6.49376
7.0527 1.9914 6.49376
6.95683 1.91948 6.49376
6.99029 1.93163 6.49376
6.97033 1.91371 6.49376
6.87962 1.84362 6.49376
6.89095 1.86426 6.46181
6.90121 1.8795 6.46181
6.85847 1.857 6.12063
6.82638 1.82656 6.12063
6.79798 1.81849 6.07809
6.71195 1.77509 6.07809
6.69407 1.76055 6.07809
6.70706 1.76735 6.07809
6.70505 1.76169 6.07809
6.74739 1.80071 6.07809
6.6823 1.75625 6.07809
6.62688 1.7397 6.07809
6.65146 1.74838 6.07809
6.61235 1.72073 6.07809
6.62298 1.73481 6.07809
6.64738 1.75898 6.07809
6.59929 1.7331 6.07809
6.5782 1.7216 6.07809
6.57961 1.71556 6.07809
6.55978 1.70788 6.07809
6.56932 1.71175 6.07809
6.59405 1.71936 6.07809
6.57407 1.70899 6.07809
6.57639 1.70855 6.07809
6.56624 1.70214 6.07809
6.61842 1.7298 6.07809
6.58874 1.71278 6.07809
6.57235 1.70919 6.07809
6.56748 1.70455 6.07809
6.57154 1.71234 6.07809
6.57716 1.71084 6.07809
6.59203 1.71297 6.07809
6.6112 1.71169 6.07809
6.60712 1.7129 6.07809
6.6355 1.74144 6.07809
6.66056 1.76375 6.07809
6.58559 1.71474 6.07809
6.58756 1.71206 6.07809
6.5939 1.7111 6.07809
6.63024 1.73211 6.07809
6.62914 1.7302 6.07809
6.58421 1.70716 6.07809
6.62486 1.73722 6.07809
6.60418 1.72516 6.07809
6.65857 1.7602 6.07809
6.56686 1.69486 6.07809
6.49876 1.65869 6.07809
6.50114 1.66309 6.07809
6.46052 1.6385 6.07809
6.45704 1.63618 6.07809
6.46232 1.6378 6.07809
6.48993 1.65433 6.07809
6.44837 1.63344 6.07809
6.47887 1.65311 6.07809
6.45829 1.63749 6.07809
6.43451 1.61656 6.07809
6.4457 1.62174 6.07809
6.41056 1.59981 6.07809
6.46456 1.63303 6.07809
6.45166 1.62134 6.07809
6.44338 1.61747 6.07809
6.45363 1.61479 6.07809
6.4574 1.61777 6.07809
6.44975 1.61623 6.07809
6.4415 1.61264 6.07809
6.4641 1.62863 6.07809
6.48395 1.64182 6.07809
6.4585 1.62619 6.07809
6.46402 1.62941 6.07809
6.4189 1.60312 6.07809
6.45198 1.62221 6.07809
6.47361 1.63409 6.07809
6.46362 1.63269 6.07809
6.55127 1.68459 6.07809
6.50698 1.65145 6.07809
6.51931 1.66376 6.07809
6.5046 1.649 6.07809
6.55751 1.68418 6.07809
6.51354 1.66179 6.07809
6.47446 1.6335 6.07809
6.41699 1.60545 6.07809
6.42887 1.60593 6.07809
6.39873 1.59245 6.07809
6.38115 1.58848 6.07809
6.38143 1.58798 6.07809
6.37394 1.58331 6.07809
6.37002 1.58069 6.07809
6.40293 1.60226 6.07809
6.42882 1.62245 6.07809
6.37307 1.58941 6.07809
6.38168 1.59846 6.07809
6.37972 1.59652 6.07809
6.35217 1.58365 6.07809
6.3765 1.5926 6.07809
6.42325 1.62037 6.07809
6.46763 1.64059 6.07809
6.43224 1.62495 6.07809
6.39792 1.60801 6.07809
6.38549 1.60226 6.07809
6.35772 1.58711 6.07809
6.35782 1.58869 6.07809
6.36392 1.59005 6.07809
6.37499 1.59467 6.07809
6.36349 1.58864 6.07809
6.37505 1.59236 6.07809
6.35271 1.57989 6.07809
6.37607 1.58822 6.07809
6.3859 1.5945 6.07809
6.35091 1.57641 6.07809
6.38065 1.59604 6.07809
6.37241 1.58599 6.07809
6.33896 1.57004 6.07809
6.37528 1.5876 6.07809
6.42328 1.60546 6.07809
6.39776 1.58893 6.07809
6.40684 1.58756 6.07809
6.4052 1.58436 6.07809
6.45756 1.61965 6.07809
6.43936 1.61821 5.97369
6.43574 1.61637 5.97369
6.46354 1.62682 5.97369
6.49598 1.6477 5.97369
6.53852 1.68617 5.97369
6.45622 1.63119 5.97369
6.51581 1.67663 5.97369
6.38643 1.58355 5.97369
6.37193 1.5724 5.97369
6.3437 1.55171 5.97369
6.33932 1.54449 5.97369
6.3633 1.56829 5.97369
6.33123 1.5384 5.97369
6.30952 1.52796 5.97369
6.28092 1.50245 5.97369
6.31815 1.52722 5.97369
6.27459 1.49832 5.97369
6.26589 1.49016 5.97369
6.24931 1.47845 5.97369
6.26283 1.48827 5.97369
6.27741 1.49622 5.97369
6.24285 1.47708 5.97369
6.27472 1.49604 5.97369
6.32701 1.52804 5.97369
6.31481 1.51348 5.97369
6.3318 1.53576 5.97369
6.28868 1.50506 5.97369
6.25213 1.48164 5.97369
6.22647 1.4715 5.97369
6.2166 1.46647 5.97369
6.23376 1.47771 5.97369
6.23414 1.48457 5.97369
6.21523 1.467 5.97369
6.23029 1.47151 5.97369
6.24275 1.47404 5.97369
6.25011 1.47261 5.97369
6.27569 1.49265 5.97369
6.24496 1.47569 5.97369
6.24339 1.47514 5.97369
6.26168 1.48768 5.97369
6.25418 1.48084 5.97369
6.23456 1.47427 5.97369
6.22348 1.47132 5.97369
6.22892 1.47238 5.97369
6.25373 1.48191 5.97369
6.25871 1.48617 5.97369
6.24199 1.47256 5.97369
6.24031 1.4711 5.97369
6.2445 1.48009 5.97369
6.24994 1.48211 5.97369
6.24642 1.4876 5.97369
6.23342 1.4838 5.97369
6.25198 1.49702 5.97369
6.26048 1.50181 5.97369
6.26105 1.49837 5.97369
6.26352 1.50099 5.97369
6.25169 1.4948 5.97369
6.2544 1.49924 5.97369
6.28745 1.52207 5.97369
6.27666 1.52344 5.97369
6.20865 1.47403 5.97369
6.24467 1.49967 5.97369
6.23225 1.49042 5.97369
6.20939 1.47845 5.97369
6.21996 1.48686 5.97369
6.19646 1.46737 5.97369
6.2038 1.47493 5.97369
6.17767 1.46014 5.97369
6.16439 1.45131 5.97369
6.19014 1.4656 5.97369
6.21926 1.48179 5.97369
6.20037 1.4696 5.97369
6.1893 1.46356 5.97369
6.18896 1.46305 5.97369
6.18835 1.46045 5.97369
6.18766 1.45938 5.97369
6.19129 1.46119 5.97369
6.21764 1.47431 5.97369
6.24133 1.48771 5.90815
6.22855 1.48425 5.90815
6.1981 1.46299 5.90815
6.18982 1.46175 5.90815
6.18289 1.45749 5.90815
6.17161 1.45261 5.90815
6.18212 1.47021 5.90815
6.20396 1.48453 5.90815
6.25185 1.51226 5.90815
6.17823 1.46563 5.90815
6.18201 1.46876 5.90815
6.17766 1.4725 5.90815
6.18762 1.47121 5.90815
6.17402 1.46049 5.90815
6.17486 1.46097 5.90815
6.19323 1.47449 5.90815
6.20317 1.48141 5.90815
6.26157 1.51774 5.90815
6.28162 1.53669 5.90815
6.19661 1.48211 5.90815
6.17269 1.4728 5.90815
6.18132 1.47719 5.90815
6.14604 1.45892 5.90815
6.13411 1.45308 5.90815
6.13902 1.46257 5.90815
6.11452 1.45211 5.90815
6.10517 1.45025 5.90815
6.12556 1.45717 5.90815
6.1264 1.45313 5.90815
6.13209 1.44908 5.90815
6.16762 1.46644 5.90815
6.13413 1.44665 5.90815
6.15262 1.45126 5.90815
6.16621 1.45687 5.90815
6.15347 1.45357 5.90815
6.15602 1.45272 5.90815
6.17927 1.46438 5.90815
6.19445 1.47585 5.90815
6.20262 1.4785 5.90815
6.18774 1.47034 5.90815
6.16489 1.45233 5.90815
6.14768 1.44182 5.90815
6.17887 1.46146 5.90815
6.22661 1.48616 5.90815
6.18195 1.4614 5.90815
6.17102 1.45397 5.90815
6.1871 1.4642 5.90815
6.19731 1.47121 5.90815
6.19496 1.46985 5.90815
6.17665 1.46163 5.90815
6.19603 1.47634 5.90815
6.22424 1.48438 5.90815
6.20216 1.46558 5.90815
6.20457 1.46286 5.90815
6.20686 1.46784 5.90815
6.19785 1.46383 5.90815
6.17213 1.45206 5.90815
6.1943 1.4638 5.83917
6.23663 1.48677 5.83917
6.2424 1.48782 5.83917
6.2896 1.51634 5.83917
6.25997 1.50205 5.83917
6.25328 1.49848 5.83917
6.19906 1.4667 5.83917
6.19866 1.46751 5.83917
6.19407 1.46527 5.83917
6.16749 1.4531 5.83917
6.15471 1.44666 5.83917
6.16685 1.45591 5.83917
6.20755 1.48524 5.83917
6.1904 1.47785 5.83917
6.17878 1.46993 5.83917
6.20737 1.48783 5.83917
6.30887 1.5574 5.83917
6.29342 1.52528 5.83917
6.31681 1.53091 5.83917
6.28473 1.51931 5.83917
6.27527 1.51689 5.83917
6.27161 1.51801 5.83917
6.27665 1.54148 5.83917
6.21116 1.49002 5.83917
6.19673 1.48026 5.83917
6.18149 1.47137 5.83917
6.21115 1.48844 5.83917
6.2964 1.53708 5.83917
6.25988 1.51932 5.74145
6.24749 1.51463 5.74145
6.22027 1.50325 5.74145
6.207 1.49646 5.74145
6.20851 1.49348 5.74145
6.18416 1.48225 5.74145
6.16979 1.47199 5.74145
6.17417 1.47281 5.74145
6.16701 1.46337 5.74145
6.18122 1.48096 5.74145
6.18927 1.48551 5.74145
6.18429 1.47488 5.74145
6.15162 1.45031 5.74145
6.19338 1.47901 5.74145
6.14177 1.44171 5.74145
6.14544 1.44549 5.74145
6.14304 1.44532 5.74145
6.15549 1.45561 5.74145
6.16324 1.46005 5.74145
6.16184 1.46222 5.74145
6.16234 1.46056 5.74145
6.13804 1.44662 5.74145
6.13569 1.44781 5.74145
6.14091 1.44768 5.74145
6.14759 1.45146 5.74145
6.12364 1.43674 5.74145
6.1519 1.44999 5.74145
6.1474 1.45272 5.74145
6.18391 1.47546 5.74145
6.15005 1.45348 5.74145
6.1702 1.4695 5.74145
6.16484 1.46923 5.74145
6.12866 1.4419 5.74145
6.14056 1.44558 5.74145
6.14327 1.44878 5.74145
6.15098 1.45475 5.74145
6.15036 1.46299 5.74145
6.12435 1.44514 5.74145
6.11351 1.44318 5.74145
6.1005 1.44144 5.74145
6.10481 1.45366 5.74145
6.09475 1.44385 5.74145
6.09597 1.44074 5.74145
6.09377 1.43974 5.74145
6.13016 1.45359 5.74145
6.13082 1.4527 5.74145
6.10933 1.44683 5.74145
6.1143 1.45046 5.74145
6.11865 1.44774 5.74145
6.18291 1.48953 5.74145
6.17727 1.49045 5.74145
6.17252 1.48689 5.74145
6.15867 1.47463 5.74145
6.13437 1.46151 5.74145
6.12115 1.45568 5.74145
6.23687 1.52961 5.74145
6.17914 1.4871 5.74145
6.12431 1.46101 5.74145
6.14335 1.4761 5.74145
6.21137 1.52028 5.74145
6.12575 1.479 5.74145
6.12072 1.47492 5.74145
6.11333 1.47073 5.74145
6.12612 1.46918 5.71832
6.11266 1.45532 5.71832
6.12923 1.45882 5.71832
6.09343 1.43173 5.71832
6.08131 1.42801 5.71832
6.10322 1.44088 5.71832
6.10634 1.4436 5.71832
6.06909 1.42613 5.71832
6.08437 1.44797 5.71832
6.03741 1.42437 5.71832
6.05799 1.43448 5.71832
6.01803 1.41484 5.71832
5.98776 1.40692 5.71832
5.97475 1.40956 5.71832
5.96616 1.41542 5.71832
5.91429 1.38624 5.71832
5.91976 1.38502 5.71832
5.90958 1.37395 5.71832
5.90055 1.35947 5.71832
5.90483 1.3627 5.71832
5.88893 1.36196 5.71832
5.90853 1.36851 5.67579
5.91448 1.36869 5.67579
5.92158 1.37548 5.67579
5.91637 1.37016 5.67579
5.91914 1.37094 5.67579
5.91454 1.37042 5.67579
5.93582 1.38049 5.67579
5.99642 1.41223 5.67579
5.97421 1.40273 5.67579
5.91383 1.36817 5.67579
5.87958 1.35655 5.67579
5.9242 1.37314 5.67579
5.90931 1.37258 5.67579
5.91394 1.37327 5.67579
5.92598 1.37855 5.67579
5.87775 1.35139 5.65838
5.84941 1.34321 5.65838
5.8785 1.35882 5.65838
5.82328 1.33131 5.65838
5.87201 1.35956 5.65838
5.84855 1.35083 5.65838
5.78766 1.31687 5.65838
5.79134 1.31969 5.65838
5.76062 1.31258 5.65838
5.75869 1.30848 5.65838
5.75652 1.30333 5.65838
5.75947 1.30424 5.65838
5.7579 1.30729 5.65838
5.76788 1.31366 5.65838
5.76749 1.31047 5.65838
5.78953 1.3197 5.65838
5.80583 1.33015 5.65838
5.81966 1.3324 5.65838
5.77672 1.31061 5.65838
5.78556 1.31459 5.65838
5.76743 1.30629 5.65838
5.80861 1.32606 5.65838
5.84378 1.3477 5.65838
5.82559 1.33321 5.65838
5.81268 1.3239 5.65838
5.8046 1.31925 5.65838
5.77449 1.30345 5.65838
5.79706 1.31252 5.65838
5.80212 1.31411 5.65838
5.8164 1.32457 5.65838
5.81274 1.32262 5.65838
5.83203 1.33492 5.65838
5.8319 1.33788 5.65838
5.83163 1.33666 5.65838
5.84281 1.34369 5.65838
5.85265 1.35114 5.65838
5.85719 1.35626 5.65838
5.9439 1.41874 5.65838
5.88299 1.37464 5.65838
5.88791 1.37789 5.65838
5.90803 1.38874 5.65838
5.85754 1.36347 5.65838
5.86765 1.36624 5.65838
5.84445 1.35425 5.65838
5.81783 1.33861 5.65838
5.82202 1.34232 5.65838
5.83125 1.34367 5.65838
5.85884 1.35633 5.65838
5.8227 1.33695 5.65838
5.77901 1.31073 5.65838
5.75571 1.29796 5.65838
5.76048 1.30127 5.65838
5.75872 1.29972 5.65838
5.77217 1.30564 5.65838
5.75864 1.29918 5.53059
5.75656 1.29858 5.53059
5.75774 1.29905 5.53059
5.76304 1.30111 5.53059
5.7673 1.30361 5.53059
5.78092 1.3098 5.53059
5.7768 1.30492 5.53059
5.78192 1.30585 5.53059
5.78474 1.30878 5.53059
5.78393 1.30416 5.53059
5.7895 1.30596 5.53059
5.76627 1.29737 5.53059
5.78392 1.30174 5.53059
5.80134 1.30609 5.53059
5.80539 1.3069 5.53059
5.80868 1.3114 5.53059
5.80139 1.30913 5.53059
5.78623 1.30254 5.53059
5.7702 1.29845 5.53059
5.77856 1.30477 5.53059
5.80417 1.32184 5.53059
5.76309 1.29892 5.53059
5.81375 1.32517 5.53059
5.85552 1.35147 5.53059
5.81382 1.33001 5.53059
5.80418 1.3222 5.53059
5.7772 1.3054 5.53059
5.77483 1.30168 5.53059
5.7509 1.29188 5.53059
5.75176 1.29195 5.53059
5.76199 1.29598 5.53059
5.7601 1.2938 5.53059
5.76989 1.29866 5.53059
5.78517 1.3132 5.53059
5.79294 1.31628 5.53059
5.79423 1.31593 5.53059
5.78573 1.31408 5.53059
5.76161 1.2982 5.53059
5.76073 1.29688 5.53059
5.75261 1.29211 5.53059
5.76269 1.29807 5.53059
5.76267 1.29778 5.53059
5.76327 1.29891 5.53059
5.76127 1.29854 5.53059
5.76763 1.30375 5.53059
5.77221 1.30649 5.53059
5.78206 1.31193 5.53059
5.77454 1.30812 5.53059
5.76847 1.30558 5.53059
5.77894 1.31019 5.53059
5.80029 1.31822 5.53059
5.80074 1.31796 5.53059
5.79366 1.31197 5.53059
5.79669 1.31263 5.53059
5.79519 1.314 5.53059
5.80732 1.32105 5.53059
5.79698 1.31567 5.53059
5.81719 1.32276 5.53059
5.8281 1.3259 5.53059
5.82844 1.32733 5.53059
5.83048 1.32748 5.53059
5.82592 1.32546 5.53059
5.83676 1.33081 5.53059
5.86608 1.34456 5.53059
5.844 1.33279 5.53059
5.82905 1.32753 5.53059
5.81986 1.3204 5.53059
5.79282 1.30766 5.53059
5.78955 1.30602 5.53059
5.79255 1.30896 5.53059
5.80732 1.31799 5.53059
5.77312 1.30057 5.53059
5.78884 1.30716 5.53059
5.77924 1.30356 5.53059
5.78852 1.31051 5.53059
5.78805 1.3106 5.53059
5.7835 1.30864 5.53059
5.78078 1.30725 5.53059
5.78272 1.30892 5.53059
5.78652 1.3109 5.53059
5.76555 1.29902 5.53059
5.82373 1.32911 5.53059
5.82274 1.32681 5.53059
5.81973 1.32627 5.53059
5.82552 1.32687 5.53059
5.79195 1.31004 5.53059
5.80317 1.31571 5.53059
5.77859 1.30544 5.53059
5.7835 1.30787 5.53059
5.79838 1.31467 5.53059
5.77709 1.3048 5.53059
5.78972 1.31089 5.53059
5.77585 1.30383 5.53059
5.77092 1.30124 5.53059
5.77239 1.30162 5.53059
5.79185 1.31077 5.53059
5.79359 1.31068 5.53059
5.80575 1.31554 5.53059
5.80493 1.31496 5.53059
5.79968 1.31655 5.53059
5.77411 1.30385 5.53059
5.76161 1.30104 5.53059
5.76844 1.30397 5.53059
5.75599 1.29714 5.53059
5.78882 1.31656 5.53059
5.73559 1.2897 5.53059
5.76282 1.30496 5.53059
5.76848 1.30963 5.53059
5.75177 1.29793 5.53059
5.78077 1.31865 5.53059
5.77302 1.31257 5.53059
5.80768 1.3377 5.53059
5.73301 1.29285 5.53059
5.71306 1.28435 5.53059
5.71521 1.28879 5.53059
5.71869 1.28877 5.53059
5.76762 1.31693 5.53059
5.7292 1.29516 5.53059
5.70751 1.28716 5.53059
5.7002 1.28393 5.53059
5.73896 1.30891 5.53059
5.75662 1.31691 5.53059
5.71296 1.29412 5.53059
5.70625 1.29034 5.53059
5.68815 1.28198 5.53059
5.67579 1.27776 5.53059
5.67603 1.27778 5.53059
5.68109 1.2804 5.53059
5.67804 1.27887 5.53059
5.67823 1.27872 5.53059
5.69149 1.28499 5.53059
5.67765 1.27809 5.53059
5.67768 1.27802 5.53059
5.67872 1.27801 5.53059
5.67879 1.27807 5.53059
5.69408 1.28456 5.53059
5.67907 1.27833 5.53059
5.67994 1.27861 5.53059
5.67929 1.27827 5.53059
5.68471 1.28027 5.53059
5.67917 1.27826 5.53059
5.68646 1.28163 5.53059
5.6808 1.27944 5.53059
5.70599 1.2917 5.53059
5.73793 1.30934 5.53059
5.71858 1.29641 5.53059
5.73581 1.30971 5.53059
5.73553 1.30648 5.53059
5.68787 1.28145 5.53059
5.68976 1.28318 5.53059
5.68674 1.28126 5.53059
5.69754 1.28716 5.53059
5.72426 1.29945 5.53059
5.70832 1.29056 5.53059
5.719 1.29384 5.53059
5.71096 1.29214 5.53059
5.75378 1.31299 5.53059
5.71664 1.29272 5.53059
5.75757 1.31499 5.53059
5.72653 1.29664 5.53059
5.7282 1.29779 5.53059
5.76766 1.31966 5.53059
5.74751 1.30481 5.53059
5.73797 1.30031 5.53059
5.71602 1.29026 5.53059
5.69852 1.28452 5.53059
5.70931 1.28813 5.53059
5.69833 1.28395 5.53059
5.68469 1.28008 5.53059
5.70478 1.28628 5.53059
5.71508 1.2901 5.53059
5.73119 1.2939 5.53059
5.73607 1.2964 5.53059
5.74997 1.30346 5.53059
5.76407 1.31144 5.53059
5.76388 1.31522 5.53059
5.80939 1.3447 5.53059
5.80587 1.34113 5.53059
5.76781 1.3213 5.53059
5.76992 1.32649 5.53059
5.75124 1.31038 5.53059
5.7812 1.32653 5.53059
5.81692 1.34419 5.53059
5.81164 1.33951 5.53059
5.85082 1.35658 5.53059
5.78869 1.3223 5.53059
5.80369 1.33072 5.53059
5.75938 1.30738 5.53059
5.76248 1.30864 5.53059
5.77812 1.31302 5.53059
5.75992 1.30728 5.53059
5.76081 1.30926 5.53059
5.75164 1.3047 5.53059
5.77652 1.31568 5.53059
5.78073 1.32033 5.53059
5.78299 1.31729 5.53059
5.8051 1.33016 5.53059
5.82037 1.33667 5.53059
5.77862 1.31716 5.53059
5.77263 1.31088 5.53059
5.77263 1.3112 5.53059
5.76467 1.30643 5.53059
5.80819 1.33125 5.53059
5.80039 1.32983 5.53059
5.81313 1.33759 5.53059
5.79033 1.32781 5.53059
5.76145 1.31587 5.53059
5.75984 1.31323 5.53059
5.75275 1.30988 5.53059
5.74513 1.30689 5.53059
5.76056 1.31312 5.53059
5.77763 1.31953 5.53059
5.74072 1.30218 5.53059
5.73173 1.29773 5.53059
5.71677 1.28973 5.53059
5.72875 1.29317 5.53059
5.73049 1.29408 5.53059
5.72994 1.2947 5.53059
5.75354 1.3052 5.53059
5.72869 1.29475 5.53059
5.72809 1.29677 5.53059
5.72828 1.29557 5.53059
5.71967 1.2925 5.53059
5.72726 1.2971 5.53059
5.74689 1.3043 5.53059
5.72124 1.29427 5.53059
5.72128 1.29518 5.53059
5.72763 1.29969 5.53059
5.7189 1.29511 5.53059
5.72037 1.29638 5.53059
5.71557 1.29656 5.53059
5.70816 1.29307 5.53059
5.72883 1.3031 5.53059
5.71101 1.29296 5.53059
5.68559 1.28119 5.53059
5.68239 1.27973 5.53059
5.68052 1.27881 5.53059
5.67843 1.27769 5.53059
5.68344 1.27998 5.53059
5.67989 1.27798 5.53059
5.68016 1.27824 5.53059
5.68619 1.2804 5.53059
5.6898 1.28233 5.53059
5.68173 1.27885 5.53059
5.68547 1.28043 5.53059
5.71548 1.2966 5.53059
5.6952 1.28589 5.53059
5.69968 1.28825 5.53059
5.68752 1.28007 5.53059
5.68185 1.27766 5.53059
5.68838 1.2825 5.53059
5.68427 1.27961 5.53059
5.67596 1.27499 5.53059
5.70213 1.28732 5.53059
5.67633 1.27484 5.53059
5.67851 1.27488 5.53059
5.6924 1.28088 5.53059
5.71968 1.29453 5.53059
5.69117 1.28034 5.53059
5.70907 1.28849 5.53059
5.6946 1.28174 5.53059
5.68863 1.28095 5.53059
5.68403 1.27905 5.53059
5.67558 1.27586 5.53059
5.67437 1.27391 5.53059
5.67254 1.27261 5.53059
5.68475 1.27687 5.53059
5.67237 1.27234 5.53059
5.67633 1.27419 5.53059
5.6842 1.27786 5.53059
5.68122 1.27591 5.53059
5.67849 1.27512 5.53059
5.6784 1.27516 5.53059
5.67479 1.27296 5.53059
5.67704 1.27444 5.53059
5.68623 1.27858 5.53059
5.68734 1.27888 5.53059
5.71013 1.28905 5.53059
5.69658 1.28317 5.53059
5.70596 1.28645 5.53059
5.74888 1.30875 5.53059
5.76368 1.31882 5.53059
5.7277 1.29861 5.53059
5.70728 1.28947 5.53059
5.7091 1.2892 5.53059
5.71451 1.29215 5.53059
5.70779 1.28706 5.53059
5.69842 1.28273 5.53059
5.68582 1.27854 5.53059
5.67598 1.2748 5.53059
5.68217 1.27467 5.53059
5.68523 1.27602 5.53059
5.70362 1.28281 5.53059
5.73127 1.29396 5.53059
5.74078 1.30021 5.53059
5.76901 1.31263 5.53059
5.77426 1.31742 5.53059
5.75239 1.30821 5.53059
5.71746 1.2914 5.53059
5.72755 1.29522 5.53059
5.74689 1.30818 5.53059
5.74832 1.30795 5.53059
5.72348 1.29386 5.53059
5.71423 1.28865 5.53059
5.71506 1.28915 5.53059
5.73455 1.29924 5.53059
5.72527 1.29219 5.53059
5.71456 1.28588 5.53059
5.71429 1.2867 5.53059
5.74054 1.29682 5.53059
5.79013 1.32389 5.53059
5.75135 1.30352 5.53059
5.74287 1.29847 5.53059
5.75093 1.30378 5.53059
5.72762 1.29023 5.53059
5.75341 1.30177 5.53059
5.75747 1.30347 5.53059
5.72392 1.28752 5.53059
5.72435 1.2881 5.53059
5.72847 1.29003 5.53059
5.74839 1.30074 5.53059
5.73095 1.2895 5.53059
5.74973 1.30233 5.53059
5.71512 1.28588 5.53059
5.7203 1.28899 5.53059
5.71745 1.28797 5.53059
5.72917 1.29623 5.53059
5.73509 1.3005 5.53059
5.73013 1.29832 5.53059
5.72181 1.29119 5.53059
5.7149 1.28853 5.53059
5.73562 1.29797 5.53059
5.73148 1.2966 5.53059
5.74238 1.30123 5.53059
5.78126 1.32163 5.53059
5.78009 1.3221 5.53059
5.74972 1.29818 5.53059
5.79564 1.32205 5.53059
5.77065 1.30529 5.53059
5.76428 1.30045 5.53059
5.7813 1.30897 5.53059
5.78575 1.31646 5.53059
5.78932 1.32043 5.53059
5.74895 1.29794 5.53059
5.75242 1.29614 5.53059
5.76386 1.30347 5.53059
5.75252 1.29607 5.53059
5.75655 1.29914 5.53059
5.78185 1.31386 5.53059
5.7493 1.29926 5.53059
5.76445 1.30309 5.53059
5.77011 1.30332 5.53059
5.78737 1.31123 5.53059
5.77928 1.30553 5.53059
5.77929 1.30558 5.53059
5.78451 1.31073 5.53059
5.76543 1.30496 5.53059
5.75989 1.30477 5.53059
5.75644 1.30205 5.53059
5.75347 1.30354 5.53059
5.76593 1.30976 5.53059
5.76687 1.30991 5.53059
5.80716 1.32252 5.53059
5.80191 1.31985 5.53059
5.83283 1.32989 5.53059
5.82495 1.3275 5.53059
5.82575 1.32877 5.53059
5.81964 1.32882 5.53059
5.79704 1.3213 5.53059
5.82089 1.33137 5.53059
5.81467 1.33021 5.53059
5.82948 1.33435 5.53059
5.83276 1.33708 5.53059
5.83179 1.33804 5.53059
5.81161 1.33067 5.53059
5.81543 1.3341 5.53059
5.79607 1.32341 5.53059
5.81554 1.33407 5.53059
5.80329 1.32539 5.53059
5.81392 1.32492 5.53059
5.81018 1.32656 5.53059
5.82363 1.33169 5.53059
5.79819 1.32385 5.53059
5.824 1.3325 5.53059
5.84078 1.3348 5.53059
5.83504 1.33383 5.53059
5.83931 1.33676 5.53059
5.82988 1.33441 5.53059
5.80747 1.32601 5.53059
5.79669 1.32324 5.53059
5.78785 1.3212 5.53059
5.7967 1.32367 5.53059
5.79065 1.32435 5.53059
5.80363 1.33093 5.53059
5.80878 1.32808 5.53059
5.80991 1.32798 5.53059
5.82053 1.33405 5.53059
5.82118 1.33586 5.53059
5.81655 1.33227 5.53059
5.80569 1.33063 5.53059
5.81538 1.33184 5.53059
5.80724 1.33057 5.53059
5.81541 1.33423 5.53059
5.81334 1.33847 5.53059
5.81714 1.34144 5.53059
5.8343 1.35241 5.53059
5.85074 1.37205 5.53059
5.88004 1.38995 5.53059
5.88496 1.39148 5.53059
5.90661 1.39867 5.53059
5.84706 1.36778 5.53059
5.85676 1.37039 5.53059
5.79667 1.34105 5.53059
5.78805 1.33685 5.53059
5.80052 1.34202 5.53059
5.82531 1.3561 5.53059
5.80697 1.34599 5.53059
5.78904 1.34035 5.53059
5.7784 1.33267 5.53059
5.78087 1.33097 5.53059
5.80917 1.34959 5.53059
5.81601 1.3536 5.53059
5.7822 1.33598 5.53059
5.80084 1.34774 5.53059
5.78109 1.33598 5.53059
5.77502 1.33627 5.53059
5.77667 1.33565 5.53059
5.79221 1.34205 5.53059
5.80711 1.34907 5.53059
5.80667 1.34519 5.53059
5.81098 1.348 5.53059
5.83139 1.35962 5.53059
5.84308 1.36595 5.53059
5.85045 1.37014 5.53059
5.8719 1.37948 5.53059
5.86652 1.37451 5.53059
5.90467 1.39432 5.53059
5.88942 1.38436 5.53059
5.9081 1.39088 5.53059
5.92914 1.4059 5.53059
5.90498 1.39598 5.53059
5.87073 1.37229 5.53059
5.89215 1.38094 5.53059
5.90669 1.38646 5.53059
5.93096 1.40456 5.53059
5.89892 1.38793 5.53059
5.96093 1.41906 5.53059
5.92687 1.4023 5.53059
5.94373 1.41647 5.53059
5.97187 1.42501 5.53059
5.96635 1.42744 5.53059
5.97663 1.4313 5.53059
5.95951 1.42095 5.53059
5.96653 1.41996 5.53059
5.9615 1.41679 5.53059
5.94271 1.40971 5.53059
5.96965 1.42264 5.53059
5.98053 1.42758 5.53059
5.98705 1.43396 5.53059
5.93513 1.40942 5.53059
5.92076 1.39773 5.53059
6.02798 1.4646 5.53059
5.93652 1.40273 5.53059
5.93897 1.40056 5.53059
5.94198 1.40414 5.53059
5.94238 1.39997 5.53059
5.94568 1.41232 5.53059
5.89057 1.37533 5.53059
5.87921 1.37057 5.53059
5.89172 1.37678 5.53059
5.9159 1.3907 5.53059
5.88822 1.37524 5.53059
5.92193 1.39309 5.53059
5.88976 1.37609 5.53059
5.8881 1.37745 5.53059
5.92622 1.39397 5.53059
5.91445 1.38904 5.53059
5.87522 1.37023 5.53059
5.88303 1.377 5.53059
5.88109 1.37508 5.53059
5.88002 1.37587 5.53059
5.87853 1.37583 5.53059
5.87788 1.37484 5.53059
5.92999 1.40333 5.53059
5.92428 1.40115 5.53059
5.98609 1.43049 5.53059
6.00859 1.44996 5.53059
6.00502 1.44601 5.53059
5.97469 1.42911 5.53059
5.95367 1.42072 5.53059
5.87489 1.38196 5.53059
5.92002 1.40905 5.53059
5.91115 1.40329 5.53059
5.82712 1.35729 5.53059
5.83491 1.36423 5.53059
5.82582 1.35988 5.53059
5.84017 1.36797 5.53059
5.8611 1.37735 5.53059
5.85819 1.37673 5.53059
5.85736 1.37513 5.53059
5.82567 1.3587 5.53059
5.83401 1.36341 5.53059
5.93074 1.42036 5.53059
5.90951 1.40666 5.53059
5.93436 1.42431 5.53059
5.89867 1.4051 5.53059
5.87299 1.38758 5.53059
5.86299 1.38623 5.53059
5.88155 1.39709 5.53059
5.9245 1.41804 5.53059
5.85362 1.38726 5.53059
5.84269 1.37466 5.53059
5.82248 1.36056 5.53059
5.83186 1.36399 5.53059
5.82568 1.36456 5.53059
5.80966 1.35769 5.53059
5.81979 1.36615 5.53059
5.82263 1.35804 5.53059
5.81763 1.35756 5.53059
5.81573 1.35891 5.53059
5.81795 1.36299 5.53059
5.82173 1.36707 5.53059
5.8469 1.37156 5.53059
5.85274 1.37215 5.53059
5.85895 1.36919 5.53059
5.86782 1.37737 5.53059
5.87868 1.38341 5.53059
5.88015 1.38431 5.53059
5.87897 1.38517 5.53059
5.88671 1.3918 5.53059
5.86879 1.38275 5.53059
5.85021 1.36797 5.53059
5.85597 1.37036 5.53059
5.84488 1.36363 5.53059
5.85397 1.36827 5.53059
5.84036 1.35899 5.53059
5.84413 1.36059 5.53059
5.84347 1.36103 5.53059
5.85039 1.36455 5.53059
5.9107 1.40017 5.53059
5.90957 1.39542 5.53059
5.86188 1.36854 5.53059
5.84922 1.36278 5.53059
5.86244 1.36911 5.53059
5.84858 1.36236 5.53059
5.85963 1.36875 5.53059
5.87328 1.37323 5.53059
5.90379 1.38922 5.53059
5.90162 1.38595 5.53059
5.89705 1.38414 5.53059
5.89442 1.38197 5.53059
5.91061 1.3879 5.53059
5.91585 1.39112 5.53059
5.91482 1.39084 5.53059
5.94107 1.39983 5.53059
5.93894 1.39904 5.53059
5.9282 1.39202 5.53059
5.95384 1.4059 5.53059
5.96675 1.41066 5.53059
6.0213 1.44057 5.53059
5.95607 1.40153 5.53059
5.95536 1.40029 5.53059
5.94538 1.39832 5.53059
5.96175 1.41003 5.53059
5.93608 1.39853 5.53059
5.93894 1.40035 5.53059
5.91855 1.38608 5.53059
5.9286 1.39077 5.53059
5.92047 1.38923 5.53059
5.90139 1.37724 5.53059
5.9292 1.39074 5.53059
5.92319 1.38467 5.53059
5.93293 1.38802 5.53059
5.91527 1.37983 5.53059
5.93653 1.38849 5.53059
5.9512 1.39533 5.53059
5.9557 1.39839 5.53059
5.99715 1.41861 5.53059
6.01457 1.42895 5.53059
6.01054 1.43137 5.53059
6.025 1.4383 5.53059
6.01695 1.42994 5.53059
5.96385 1.4038 5.53059
5.97536 1.4095 5.53059
5.96656 1.40411 5.53059
5.93797 1.39237 5.53059
5.95042 1.39806 5.53059
5.95847 1.40256 5.53059
5.95945 1.40734 5.53059
5.99075 1.42387 5.53059
5.9813 1.42056 5.53059
6.00823 1.43546 5.53059
5.96985 1.41349 5.53059
5.99115 1.42395 5.53059
5.98876 1.41939 5.53059
5.99583 1.42264 5.53059
5.94715 1.39842 5.53059
5.92651 1.38703 5.53059
5.93462 1.39305 5.53059
5.94836 1.39972 5.53059
5.94261 1.39711 5.53059
5.99561 1.42986 5.53059
5.97277 1.41264 5.53059
5.95248 1.40057 5.53059
5.95333 1.40219 5.53059
5.95041 1.40081 5.53059
5.95208 1.40242 5.53059
5.95709 1.40483 5.53059
5.94496 1.39776 5.53059
5.92745 1.38721 5.53059
5.91038 1.37861 5.53059
5.93287 1.39106 5.53059
5.95117 1.40046 5.53059
5.93223 1.38995 5.53059
5.97415 1.41296 5.53059
5.91814 1.37855 5.53059
5.92083 1.3778 5.53059
5.92246 1.37932 5.53059
5.90237 1.3678 5.53059
5.90015 1.36395 5.53059
5.87718 1.35069 5.53059
5.85968 1.34399 5.53059
5.86989 1.34652 5.53059
5.89738 1.36195 5.53059
5.86886 1.34411 5.53059
5.84946 1.33424 5.53059
5.82045 1.32232 5.53059
5.84725 1.33384 5.53059
5.85773 1.35077 5.53059
5.81039 1.32285 5.53059
5.78158 1.30578 5.53059
5.78024 1.30469 5.53059
5.75199 1.29034 5.53059
5.74107 1.28539 5.53059
5.7381 1.28243 5.53059
5.75299 1.29 5.53059
5.7504 1.28944 5.53059
5.78159 1.30304 5.53059
5.80179 1.31248 5.53059
5.79413 1.30511 5.53059
5.7982 1.30679 5.53059
5.78587 1.30135 5.53059
5.75251 1.28684 5.53059
5.76277 1.29105 5.53059
5.76153 1.29057 5.53059
5.79351 1.30905 5.53059
5.82854 1.32525 5.53059
5.78053 1.30216 5.53059
5.77566 1.30081 5.53059
5.79133 1.30764 5.53059
5.77358 1.29992 5.53059
5.76081 1.2935 5.53059
5.75547 1.2897 5.53059
5.75568 1.28988 5.53059
5.75373 1.28974 5.53059
5.76595 1.29525 5.53059
5.7573 1.29073 5.53059
5.76774 1.29524 5.53059
5.76508 1.2946 5.53059
5.78908 1.30771 5.53059
5.78301 1.30465 5.53059
5.82036 1.32906 5.53059
5.79675 1.30947 5.53059
5.77441 1.30022 5.53059
5.78239 1.3028 5.53059
5.77879 1.30206 5.53059
5.76454 1.2965 5.53059
5.77324 1.3003 5.53059
5.78252 1.30504 5.53059
5.78479 1.30688 5.53059
5.77699 1.30253 5.53059
5.76121 1.29504 5.53059
5.76834 1.29668 5.53059
5.7841 1.30452 5.53059
5.80781 1.31874 5.53059
5.79453 1.30755 5.53059
5.81378 1.31703 5.53059
5.79267 1.31223 5.53059
5.84144 1.33263 5.53059
5.88953 1.36275 5.53059
5.84982 1.33986 5.53059
5.81946 1.32512 5.53059
5.82595 1.32737 5.53059
5.79336 1.31532 5.53059
5.82345 1.32921 5.53059
5.8498 1.34092 5.53059
5.84504 1.34012 5.53059
5.90672 1.37958 5.53059
5.89257 1.37373 5.53059
5.90095 1.37401 5.53059
5.85076 1.34726 5.53059
5.81144 1.32604 5.53059
5.81803 1.3288 5.53059
5.80634 1.32179 5.53059
5.82381 1.3308 5.53059
5.78586 1.31091 5.53059
5.77349 1.3047 5.53059
5.77717 1.3086 5.53059
5.77222 1.30194 5.53059
5.78386 1.30471 5.53059
5.79482 1.30994 5.53059
5.77382 1.30028 5.53059
5.77094 1.29972 5.53059
5.77422 1.30204 5.53059
5.76756 1.30091 5.53059
5.78859 1.30852 5.53059
5.7856 1.30553 5.53059
5.7879 1.30683 5.53059
5.80341 1.31501 5.53059
5.85318 1.33621 5.53059
5.81963 1.31758 5.53059
5.83577 1.32749 5.53059
5.83835 1.3268 5.53059
5.84186 1.32806 5.53059
5.83118 1.32187 5.53059
5.82961 1.32449 5.53059
5.81639 1.31991 5.53059
5.79946 1.31251 5.53059
5.80358 1.31262 5.53059
5.80455 1.31234 5.53059
5.81788 1.31561 5.53059
5.81125 1.31398 5.53059
5.84313 1.33031 5.53059
5.86079 1.34632 5.53059
5.85366 1.33741 5.53059
5.834 1.32614 5.53059
5.82254 1.32515 5.53059
5.83196 1.3286 5.53059
5.81714 1.32277 5.53059
5.84434 1.33976 5.53059
5.88959 1.36673 5.53059
5.90318 1.37172 5.53059
5.8737 1.35395 5.53059
5.86462 1.3501 5.53059
5.82162 1.3276 5.53059
5.82168 1.32766 5.53059
5.78833 1.3121 5.53059
5.80447 1.32093 5.53059
5.78642 1.31199 5.53059
5.78986 1.31331 5.53059
5.78312 1.31182 5.53059
5.81268 1.33224 5.53059
5.80344 1.32535 5.53059
5.81095 1.32861 5.53059
5.82108 1.32865 5.53059
5.82088 1.32932 5.53059
5.81424 1.32786 5.53059
5.84237 1.33655 5.53059
5.83314 1.33246 5.53059
5.83174 1.33091 5.53059
5.82712 1.3343 5.53059
5.81968 1.32782 5.53059
5.8229 1.32861 5.53059
5.86232 1.35458 5.53059
5.79745 1.31622 5.53059
5.80637 1.3198 5.53059
5.84762 1.33971 5.53059
5.88324 1.36045 5.53059
5.83185 1.33265 5.53059
5.84513 1.34009 5.53059
5.82756 1.33235 5.53059
5.80311 1.32036 5.53059
5.79254 1.31578 5.53059
5.78893 1.31422 5.53059
5.78915 1.31568 5.53059
5.79112 1.31496 5.53059
5.81638 1.33155 5.53059
5.83472 1.34344 5.53059
5.8422 1.34762 5.53059
5.7936 1.32292 5.53059
5.79267 1.32171 5.53059
5.78352 1.31748 5.53059
5.77444 1.31352 5.53059
5.79023 1.32224 5.53059
5.83038 1.34345 5.53059
5.86037 1.36255 5.53059
5.78974 1.32799 5.53059
5.77354 1.31724 5.53059
5.78804 1.32486 5.53059
5.78441 1.32113 5.53059
5.77895 1.31793 5.53059
5.79369 1.32457 5.53059
5.76287 1.31044 5.53059
5.77511 1.31693 5.53059
5.79923 1.32906 5.53059
5.85666 1.35713 5.53059
5.9078 1.38642 5.53059
5.88277 1.37408 5.53059
5.88873 1.37773 5.53059
5.82886 1.34091 5.53059
5.81258 1.33254 5.53059
5.81606 1.33596 5.53059
5.80684 1.33203 5.53059
5.86614 1.36279 5.53059
5.83306 1.34024 5.53059
5.82039 1.3361 5.53059
5.80652 1.33056 5.53059
5.79597 1.32179 5.53059
5.80076 1.32244 5.53059
5.81394 1.32717 5.53059
5.83643 1.33117 5.53059
5.85099 1.33736 5.53059
5.85718 1.33843 5.53059
5.88557 1.34918 5.53059
5.86646 1.33916 5.53059
5.86764 1.34145 5.53059
5.89123 1.35045 5.53059
5.91269 1.35797 5.53059
5.95066 1.37515 5.53059
5.97471 1.38999 5.53059
6.04365 1.42829 5.53059
6.02574 1.41432 5.53059
5.94409 1.36078 5.53059
5.95935 1.36763 5.53059
5.9175 1.34734 5.53059
5.90994 1.3447 5.53059
5.95961 1.3653 5.53059
5.92047 1.34854 5.53059
5.90287 1.34215 5.53059
5.87473 1.33203 5.53059
5.85247 1.32393 5.53059
5.85392 1.32334 5.53059
5.86703 1.32978 5.53059
5.8545 1.32717 5.53059
5.84953 1.3238 5.53059
5.89565 1.34749 5.53059
5.94606 1.36546 5.53059
5.93497 1.35749 5.53059
5.93858 1.35913 5.53059
5.95056 1.36887 5.53059
5.95848 1.37056 5.53059
5.97444 1.37967 5.53059
5.94532 1.36164 5.53059
5.95193 1.36347 5.53059
5.95039 1.36195 5.53059
5.89368 1.3377 5.53059
5.88458 1.33235 5.53059
5.86997 1.32824 5.53059
5.8527 1.32195 5.53059
5.84514 1.31732 5.53059
5.81449 1.30425 5.53059
5.84185 1.3165 5.53059
5.84145 1.31863 5.53059
5.86282 1.32898 5.53059
5.85617 1.32353 5.53059
5.87648 1.33421 5.53059
5.89772 1.34805 5.53059
5.88645 1.33822 5.53059
5.90115 1.35027 5.53059
5.82963 1.31109 5.53059
5.8213 1.30608 5.53059
5.85385 1.33212 5.53059
5.83387 1.31821 5.53059
5.82638 1.31008 5.53059
5.81701 1.30744 5.53059
5.79681 1.30105 5.53059
5.80317 1.30145 5.53059
5.81756 1.30861 5.53059
5.82938 1.31314 5.53059
5.80137 1.29855 5.53059
5.80389 1.29792 5.53059
5.85647 1.3265 5.53059
5.81167 1.29992 5.53059
5.83329 1.3077 5.53059
5.8677 1.31736 5.53059
5.84415 1.30382 5.53059
5.85321 1.30903 5.53059
5.85812 1.30874 5.53059
5.86201 1.3098 5.53059
5.84836 1.30344 5.53059
5.85018 1.30115 5.53059
5.84427 1.30157 5.53059
5.83964 1.30127 5.53059
5.83077 1.29823 5.53059
5.83588 1.29904 5.53059
5.84125 1.29985 5.53059
5.83038 1.29309 5.53059
5.84157 1.30587 5.53059
5.81426 1.29349 5.53059
5.82998 1.29795 5.53059
5.82715 1.29714 5.53059
5.80652 1.29291 5.53059
5.81777 1.29564 5.53059
5.81214 1.29406 5.53059
5.84979 1.31001 5.53059
5.86091 1.31837 5.53059
5.8308 1.30813 5.53059
5.82507 1.3056 5.53059
5.79517 1.29038 5.53059
5.79556 1.29052 5.53059
5.80992 1.29502 5.53059
5.80807 1.29646 5.53059
5.82493 1.30213 5.53059
5.81591 1.29687 5.53059
5.84383 1.31039 5.53059
5.81296 1.29308 5.53059
5.78246 1.28647 5.53059
5.78119 1.28827 5.53059
5.80256 1.30045 5.53059
5.80198 1.30235 5.53059
5.80612 1.30748 5.53059
5.76994 1.28788 5.53059
5.76979 1.287 5.53059
5.77365 1.28716 5.53059
5.77204 1.28478 5.53059
5.79578 1.29645 5.53059
5.77548 1.28647 5.53059
5.7848 1.29388 5.53059
5.80417 1.30714 5.53059
5.8068 1.30549 5.53059
5.79493 1.30047 5.53059
5.82027 1.31574 5.53059
5.82411 1.31739 5.53059
5.82833 1.31882 5.53059
5.81566 1.31013 5.53059
5.82056 1.31403 5.53059
5.82113 1.31175 5.53059
5.80074 1.30048 5.53059
5.79905 1.30312 5.53059
5.80187 1.30307 5.53059
5.79766 1.29989 5.53059
5.78587 1.2951 5.53059
5.8121 1.31008 5.53059
5.79227 1.29913 5.53059
5.77487 1.2922 5.53059
5.75643 1.28237 5.53059
5.76353 1.28974 5.53059
5.76978 1.294 5.53059
5.75448 1.28734 5.53059
5.74558 1.28382 5.53059
5.76577 1.29429 5.53059
5.74189 1.28211 5.53059
5.74437 1.28373 5.53059
5.74622 1.28295 5.53059
5.73756 1.27888 5.53059
5.74953 1.28751 5.53059
5.7487 1.28824 5.53059
5.73609 1.27869 5.53059
5.75931 1.29239 5.53059
5.77303 1.29651 5.53059
5.77067 1.29611 5.53059
5.78122 1.29925 5.53059
5.80103 1.31084 5.53059
5.78467 1.30098 5.53059
5.78054 1.29875 5.53059
5.79052 1.30702 5.53059
5.7793 1.30089 5.53059
5.76951 1.29637 5.53059
5.76071 1.28925 5.53059
5.75973 1.28658 5.53059
5.77152 1.29218 5.53059
5.79175 1.29983 5.53059
5.86746 1.34268 5.53059
5.81126 1.30502 5.53059
5.77894 1.29382 5.53059
5.82955 1.32085 5.53059
5.77808 1.29102 5.53059
5.77388 1.292 5.53059
5.76654 1.29123 5.53059
5.76242 1.28926 5.53059
5.76383 1.29214 5.53059
5.75184 1.28607 5.53059
5.76027 1.28968 5.53059
5.75629 1.28796 5.53059
5.78008 1.29897 5.53059
5.78241 1.30124 5.53059
5.77472 1.29635 5.53059
5.77705 1.29889 5.53059
5.75577 1.28854 5.53059
5.76421 1.29162 5.53059
5.78239 1.30102 5.53059
5.80322 1.31573 5.53059
5.79128 1.30756 5.53059
5.79064 1.30504 5.53059
5.77856 1.30055 5.53059
5.78209 1.3031 5.53059
5.78091 1.30468 5.53059
5.78833 1.30784 5.53059
5.79533 1.31045 5.53059
5.78585 1.30434 5.53059
5.77712 1.30315 5.53059
5.7754 1.30177 5.53059
5.78649 1.30994 5.53059
5.76672 1.30236 5.53059
5.75423 1.29818 5.53059
5.78353 1.31584 5.53059
5.81482 1.3304 5.53059
5.79443 1.32617 5.53059
5.77091 1.31607 5.53059
5.78118 1.32218 5.53059
5.79423 1.32885 5.53059
5.75972 1.31551 5.53059
5.75471 1.3087 5.53059
5.75492 1.30825 5.53059
5.75572 1.31045 5.53059
5.75976 1.31079 5.53059
5.76128 1.31395 5.53059
5.76371 1.31558 5.53059
5.76225 1.31311 5.53059
5.76472 1.31136 5.53059
5.76161 1.312 5.53059
5.77617 1.32475 5.53059
5.78985 1.32441 5.53059
5.75907 1.31155 5.53059
5.77136 1.32249 5.53059
5.7633 1.31858 5.53059
5.76108 1.3169 5.53059
5.75206 1.31106 5.53059
5.75304 1.31128 5.53059
5.75222 1.30876 5.53059
5.75136 1.30589 5.53059
5.75197 1.30535 5.53059
5.75316 1.30397 5.53059
5.76375 1.30967 5.53059
5.76228 1.30783 5.53059
5.79405 1.31985 5.53059
5.78765 1.32085 5.53059
5.77123 1.31424 5.53059
5.81846 1.33777 5.53059
5.79469 1.31806 5.53059
5.77856 1.31141 5.53059
5.7525 1.29807 5.53059
5.73573 1.29203 5.53059
5.7705 1.30509 5.53059
5.76871 1.30301 5.53059
5.77844 1.30614 5.53059
5.78798 1.31279 5.53059
5.77461 1.30568 5.53059
5.83979 1.34437 5.53059
5.8868 1.37707 5.53059
5.79323 1.32169 5.53059
5.79197 1.32744 5.53059
5.76795 1.31821 5.53059
5.76457 1.31864 5.53059
5.74186 1.30961 5.53059
5.7413 1.30853 5.53059
5.75706 1.31772 5.53059
5.76366 1.32043 5.53059
5.75756 1.31906 5.53059
5.75385 1.31898 5.53059
5.76749 1.32046 5.53059
5.756 1.31446 5.53059
5.76926 1.32531 5.53059
5.8774 1.40005 5.53059
5.75932 1.31379 5.53059
5.78996 1.33599 5.53059
5.73168 1.30259 5.53059
5.72708 1.29542 5.53059
5.73817 1.29618 5.53059
5.72805 1.28691 5.53059
5.72945 1.28686 5.53059
5.74239 1.29334 5.53059
5.73887 1.29665 5.53059
5.76552 1.31106 5.53059
5.74518 1.2972 5.53059
5.77688 1.3136 5.53059
5.73498 1.29472 5.53059
5.71923 1.29191 5.53059
5.73026 1.29545 5.53059
5.73189 1.29966 5.53059
5.74441 1.31284 5.53059
5.76496 1.32003 5.53059
5.75437 1.308 5.53059
5.7358 1.299 5.53059
5.72708 1.29857 5.53059
5.72931 1.29912 5.53059
5.73013 1.30195 5.53059
5.72227 1.3 5.53059
5.72568 1.29918 5.53059
5.72979 1.3004 5.53059
5.72803 1.30192 5.53059
5.73339 1.30443 5.53059
5.76591 1.31416 5.53059
5.7617 1.3101 5.53059
5.74595 1.30576 5.53059
5.74691 1.30723 5.53059
5.71766 1.29707 5.53059
5.72389 1.30034 5.53059
5.75339 1.31519 5.53059
5.72848 1.30465 5.53059
5.71811 1.29814 5.53059
5.71717 1.29883 5.53059
5.71857 1.29999 5.53059
5.72592 1.30269 5.53059
5.73803 1.30899 5.53059
5.75024 1.32136 5.53059
5.72442 1.31388 5.53059
5.76274 1.32552 5.53059
5.74533 1.31759 5.53059
5.74281 1.31241 5.53059
5.7292 1.30835 5.53059
5.79501 1.34315 5.53059
5.73799 1.31506 5.53059
5.75817 1.32452 5.53059
5.75771 1.3224 5.53059
5.78632 1.3345 5.53059
5.80548 1.34749 5.53059
5.77376 1.33548 5.53059
5.78437 1.33927 5.53059
5.75474 1.32677 5.53059
5.77422 1.33779 5.53059
5.75022 1.31729 5.53059
5.76102 1.31779 5.53059
5.78918 1.33418 5.53059
5.83567 1.36254 5.53059
5.82859 1.34914 5.53059
5.9071 1.39181 5.53059
5.89751 1.3857 5.53059
5.83901 1.36353 5.53059
5.82589 1.36546 5.53059
5.83436 1.37035 5.53059
5.9301 1.42357 5.53059
5.85476 1.38301 5.53059
5.86619 1.40033 5.53059
5.93521 1.45191 5.53059
5.92446 1.43849 5.53059
5.93308 1.44795 5.53059
5.91258 1.42847 5.53059
5.90133 1.41759 5.53059
5.91355 1.42861 5.53059
5.906 1.42985 5.53059
5.91559 1.43096 5.53059
5.87861 1.40691 5.53059
5.98046 1.47746 5.53059
5.91908 1.41812 5.53059
5.91304 1.40981 5.53059
5.87451 1.39798 5.53059
5.92205 1.4192 5.53059
5.88279 1.39936 5.53059
5.87039 1.39252 5.53059
5.87994 1.39471 5.53059
5.88439 1.39713 5.53059
5.88399 1.39367 5.53059
5.94141 1.42649 5.53059
5.9529 1.43361 5.53059
5.9273 1.42211 5.53059
5.96413 1.43739 5.53059
6.01588 1.47168 5.53059
5.90991 1.38981 5.53059
5.88461 1.37301 5.53059
5.84645 1.3516 5.53059
5.92818 1.40603 5.53059
5.91393 1.39654 5.53059
5.84241 1.34837 5.53059
5.84469 1.34372 5.53059
5.84147 1.34263 5.53059
5.82491 1.33921 5.53059
5.82991 1.34105 5.53059
5.84792 1.34509 5.53059
5.84717 1.34478 5.53059
5.87491 1.35124 5.53059
5.88125 1.3538 5.53059
5.88175 1.35372 5.53059
5.89913 1.35966 5.53059
5.92538 1.37825 5.53059
5.9428 1.38258 5.53059
6.00969 1.43356 5.53059
6.00431 1.42698 5.53059
5.92031 1.37149 5.53059
5.92782 1.3814 5.53059
5.89999 1.36162 5.53059
5.90168 1.35978 5.53059
5.90699 1.35991 5.53059
5.92941 1.374 5.53059
5.90918 1.36114 5.53059
5.91764 1.36193 5.53059
5.90182 1.35722 5.53059
5.93241 1.36865 5.53059
5.91821 1.36226 5.53059
5.90187 1.35832 5.53059
5.9088 1.35973 5.53059
5.91073 1.35848 5.53059
5.91038 1.35703 5.53059
5.89127 1.35141 5.53059
5.89749 1.35191 5.53059
5.88477 1.34697 5.53059
5.89306 1.35396 5.53059
5.89017 1.35186 5.53059
5.90677 1.35751 5.53059
5.8917 1.35023 5.53059
5.8686 1.34113 5.53059
5.88055 1.34538 5.53059
5.86941 1.3409 5.53059
5.86661 1.3381 5.53059
5.8451 1.33185 5.53059
5.8468 1.33407 5.53059
5.83663 1.33327 5.53059
5.82259 1.32914 5.53059
5.81611 1.32775 5.53059
5.82415 1.33149 5.53059
5.80967 1.32433 5.53059
5.78466 1.31247 5.53059
5.76382 1.30193 5.53059
5.77831 1.30752 5.53059
5.79572 1.31486 5.53059
5.78567 1.31251 5.53059
5.80023 1.32061 5.53059
5.78006 1.30841 5.53059
5.74983 1.29613 5.53059
5.75037 1.29602 5.53059
5.75939 1.2985 5.53059
5.75423 1.29629 5.53059
5.75588 1.29669 5.53059
5.74632 1.29025 5.53059
5.76726 1.29824 5.53059
5.75722 1.29541 5.53059
5.74837 1.2926 5.53059
5.76272 1.29808 5.53059
5.73811 1.29094 5.53059
5.73444 1.29052 5.53059
5.71897 1.28442 5.53059
5.71445 1.28216 5.53059
5.72307 1.28396 5.42381
5.72629 1.2866 5.42381
5.72199 1.28484 5.42381
5.69943 1.27496 5.42381
5.69505 1.27146 5.42381
5.69614 1.27113 5.42381
5.6856 1.26682 5.42381
5.69471 1.27131 5.42381
5.70811 1.27837 5.42381
5.74318 1.29578 5.42381
5.70768 1.28152 5.42381
5.71041 1.28362 5.42381
5.68965 1.2695 5.42381
5.69199 1.27107 5.42381
5.6969 1.27393 5.42381
5.70056 1.27403 5.42381
5.70178 1.27024 5.42381
5.69235 1.26802 5.42381
5.68459 1.26328 5.42381
5.68778 1.26409 5.42381
5.68561 1.26197 5.42381
5.69816 1.26578 5.42381
5.6655 1.25479 5.42381
5.67739 1.26002 5.42381
5.6592 1.2522 5.42381
5.68465 1.26294 5.42381
5.6509 1.24477 5.42381
5.62578 1.23174 5.42381
5.63828 1.23745 5.42381
5.64072 1.2368 5.42381
5.66058 1.24585 5.42381
5.63698 1.23386 5.42381
5.62198 1.22881 5.42381
5.61401 1.22807 5.42381
5.59168 1.21799 5.42381
5.59143 1.21773 5.42381
5.59246 1.21849 5.42381
5.61946 1.23175 5.42381
5.59084 1.21834 5.42381
5.59131 1.21244 5.42381
5.58066 1.20949 5.42381
5.56968 1.20748 5.42381
5.57424 1.21287 5.42381
5.58673 1.21827 5.42381
5.59898 1.22201 5.42381
5.66482 1.25907 5.42381
5.73608 1.30346 5.42381
5.62949 1.23535 5.42381
5.56474 1.19749 5.42381
5.56228 1.19831 5.42381
5.572 1.20184 5.42381
5.55983 1.19346 5.42381
5.55888 1.19568 5.42381
5.57645 1.20659 5.42381
5.57287 1.20461 5.42381
5.56479 1.20113 5.42381
5.57897 1.20904 5.42381
5.56324 1.2043 5.42381
5.56521 1.1986 5.42381
5.56453 1.19925 5.33829
5.57067 1.20292 5.33829
5.57504 1.2031 5.33829
5.581 1.20329 5.33829
5.58367 1.20587 5.33829
5.5822 1.20729 5.33829
5.56316 1.19692 5.33829
5.55261 1.19514 5.33829
5.57332 1.20675 5.33829
5.5964 1.2204 5.33829
5.59388 1.22304 5.33829
5.56093 1.20776 5.33829
5.5347 1.19571 5.33829
5.5281 1.19125 5.33829
5.55403 1.20258 5.33829
5.54197 1.1966 5.33829
5.54298 1.19649 5.33829
5.59702 1.22677 5.33829
5.56538 1.20518 5.33829
5.55769 1.19943 5.33829
5.56721 1.2035 5.33829
5.57345 1.20829 5.33829
5.56884 1.20508 5.33829
5.56386 1.20454 5.33829
5.56892 1.20431 5.33829
5.61669 1.22919 5.33829
5.58798 1.21578 5.33829
5.57493 1.20471 5.33829
5.59298 1.21118 5.33829
5.58644 1.20963 5.33829
5.58673 1.21115 5.33829
5.57446 1.20307 5.33829
5.56496 1.19944 5.33829
5.57807 1.20209 5.33829
5.58114 1.19979 5.33829
5.58854 1.20299 5.33829
5.59587 1.20535 5.33829
5.60767 1.2149 5.33829
5.63421 1.23165 5.33829
5.60536 1.2142 5.33829
5.61278 1.21717 5.33829
5.59431 1.20678 5.33829
5.60459 1.21338 5.33829
5.58029 1.20302 5.33829
5.59757 1.21494 5.33829
5.59907 1.22238 5.33829
5.62691 1.23924 5.33829
5.62811 1.23387 5.33829
5.63287 1.23674 5.33829
5.6243 1.23154 5.33829
5.60358 1.2202 5.33829
5.54783 1.20052 5.33829
5.60414 1.22622 5.33829
5.63234 1.23936 5.33829
5.57678 1.21168 5.33829
5.55847 1.20358 5.33829
5.57351 1.21027 5.33829
5.60177 1.22562 5.33829
5.62016 1.23515 5.33829
5.59372 1.21849 5.33829
5.60055 1.21625 5.33829
5.58812 1.20484 5.33829
5.57474 1.20184 5.33829
5.57462 1.20333 5.33829
5.57504 1.20204 5.33829
5.5695 1.20162 5.33829
5.59294 1.208 5.33829
5.5873 1.20675 5.33829
5.60164 1.21028 5.33829
5.64642 1.23436 5.33829
5.60851 1.21331 5.33829
5.633 1.22625 5.33829
5.60751 1.2146 5.33829
5.59881 1.20912 5.33829
5.60587 1.21342 5.33829
5.60261 1.2131 5.33829
5.62119 1.22066 5.33829
5.62089 1.22102 5.33829
5.6615 1.24704 5.33829
5.65462 1.24278 5.33829
5.60035 1.21209 5.33829
5.6316 1.23197 5.33829
5.61952 1.22141 5.33829
5.61449 1.21766 5.33829
5.60421 1.21419 5.33829
5.60062 1.20977 5.33829
5.60684 1.21199 5.33829
5.56887 1.19506 5.33829
5.62051 1.22026 5.33829
5.65863 1.24324 5.33829
5.59104 1.20123 5.33829
5.58701 1.1997 5.33829
5.57822 1.19507 5.33829
5.597 1.20446 5.33829
5.58048 1.19664 5.33829
5.58832 1.20098 5.33829
5.56244 1.18961 5.33829
