35.8402 52.562 29.9727
33.846 48.1518 29.9402
32.4597 45.6194 28.8179
31.2267 42.689 27.8327
30.466 40.5467 27.8327
30.1152 39.7087 26.9842
29.9332 38.8782 26.6457
29.2997 37.5152 25.2297
28.6622 36.3153 24.516
28.5998 36.3168 24.516
27.9012 35.2145 23.9526
27.2828 34.1379 23.9526
26.5487 32.8841 23.9147
26.2437 32.4036 21.7777
25.75 31.4836 21.0013
24.7225 29.6329 21.0013
23.6386 27.8155 21.0013
23.4365 27.5525 20.6737
23.0716 26.7967 20.6737
22.9772 26.4128 20.6737
22.79 26.2643 20.6415
23.0413 26.9403 19.7127
22.546 25.9602 19.7127
22.7027 26.3402 19.7127
22.4966 25.7955 19.7127
22.483 25.5377 19.7127
22.2969 25.2064 18.0586
22.2515 25.2255 18.0586
22.6001 25.5505 18.0586
22.4361 25.2377 18.0586
22.246 24.7601 18.0586
22.0778 24.6401 18.0586
21.8676 24.1458 18.0586
21.5381 23.4303 17.8975
21.2784 23.0295 17.8975
21.4436 23.2196 17.8975
21.1384 22.3978 17.8975
20.6453 21.4452 17.8975
20.4753 21.0562 17.8975
20.2453 20.4899 17.422
19.7104 20.1615 17.2483
19.5401 20.0032 17.2483
18.9023 19.3341 17.2483
18.6798 18.6821 16.8093
18.5279 18.4529 15.8581
18.401 18.2164 15.8581
18.2062 17.9583 15.7186
18.2328 17.7202 15.7186
17.8981 16.7603 15.7186
17.3189 15.6828 15.6188
17.0796 15.0364 14.9659
16.4292 13.7836 14.9659
15.8563 12.8989 14.9659
15.7867 12.6848 14.6623
15.607 12.3534 14.6074
15.6108 12.348 14.6074
15.5142 12.0599 12.9227
15.3168 11.9169 12.9227
15.2409 11.7804 12.8746
15.2182 11.7672 12.8746
15.1049 11.426 12.7266
15.0987 11.2903 12.6476
15.0447 11.1991 12.6476
14.8797 10.9745 12.6476
15.0203 11.1257 12.6476
14.8568 10.855 12.6476
14.5327 10.4324 12.4954
14.3673 10.351 12.4954
14.3811 10.2994 12.4954
14.1295 9.81958 12.4954
14.0002 9.69719 12.4954
13.828 9.61684 12.3749
13.427 9.15762 12.3749
13.3058 9.07508 12.0126
13.2435 9.04172 10.6117
13.1227 8.81868 10.6117
12.9436 8.62711 10.6117
12.8854 8.61122 10.0297
12.8347 8.52087 10.0297
12.7408 8.40268 10.0297
12.7774 8.38605 10.0297
12.671 8.18732 10.0297
12.6914 8.15257 10.0297
12.5622 8.00724 10.0297
12.5897 8.01539 10.0297
12.5797 7.94872 10.0297
12.4866 7.91155 10.0297
12.3548 7.7793 10.0297
12.3665 7.75185 10.0297
12.1852 7.56597 10.0297
12.2691 7.663 10.0297
12.2973 7.70878 10.0297
12.2391 7.62281 10.0297
12.0221 7.38968 10.0297
12.012 7.42717 10.0297
11.8394 7.19388 10.0297
11.8718 7.21535 10.0297
11.7473 7.04689 10.0297
11.5969 6.86924 10.0297
11.6174 6.89386 10.0297
11.6567 6.94196 10.0297
11.7713 7.03059 10.0025
11.5793 6.74133 9.38459
11.2718 6.40765 9.38459
11.0322 6.02184 9.38459
11.0656 6.01935 9.38459
10.9385 5.8252 9.38459
10.8783 5.80144 9.38459
10.782 5.6911 9.38459
10.652 5.52789 8.5342
10.3088 5.29616 8.5342
10.1415 5.12282 8.5342
10.027 4.99006 8.47452
9.95209 4.90792 8.47452
9.90198 4.85215 8.47452
9.92202 4.86092 8.47452
9.97274 4.91404 8.47452
9.88901 4.82907 8.47452
9.88011 4.82509 8.47452
9.883 4.83017 8.47452
9.98993 4.99513 8.47452
9.90854 4.96562 8.47452
9.70467 4.75955 8.47452
9.41959 4.5255 8.47452
9.25333 4.46786 8.45701
9.24283 4.44698 8.45701
9.2399 4.48231 8.45701
9.27657 4.53736 8.45701
9.26412 4.4832 8.45701
9.285 4.55136 7.66007
9.09456 4.4157 7.66007
8.88265 4.26152 7.66007
8.82151 4.23843 7.66007
8.99234 4.49483 7.66007
8.90324 4.35895 7.66007
8.91595 4.37745 7.66007
8.75323 4.16752 7.66007
8.69067 4.12926 7.66007
8.68736 4.13622 7.66007
8.73345 4.1984 7.66007
8.59836 4.07969 7.66007
8.57703 4.09184 7.6054
8.52339 4.10445 7.6054
8.48731 4.10189 7.6054
8.50978 4.13429 7.6054
8.63868 4.27415 7.6054
8.58054 4.20328 7.6054
8.55237 4.18258 7.6054
8.44347 4.07168 7.6054
8.20267 3.87828 7.6054
8.22936 3.91863 7.6054
8.20126 3.89368 7.6054
8.20442 3.88833 7.6054
8.17597 3.85014 7.6054
8.13959 3.81855 7.6054
8.14944 3.82605 7.6054
8.17166 3.8433 7.6054
8.19029 3.85775 7.6054
8.14953 3.82839 7.6054
8.16516 3.83702 7.6054
8.22467 3.89237 7.6054
8.17585 3.84675 7.6054
8.15416 3.83202 7.6054
8.13822 3.82151 7.6054
8.17604 3.84882 7.6054
8.16868 3.84934 7.6054
8.23939 3.90298 7.6054
8.2432 3.91047 7.6054
8.22018 3.89622 7.6054
8.23324 3.90597 7.6054
8.21817 3.89368 7.6054
8.22886 3.89778 7.6054
8.21728 3.89052 7.6054
8.21926 3.89323 7.6054
8.1816 3.85955 7.6054
8.15862 3.83516 7.6054
8.11554 3.80072 7.6054
8.10597 3.79573 7.6054
8.10341 3.79444 7.6054
8.10162 3.79389 7.6054
8.10365 3.79317 7.6054
8.10604 3.79621 7.6054
8.11493 3.80329 7.6054
8.10525 3.79677 7.6054
8.09781 3.79377 7.6054
8.09676 3.79345 7.6054
8.1005 3.79642 7.6054
8.09225 3.79139 7.6054
8.09182 3.78977 7.6054
8.0912 3.79136 7.6054
8.11151 3.8074 7.6054
8.09588 3.79723 7.6054
8.09123 3.79601 7.6054
8.09237 3.79214 7.6054
8.09504 3.79255 7.6054
8.09751 3.79331 7.6054
8.09557 3.79189 7.6054
8.10254 3.79408 7.6054
8.10111 3.79145 7.6054
8.09582 3.78592 7.6054
8.10782 3.79631 7.6054
8.08935 3.77683 7.6054
8.08857 3.78057 7.6054
8.09328 3.78848 7.6054
8.19557 3.88246 7.6054
8.10302 3.79423 7.6054
8.10521 3.79519 7.6054
8.16964 3.83859 7.6054
8.13384 3.81513 7.6054
8.17086 3.85219 7.6054
8.11531 3.80299 7.6054
8.10418 3.79418 7.6054
8.1032 3.79332 7.6054
8.10078 3.79199 7.6054
8.10375 3.79395 7.6054
8.12589 3.8096 7.6054
8.11148 3.79808 7.6054
8.10652 3.79607 7.6054
8.11452 3.80097 7.6054
8.11234 3.80095 7.6054
8.10675 3.7946 7.6054
8.10995 3.79932 7.6054
8.29192 3.9757 7.6054
8.13673 3.82353 7.6054
8.09967 3.79786 7.6054
8.10587 3.80042 7.6054
8.08806 3.78692 7.6054
8.09399 3.79264 7.6054
8.08657 3.78632 7.6054
8.09098 3.78782 7.6054
8.08713 3.78519 7.6054
8.10952 3.79786 7.6054
8.08047 3.78172 7.6054
8.19697 3.89053 7.6054
8.0842 3.78522 7.6054
8.08381 3.78367 7.6054
8.07803 3.78279 7.53536
8.08347 3.78712 7.53536
8.12659 3.82303 7.53536
8.12664 3.81861 7.53536
8.08515 3.79161 7.53536
8.08287 3.78427 7.53536
8.08445 3.78395 7.53536
8.13321 3.82958 7.53536
8.09085 3.80444 7.53536
8.08581 3.7989 7.53536
8.08151 3.7896 7.53536
8.06149 3.77476 7.53536
8.04682 3.76732 7.53536
8.06736 3.77564 7.53536
8.07404 3.77975 7.53536
8.0761 3.78098 7.53536
8.09218 3.8023 7.53536
8.13428 3.84585 7.53536
8.11859 3.82448 7.53536
8.07779 3.8007 7.53536
8.07933 3.80058 7.53536
8.08112 3.79976 7.53536
8.11498 3.82442 7.53536
8.08119 3.80893 7.53536
8.0718 3.80575 7.53536
8.07668 3.80766 7.53536
8.08219 3.80764 7.53536
8.08623 3.81109 7.53536
8.25175 3.94926 7.53536
8.10305 3.80751 7.53536
8.1012 3.81712 7.53536
8.08604 3.80001 7.53536
8.09657 3.81687 7.53536
8.07427 3.79634 7.53536
8.06493 3.78911 7.53536
8.06818 3.78465 7.53536
8.06447 3.78122 7.53536
8.06049 3.7766 7.53536
8.0469 3.77322 7.53536
8.05635 3.77575 7.53536
8.06017 3.77968 7.53536
8.04836 3.76049 7.53536
8.04267 3.75696 7.53536
8.03005 3.73664 7.53536
8.0285 3.73362 7.53536
8.03036 3.74763 7.53536
8.0082 3.73561 7.53536
7.98819 3.72584 7.53536
7.98584 3.71591 7.53536
7.96615 3.69911 7.53536
7.97901 3.69969 7.53536
7.96114 3.678 7.49729
7.97211 3.67818 7.49729
7.9399 3.62148 7.49729
7.92127 3.58218 7.48808
7.92928 3.59463 7.48808
7.94207 3.62045 7.48808
7.95482 3.62078 7.48808
7.91069 3.5637 7.24906
7.91233 3.58351 7.24906
7.90126 3.57512 7.24906
7.87873 3.54618 7.24906
7.87416 3.53026 7.24906
7.88015 3.53039 7.21472
7.89183 3.51451 7.21472
7.79679 3.40621 7.21472
7.76393 3.35148 7.21472
7.71894 3.274 7.21472
7.74021 3.29714 7.21472
7.73218 3.27912 7.21472
7.7114 3.25201 7.21472
7.69483 3.23971 7.21472
7.69876 3.24445 7.21472
7.687 3.23711 7.21472
7.69331 3.24062 7.21472
7.70276 3.24525 7.21472
7.70679 3.24925 7.21472
7.70358 3.24825 7.21472
7.69519 3.24586 7.17325
7.7019 3.25069 7.17325
7.70458 3.25117 7.17325
7.69288 3.24384 7.17325
7.76751 3.29719 7.17325
7.69429 3.24899 7.17325
7.73805 3.2742 7.17325
7.68384 3.2396 7.17325
7.68798 3.24788 7.17325
7.69193 3.25048 7.17325
7.66998 3.23133 7.17325
7.65968 3.22637 7.17325
7.65966 3.22356 7.17325
7.65322 3.21901 7.17325
7.655 3.22145 7.17325
7.66145 3.22433 7.17325
7.66788 3.22834 7.17325
7.7262 3.27053 7.17325
7.7717 3.31665 7.17325
7.77203 3.30031 7.17325
7.69344 3.241 7.17325
7.75481 3.292 7.17325
7.68171 3.23636 7.17325
7.67226 3.23405 7.17325
7.66706 3.23374 7.17325
7.6625 3.23099 7.17325
7.68403 3.24765 7.17325
7.67285 3.23785 7.17325
7.67306 3.23712 7.17325
7.66722 3.23517 7.17325
7.64666 3.22451 7.17325
7.65591 3.2275 7.17325
7.67525 3.23949 7.17325
7.68423 3.24415 7.17325
7.63038 3.21085 7.17325
7.68857 3.26773 7.17325
7.72611 3.29834 7.17325
7.62198 3.20333 7.17325
7.60347 3.18926 7.17325
7.62566 3.204 7.17325
7.62216 3.20684 7.17325
7.56879 3.16949 7.17325
7.55095 3.1562 7.17325
7.53779 3.14688 7.17325
7.55558 3.16016 7.17325
7.55029 3.15602 7.17325
7.53283 3.144 7.17325
7.53996 3.14803 7.17325
7.53728 3.14622 7.17325
7.55045 3.15688 7.17325
7.54692 3.15376 7.17325
7.54582 3.15299 7.17325
7.58304 3.1804 7.17325
7.59029 3.18506 7.17325
7.60224 3.19578 6.9802
7.61603 3.20654 6.9802
7.61611 3.20508 6.9802
7.64083 3.2199 6.9802
7.61781 3.20532 6.9802
7.60984 3.19906 6.9802
7.59923 3.19284 6.9802
7.6087 3.19779 6.9802
7.61719 3.20172 6.9802
7.62773 3.20767 6.9802
7.67515 3.24673 6.9802
7.655 3.22836 6.9802
7.69437 3.2537 6.9802
7.65995 3.22875 6.9802
7.65816 3.22853 6.9802
7.66872 3.23974 6.9802
7.66404 3.23463 6.9802
7.65334 3.22704 6.9802
7.61686 3.20873 6.9802
7.59959 3.2004 6.9802
7.62573 3.21486 6.9802
7.61253 3.2076 6.9802
7.59604 3.19838 6.9802
7.6213 3.21233 6.9802
7.61032 3.20353 6.9802
7.60712 3.19852 6.9802
7.62135 3.20484 6.9802
7.60845 3.19841 6.9802
7.60969 3.19733 6.9802
7.60722 3.19464 6.9802
7.62519 3.20429 6.9802
7.60345 3.19126 6.9802
7.59937 3.19315 6.97311
7.60065 3.19812 6.87121
7.57873 3.18442 6.87121
7.59034 3.18709 6.87121
7.59429 3.18329 6.87121
7.57372 3.17376 6.87121
7.57102 3.17274 6.87121
7.61099 3.20237 6.87121
7.57963 3.18314 6.87121
7.58448 3.1873 6.87121
7.62717 3.21961 6.87121
7.59849 3.1949 6.87121
7.56714 3.17683 6.87121
7.55947 3.1738 6.87121
7.55836 3.17472 6.87121
7.52014 3.1563 6.87121
7.52049 3.15509 6.87121
7.53521 3.16473 6.87121
7.54425 3.16857 6.87121
7.53625 3.16744 6.87121
7.55239 3.17457 6.87121
7.57578 3.18757 6.87121
7.57953 3.18715 6.87121
7.5283 3.16391 6.87121
7.53784 3.16918 6.87121
7.55614 3.1766 6.87121
7.51246 3.1552 6.87121
7.50569 3.15149 6.87121
7.41606 3.10912 6.87121
7.41221 3.1071 6.87121
7.41627 3.10972 6.87121
7.42146 3.11261 6.87121
7.42707 3.11642 6.87121
7.43515 3.12169 6.87121
7.42132 3.11376 6.87121
7.42061 3.11322 6.87121
7.41974 3.11263 6.87121
7.41947 3.1124 6.87121
7.42167 3.11387 6.87121
7.49905 3.18327 6.87121
7.42148 3.11382 6.87121
7.41813 3.11187 6.87121
7.41589 3.11057 6.87121
7.42276 3.11576 6.87121
7.42036 3.11317 6.87121
7.4208 3.11331 6.87121
7.4214 3.11379 6.87121
7.42132 3.11376 6.87121
7.42151 3.11385 6.87121
7.4207 3.11326 6.87121
7.42914 3.11948 6.87121
7.41985 3.11267 6.87121
7.42836 3.11953 6.87121
7.43831 3.12712 6.87121
7.42338 3.11548 6.87121
7.49883 3.18092 6.87121
7.54387 3.22558 6.87121
7.42216 3.11473 6.87121
7.45308 3.13603 6.87121
7.60107 3.27873 6.87121
7.48938 3.15576 6.87121
7.47461 3.14723 6.87121
7.5264 3.18583 6.87121
7.44263 3.12781 6.87121
7.43483 3.12243 6.87121
7.51503 3.18346 6.87121
7.47957 3.15693 6.87121
7.41181 3.10832 6.87121
7.41567 3.11022 6.87121
7.42193 3.11434 6.87121
7.419 3.11283 6.87121
7.40937 3.11007 6.87121
7.45164 3.14607 6.87121
7.42886 3.12058 6.87121
7.42879 3.11997 6.87121
7.43015 3.12054 6.87121
7.42684 3.11802 6.87121
7.42966 3.12001 6.87121
7.52282 3.20366 6.87121
7.4299 3.12088 6.87121
7.42544 3.11692 6.87121
7.43035 3.12131 6.87121
7.43594 3.12537 6.87121
7.44047 3.12861 6.87121
7.43924 3.1291 6.87121
7.43126 3.12186 6.87121
7.43659 3.12655 6.87121
7.43082 3.12057 6.87121
7.43409 3.1235 6.87121
7.43947 3.12887 6.87121
7.44024 3.13051 6.87121
7.44354 3.13322 6.87121
7.42769 3.11791 6.87121
7.42902 3.12096 6.87121
7.43863 3.12908 6.87121
7.44685 3.13713 6.87121
7.4346 3.12879 6.87121
7.43083 3.12282 6.87121
7.51752 3.20352 6.87121
7.42836 3.12063 6.87121
7.44319 3.13374 6.87121
7.43787 3.12962 6.87121
7.45054 3.1391 6.87121
7.60359 3.31034 6.87121
7.45742 3.1419 6.87121
7.48731 3.16979 6.87121
7.4564 3.13747 6.87121
7.42347 3.11719 6.87121
7.42639 3.1177 6.87121
7.44866 3.13463 6.87121
7.43936 3.13084 6.87121
7.49974 3.1873 6.87121
7.42793 3.12154 6.87121
7.4232 3.11658 6.87121
7.41412 3.10825 6.87121
7.41051 3.10564 6.87121
7.42258 3.11635 6.87121
7.40744 3.1034 6.87121
7.42184 3.11555 6.87121
7.42367 3.11644 6.87121
7.41911 3.1122 6.87121
7.42238 3.11605 6.87121
7.41874 3.11202 6.87121
7.42483 3.11705 6.87121
7.4207 3.11326 6.87121
7.42148 3.11382 6.87121
7.44065 3.12796 6.87121
7.44981 3.13587 6.87121
7.43156 3.12206 6.87121
7.42386 3.1161 6.87121
7.42799 3.1198 6.87121
7.42028 3.11314 6.87121
7.42332 3.11524 6.87121
7.4214 3.11379 6.87121
7.42125 3.11373 6.87121
7.42598 3.11718 6.87121
7.42161 3.11383 6.87121
7.4207 3.11346 6.87121
7.42169 3.11387 6.87121
7.42151 3.11371 6.87121
7.41984 3.11273 6.87121
7.41565 3.10978 6.87121
7.41985 3.11267 6.87121
7.43559 3.12583 6.87121
7.42148 3.11382 6.87121
7.44224 3.13171 6.87121
7.42107 3.11359 6.87121
7.42067 3.11336 6.87121
7.41898 3.1124 6.87121
7.41978 3.11324 6.87121
7.41581 3.11214 6.87121
7.42159 3.11389 6.87121
7.41839 3.11158 6.87121
7.41385 3.10902 6.87121
7.41887 3.11254 6.87121
7.41333 3.10837 6.87121
7.42194 3.11524 6.87121
7.4151 3.11039 6.87121
7.39601 3.09722 6.87121
7.40599 3.104 6.87121
7.41979 3.11534 6.87121
7.41455 3.10953 6.87121
7.38124 3.08524 6.87121
7.39132 3.09294 6.87121
7.37947 3.08403 6.87121
7.36926 3.07595 6.87121
7.35336 3.06261 6.87121
7.36503 3.0711 6.87121
7.3564 3.06666 6.87121
7.34689 3.05976 6.87121
7.34784 3.05985 6.87121
7.35139 3.06163 6.87121
7.37968 3.07908 6.87121
7.47125 3.16479 6.87121
7.33949 3.05389 6.87121
7.3434 3.05719 6.87121
7.33502 3.05163 6.87121
7.33308 3.04905 6.87121
7.32679 3.04435 6.87121
7.32847 3.04384 6.87121
7.30086 3.02654 6.87121
7.39016 3.09774 6.87121
7.33856 3.05262 6.87121
7.31699 3.03825 6.87121
7.33016 3.0452 6.87121
7.33308 3.04805 6.87121
7.33257 3.04724 6.87121
7.33356 3.04874 6.87121
7.33591 3.05271 6.75622
7.31722 3.0408 6.75622
7.30737 3.034 6.75622
7.29835 3.02959 6.75622
7.23545 2.98632 6.75622
7.20969 2.97084 6.75622
7.20762 2.97025 6.75622
7.20713 2.97385 6.75622
7.21493 2.97903 6.75622
7.22026 2.97776 6.75622
7.20373 2.97534 6.75622
7.19779 2.973 6.75622
7.18963 2.97218 6.75622
7.19395 2.96745 6.75622
7.21317 2.96939 6.75622
7.20796 2.96969 6.75622
7.28002 3.01491 6.75622
7.26487 3.00419 6.75622
7.24875 2.98754 6.75622
7.28668 3.02599 6.75622
7.27088 3.00228 6.75622
7.2697 2.99944 6.75622
7.24257 2.98099 6.75622
7.30839 3.03954 6.75622
7.2296 2.97487 6.75622
7.23321 2.97818 6.75622
7.21093 2.9695 6.75622
7.24727 2.99533 6.75622
7.21042 2.97001 6.75622
7.20078 2.969 6.75622
7.22515 2.98011 6.75622
7.2375 2.98545 6.75622
7.24742 2.99301 6.75622
7.26877 3.00098 6.75622
7.26558 2.99728 6.75622
7.26123 2.99254 6.75622
7.25173 2.9861 6.75622
7.2589 2.99458 6.75622
7.25909 2.99236 6.75622
7.26013 2.98851 6.75622
7.25994 2.98918 6.75622
7.25511 2.98263 6.75622
7.25979 2.98392 6.75622
7.25207 2.98107 6.75622
7.26013 2.9872 6.75622
7.25511 2.982 6.75622
7.26165 2.98795 6.75622
7.25598 2.98643 6.75622
7.25634 2.98504 6.75622
7.24205 2.9796 6.75622
7.25757 2.98949 6.75622
7.24958 2.98403 6.75622
7.19969 2.96677 6.75622
7.15801 2.95272 6.75622
7.16067 2.95419 6.75622
7.21486 2.97032 6.75622
7.2273 2.9747 6.75622
7.23225 2.97657 6.75622
7.22872 2.97521 6.75622
7.21331 2.97114 6.75622
7.22185 2.97345 6.75622
7.224 2.97474 6.75622
7.22226 2.9808 6.75622
7.22088 2.97575 6.75622
7.20781 2.97101 6.75622
7.19992 2.96567 6.75622
7.2141 2.96868 6.75622
7.20261 2.96361 6.75622
7.21187 2.97858 6.73146
7.19825 2.96838 6.73146
7.19261 2.96465 6.73146
7.19041 2.96137 6.50097
7.18842 2.96063 6.50097
7.20625 2.9678 6.50097
7.17645 2.95789 6.50097
7.16238 2.9602 6.50097
7.21462 3.00399 6.50097
7.18944 2.98454 6.50097
7.22083 2.99395 6.50097
7.18019 2.96949 6.50097
7.15267 2.95032 6.50097
7.13023 2.94402 6.50097
7.14119 2.94673 6.50097
7.1474 2.94808 6.50097
7.16312 2.95317 6.50097
7.11838 2.93976 6.50097
7.08782 2.92995 6.50097
7.0683 2.91859 6.50097
6.95493 2.97897 6.50097
6.74135 2.80912 6.50097
6.74832 2.80753 6.50097
6.79193 2.84689 6.50097
6.90544 2.94111 6.47712
6.95064 2.9485 6.47712
6.77619 2.799 6.40006
6.73824 2.78551 6.37621
6.74391 2.78668 6.37621
6.72603 2.80072 6.37621
6.68245 2.77479 6.37621
6.67105 2.76617 6.37621
6.66949 2.76306 6.37621
6.68784 2.7689 6.37621
6.70887 2.77847 6.37621
6.72565 2.78468 6.37621
6.71768 2.78092 6.37621
6.71333 2.78413 6.37621
6.71898 2.77937 6.37621
6.70141 2.77011 6.37621
6.69258 2.76869 6.37621
6.69391 2.77386 6.37621
6.70481 2.78885 6.37621
6.67437 2.77118 6.37621
6.68449 2.77434 6.37621
6.71286 2.7918 6.37621
6.68289 2.77237 6.37621
6.68355 2.77256 6.37621
6.71376 2.79336 6.37621
6.68666 2.78043 6.37621
6.6686 2.76868 6.37621
6.64511 2.75597 6.37621
6.6069 2.73392 6.37621
6.53931 2.69773 6.24409
6.50544 2.67779 6.24409
6.42751 2.63792 6.24409
6.51391 2.71579 6.24409
6.42737 2.63712 6.24409
6.40739 2.62667 6.24409
6.41195 2.6288 6.24409
6.40829 2.62697 6.24409
6.4074 2.62637 6.24409
6.40006 2.62338 6.24409
6.40006 2.62338 6.24409
6.39996 2.62334 6.24409
6.42895 2.64199 6.24409
6.40006 2.62338 6.24409
6.40006 2.62338 6.24409
6.42108 2.63714 6.24409
6.40032 2.62356 6.24409
6.40006 2.62338 6.24409
6.40006 2.62338 6.24409
6.40243 2.62481 6.24409
6.40006 2.62338 6.24409
6.40006 2.62338 6.24409
6.40295 2.62499 6.24409
6.42477 2.63763 6.24409
6.43866 2.64666 6.24409
6.55098 2.73754 6.24409
6.46231 2.66329 6.24409
6.40839 2.62822 6.24409
6.4058 2.62661 6.24409
6.41218 2.6304 6.24409
6.54746 2.76177 6.24409
6.42473 2.63672 6.24409
6.40777 2.62789 6.24409
6.41112 2.62976 6.24409
6.40717 2.6275 6.24409
6.41605 2.63213 6.24409
6.41161 2.63009 6.24409
6.44034 2.65143 6.24409
6.40058 2.62369 6.24409
6.39996 2.62334 6.24409
6.39984 2.62329 6.24409
6.40557 2.62656 6.24409
6.5653 2.78276 6.24409
6.40106 2.62384 6.24409
6.40006 2.62338 6.24409
6.39943 2.62308 6.24409
6.39881 2.62278 6.24409
6.39943 2.62308 6.24409
6.40006 2.62338 6.24409
6.46553 2.6662 6.24409
6.41297 2.63032 6.24409
6.40267 2.62484 6.24409
6.40006 2.62338 6.24409
6.40006 2.62338 6.24409
6.40243 2.62475 6.24409
6.40092 2.62399 6.24409
6.40217 2.62457 6.24409
6.40006 2.62334 6.24409
6.40006 2.62337 6.24409
6.40006 2.62338 6.24409
6.39996 2.62333 6.24409
6.40297 2.62529 6.24409
6.40006 2.62335 6.24409
6.40006 2.62335 6.24409
6.40006 2.62338 6.24409
6.40006 2.62338 6.24409
6.40006 2.62338 6.24409
6.40006 2.62338 6.24409
6.40006 2.62338 6.24409
6.40006 2.62338 6.24409
6.40006 2.62338 6.24409
6.49404 2.70933 6.24409
6.53507 2.7379 6.24409
6.40006 2.62338 6.24409
6.40183 2.62373 6.24409
6.40006 2.62338 6.24409
6.40027 2.62341 6.24409
6.40152 2.6236 6.24409
6.5347 2.72873 6.24409
6.41584 2.6311 6.24409
6.40692 2.62659 6.24409
6.40006 2.62338 6.24409
6.41978 2.63458 6.24409
6.40006 2.62338 6.24409
6.40032 2.62351 6.24409
6.40137 2.62401 6.24409
6.40006 2.62338 6.24409
6.40006 2.62338 6.24409
6.40006 2.62338 6.24409
6.40006 2.62338 6.24409
6.40006 2.62338 6.24409
6.40006 2.62338 6.24409
6.39996 2.62333 6.24409
6.39996 2.62333 6.24409
6.40803 2.62837 6.24409
6.3997 2.62323 6.24409
6.40374 2.62549 6.24409
6.40006 2.62338 6.24409
6.40559 2.62644 6.24409
6.41758 2.63296 6.24409
6.55752 2.74419 6.24409
6.40467 2.62528 6.24409
6.40255 2.62439 6.24409
6.41203 2.62817 6.24409
6.42033 2.63226 6.24409
6.41519 2.62929 6.24409
6.41332 2.62775 6.24409
6.41499 2.62889 6.24409
6.40937 2.62651 6.24409
6.41796 2.63056 6.24409
6.47813 2.67456 6.24409
6.43997 2.64635 6.24409
6.42483 2.63499 6.24409
6.46569 2.66039 6.24409
6.42644 2.63633 6.24409
6.42034 2.63132 6.24409
6.44978 2.65029 6.24409
6.42247 2.63274 6.24409
6.42131 2.63079 6.24409
6.41879 2.63004 6.24409
6.41428 2.62832 6.24409
6.41931 2.63012 6.24409
6.42677 2.63383 6.24409
6.44687 2.64478 6.24409
6.45228 2.64888 6.24409
6.42493 2.63193 6.24409
6.42665 2.63353 6.24409
6.44532 2.64238 6.24409
6.43997 2.63857 6.24409
6.42801 2.63376 6.24409
6.42845 2.6352 6.24409
6.41735 2.62902 6.24409
6.48558 2.68392 6.24409
6.4424 2.64901 6.24409
6.40842 2.62622 6.24409
6.44887 2.65191 6.24409
6.39906 2.62288 6.24409
6.39805 2.62249 6.24409
6.39961 2.62303 6.24409
6.54208 2.75384 6.24409
6.40992 2.62761 6.24409
6.39495 2.621 6.24409
6.39607 2.62153 6.24409
6.39708 2.62197 6.24409
6.41209 2.63102 6.24409
6.40913 2.62835 6.24409
6.41223 2.62931 6.24409
6.40017 2.62369 6.24409
6.40005 2.62351 6.24409
6.40006 2.62338 6.24409
6.40006 2.62342 6.24409
6.39943 2.62308 6.24409
6.39939 2.62289 6.24409
6.41364 2.62773 6.24409
6.40894 2.62732 6.24409
6.45784 2.66793 6.24409
6.46393 2.67228 6.24409
6.40019 2.62319 6.24409
6.48114 2.69156 6.24409
6.39846 2.6228 6.24409
6.40313 2.62399 6.24409
6.40704 2.62656 6.24409
6.40395 2.62374 6.24409
6.4112 2.62695 6.24409
6.40439 2.62389 6.24409
6.4574 2.66176 6.24409
6.54567 2.74419 6.24409
6.40007 2.62218 6.24409
6.44905 2.65218 6.24409
6.4545 2.65806 6.24409
6.41716 2.62921 6.24409
6.42226 2.63346 6.24409
6.49238 2.68105 6.24409
6.42818 2.63565 6.24409
6.41063 2.62634 6.24409
6.42923 2.63603 6.24409
6.41867 2.62889 6.24409
6.41928 2.62916 6.24409
6.41552 2.62784 6.24409
6.41757 2.62861 6.24409
6.41563 2.62771 6.24409
6.40995 2.62565 6.24409
6.41807 2.62873 6.24409
6.42775 2.63335 6.24409
6.41142 2.62648 6.24409
6.40912 2.62611 6.24409
6.3886 2.61817 6.24409
6.38687 2.61752 6.24409
6.39607 2.62145 6.24409
6.4069 2.62913 6.24409
6.39753 2.62256 6.24409
6.47471 2.68484 6.24409
6.47299 2.67333 6.24409
6.39502 2.62325 6.24409
6.37992 2.6144 6.22025
6.38033 2.61459 6.22025
6.37908 2.614 6.22025
6.37818 2.61361 6.22025
6.42381 2.64189 6.22025
6.40572 2.62877 6.22025
6.44971 2.66399 6.22025
6.40555 2.6322 6.22025
6.45192 2.67378 6.22025
6.39532 2.62196 6.22025
6.37582 2.6121 6.22025
6.40657 2.62543 6.22025
6.38907 2.61754 6.22025
6.38985 2.61809 6.22025
6.3845 2.61622 6.22025
6.37751 2.61347 6.22025
6.38566 2.61629 6.22025
6.38783 2.61702 6.22025
6.4207 2.642 6.22025
6.41611 2.63526 6.22025
6.38286 2.61522 6.22025
6.38839 2.61707 6.22025
6.4008 2.6221 6.22025
6.39634 2.62028 6.22025
6.39038 2.61776 6.22025
6.39708 2.62019 6.22025
6.40399 2.62261 6.22025
6.40117 2.62151 6.22025
6.39469 2.6193 6.22025
6.39467 2.61937 6.22025
6.39974 2.62101 6.22025
6.40913 2.62447 6.22025
6.40365 2.62275 6.22025
6.40881 2.62473 6.22025
6.43154 2.63798 6.22025
6.42031 2.63053 6.22025
6.42355 2.63198 6.22025
6.42116 2.63265 6.22025
6.44331 2.64346 6.22025
6.46921 2.65745 6.22025
6.42851 2.63506 6.22025
6.43355 2.63923 6.22025
6.43154 2.63875 6.22025
6.43298 2.64001 6.22025
6.44152 2.64653 6.22025
6.46563 2.65918 6.22025
6.42871 2.63922 6.22025
6.44853 2.64987 6.22025
6.49932 2.68965 6.22025
6.46381 2.66253 6.22025
6.4266 2.63814 6.22025
6.42098 2.63351 6.22025
6.43892 2.64719 6.22025
6.42656 2.63671 6.22025
6.42587 2.63694 6.22025
6.427 2.63802 6.22025
6.42696 2.63807 6.22025
6.44017 2.64585 6.22025
6.4423 2.64781 6.22025
6.49824 2.68994 6.22025
6.45679 2.65271 6.22025
6.41696 2.6313 6.22025
6.42198 2.6337 6.22025
6.417 2.6286 6.22025
6.41319 2.62578 6.22025
6.4144 2.62667 6.22025
6.40809 2.62401 6.22025
6.41636 2.62743 6.22025
6.42516 2.6322 6.22025
6.40654 2.62339 6.22025
6.40742 2.62357 6.22025
6.40348 2.62219 6.22025
6.40203 2.62168 6.22025
6.39658 2.61979 6.22025
6.40311 2.62321 6.22025
6.39418 2.62203 6.22025
6.39747 2.62396 6.22025
6.44017 2.66149 6.22025
6.38521 2.61592 6.22025
6.38424 2.6155 6.22025
6.38424 2.6155 6.22025
6.39183 2.61964 6.22025
6.38177 2.61473 6.22025
6.37674 2.61298 6.22025
6.38011 2.61424 6.22025
6.37621 2.61272 6.22025
6.37898 2.6141 6.22025
6.3988 2.62346 6.22025
6.49974 2.72318 6.22025
6.40476 2.62537 6.22025
6.41111 2.62936 6.22025
6.41886 2.6329 6.22025
6.41769 2.63191 6.22025
6.42339 2.63463 6.22025
6.42293 2.6343 6.22025
6.41153 2.63016 6.22025
6.40987 2.62981 6.22025
