           1    -7.54884    -7.54884           0
           2    -7.55049    -7.54966 0.000823858
           3    -7.54832    -7.54921 0.000653871
           4    -7.54278    -7.54761  0.00167342
           5     -7.5516     -7.5484  0.00152257
           6    -7.54326    -7.54755  0.00151004
           7    -7.55788    -7.54902   0.0019519
           8    -7.54135    -7.54806  0.00194341
           9    -7.54524    -7.54775   0.0017425
          10    -7.55044    -7.54802  0.00158162
          11    -7.54109    -7.54739  0.00156306
          12     -7.5518    -7.54776  0.00147351
          13    -7.54963     -7.5479  0.00136303
          14    -7.54469    -7.54767  0.00128264
          15    -7.54967    -7.54781   0.0012015
          16    -7.54027    -7.54733  0.00121847
          17    -7.54658    -7.54729  0.00114541
          18     -7.5368    -7.54671  0.00122714
          19    -7.54222    -7.54647  0.00118455
          20    -7.54827    -7.54656  0.00112734
