   0.0115332           0           0
   0.0345996           0           0
   0.0576661           0           0
   0.0807325           0           0
    0.103799           0           0
    0.126865           0           0
    0.149932           0           0
    0.172998           0           0
    0.196065           0           0
    0.219131           0           0
    0.242198           0           0
    0.265264           0           0
     0.28833           0           0
    0.311397           0           0
    0.334463           0           0
     0.35753           0           0
    0.380596           0           0
    0.403663           0           0
    0.426729           0           0
    0.449795           0           0
    0.472862           0           0
    0.495928           0           0
    0.518995           0           0
    0.542061           0           0
    0.565128           0           0
    0.588194           0           0
     0.61126           0           0
    0.634327           0           0
    0.657393           0           0
     0.68046           0           0
    0.703526           0           0
    0.726593           0           0
    0.749659           0           0
    0.772725           0           0
    0.795792           0           0
    0.818858           0           0
    0.841925           0           0
    0.864991           0           0
    0.888058 8.83686e-05 1.17047e-05
    0.911124  0.00341821 6.61367e-05
     0.93419   0.0471701 0.000265761
    0.957257    0.293038 0.000989801
    0.980323     1.00889  0.00183295
     1.00339     2.23858  0.00210765
     1.02646     3.62478  0.00179669
     1.04952     4.61716  0.00211428
     1.07259     4.89676  0.00372639
     1.09566     4.49288  0.00340614
     1.11872     3.65989  0.00259127
     1.14179     2.69412  0.00231097
     1.16485     1.81701  0.00151976
     1.18792     1.13066  0.00157692
     1.21099      0.6542 0.000985384
     1.23405    0.352878  0.00078418
     1.25712    0.178959 0.000735193
     1.28019   0.0885378 0.000562475
     1.30325    0.049233  0.00037405
     1.32632   0.0421504 0.000419933
     1.34939   0.0603625 0.000371223
     1.37245    0.105295 0.000406532
     1.39552    0.184175  0.00056639
     1.41859    0.300139 0.000448738
     1.44165    0.453819   0.0006601
     1.46472    0.628556 0.000602032
     1.48778    0.796227 0.000990426
     1.51085    0.922297 0.000942968
     1.53392    0.971131  0.00117672
     1.55698    0.929041  0.00133658
     1.58005    0.809177 0.000914011
     1.60312    0.641691 0.000664327
     1.62618    0.465555 0.000541313
     1.64925    0.316803 0.000556186
     1.67232    0.219613  0.00067952
     1.69538    0.191595 0.000795156
     1.71845    0.254296 0.000951526
     1.74152    0.432814  0.00107816
     1.76458    0.748919  0.00121126
     1.78765     1.19717 0.000990155
     1.81071     1.72777 0.000839984
     1.83378      2.2359  0.00131439
     1.85685     2.59819  0.00211205
     1.87991     2.71457  0.00183251
     1.90298     2.55633  0.00208297
     1.92605     2.18191  0.00149742
     1.94911     1.69151  0.00117825
     1.97218     1.19996 0.000715466
     1.99525    0.801935  0.00114018
     2.01831    0.541713  0.00115397
     2.04138    0.433674  0.00128177
     2.06445    0.460011 0.000994665
     2.08751    0.586703 0.000772893
     2.11058     0.75832 0.000510935
     2.13364    0.917907 0.000751393
     2.15671     1.01464 0.000941116
     2.17978     1.02229   0.0010738
     2.20284    0.919806 0.000646201
     2.22591    0.780782 0.000509996
     2.24898    0.653641 0.000521513
     2.27204    0.571146 0.000978941
     2.29511    0.572962  0.00114768
