           1     7.57912     7.57912           0
           2     7.57237     7.57574  0.00337596
           3     7.58579     7.57909  0.00387504
           4     7.61272      7.5875  0.00884178
           5     7.56344     7.58269  0.00837004
           6     7.61337      7.5878  0.00853537
           7     7.53124     7.57972   0.0108313
           8     7.62128     7.58492   0.0107226
           9     7.60299     7.58692  0.00966737
          10     7.57269      7.5855  0.00876307
          11     7.62458     7.58905  0.00868639
          12     7.56386     7.58695   0.0082028
          13     7.57504     7.58604  0.00760096
          14     7.60512      7.5874  0.00716786
          15     7.57679     7.58669  0.00671028
          16     7.62689     7.58921  0.00676098
          17     7.59335     7.58945   0.0063555
          18     7.64844     7.59273   0.0068297
          19     7.61754     7.59403  0.00659096
          20     7.58269     7.59347  0.00627842
