   0.0115332           0           0
   0.0345996           0           0
   0.0576661           0           0
   0.0807325           0           0
    0.103799           0           0
    0.126865           0           0
    0.149932           0           0
    0.172998           0           0
    0.196065           0           0
    0.219131           0           0
    0.242198           0           0
    0.265264           0           0
     0.28833           0           0
    0.311397           0           0
    0.334463           0           0
     0.35753           0           0
    0.380596           0           0
    0.403663           0           0
    0.426729           0           0
    0.449795           0           0
    0.472862           0           0
    0.495928           0           0
    0.518995           0           0
    0.542061           0           0
    0.565128           0           0
    0.588194           0           0
     0.61126           0           0
    0.634327           0           0
    0.657393           0           0
     0.68046           0           0
    0.703526           0           0
    0.726593           0           0
    0.749659           0           0
    0.772725           0           0
    0.795792           0           0
    0.818858           0           0
    0.841925           0           0
    0.864991           0           0
    0.888058 0.000162009           0
    0.911124  0.00383377           0
     0.93419   0.0470623           0
    0.957257     0.29565           0
    0.980323     1.01166           0
     1.00339     2.21732           0
     1.02646     3.62418           0
     1.04952     4.61007           0
     1.07259     4.90238           0
     1.09566     4.49774           0
     1.11872     3.67049           0
     1.14179     2.70387           0
     1.16485     1.81756           0
     1.18792     1.13359           0
     1.21099    0.647482           0
     1.23405    0.349682           0
     1.25712     0.17923           0
     1.28019   0.0890123           0
     1.30325   0.0493493           0
     1.32632   0.0420484           0
     1.34939    0.060335           0
     1.37245    0.106436           0
     1.39552    0.181785           0
     1.41859    0.299929           0
     1.44165    0.453419           0
     1.46472    0.626859           0
     1.48778    0.789472           0
     1.51085    0.920728           0
     1.53392    0.976227           0
     1.55698    0.934206           0
     1.58005    0.807492           0
     1.60312    0.640654           0
     1.62618    0.467515           0
     1.64925    0.320775           0
     1.67232    0.219257           0
     1.69538    0.192721           0
     1.71845    0.254557           0
     1.74152     0.43427           0
     1.76458     0.74455           0
     1.78765     1.18792           0
     1.81071     1.72219           0
     1.83378     2.23639           0
     1.85685     2.60593           0
     1.87991     2.72228           0
     1.90298     2.56048           0
     1.92605     2.17963           0
     1.94911     1.69006           0
     1.97218     1.19615           0
     1.99525    0.798549           0
     2.01831    0.542539           0
     2.04138    0.431857           0
     2.06445    0.455838           0
     2.08751    0.585488           0
     2.11058    0.755699           0
     2.13364    0.923627           0
     2.15671     1.01926           0
     2.17978     1.03076           0
     2.20284    0.922725           0
     2.22591    0.780314           0
     2.24898    0.648843           0
     2.27204    0.569447           0
     2.29511    0.573411           0
   0.0115332           0           0
   0.0345996           0           0
   0.0576661           0           0
   0.0807325           0           0
    0.103799           0           0
    0.126865           0           0
    0.149932           0           0
    0.172998           0           0
    0.196065           0           0
    0.219131           0           0
    0.242198           0           0
    0.265264           0           0
     0.28833           0           0
    0.311397           0           0
    0.334463           0           0
     0.35753           0           0
    0.380596           0           0
    0.403663           0           0
    0.426729           0           0
    0.449795           0           0
    0.472862           0           0
    0.495928           0           0
    0.518995           0           0
    0.542061           0           0
    0.565128           0           0
    0.588194           0           0
     0.61126           0           0
    0.634327           0           0
    0.657393           0           0
     0.68046           0           0
    0.703526           0           0
    0.726593           0           0
    0.749659           0           0
    0.772725           0           0
    0.795792           0           0
    0.818858           0           0
    0.841925           0           0
    0.864991           0           0
    0.888058 0.000132553 2.94562e-05
    0.911124  0.00363089 0.000202882
     0.93419   0.0469891  7.3202e-05
    0.957257    0.291632  0.00401823
    0.980323     1.00961  0.00205468
     1.00339     2.22571  0.00839321
     1.02646     3.62142   0.0027561
     1.04952     4.61409   0.0040177
     1.07259     4.90906  0.00668892
     1.09566     4.49792 0.000179003
     1.11872     3.66346   0.0070257
     1.14179     2.70033  0.00353719
     1.16485     1.82236  0.00479812
     1.18792     1.13206  0.00153101
     1.21099    0.648539  0.00105741
     1.23405    0.350045 0.000362298
     1.25712     0.17791  0.00131933
     1.28019   0.0866628  0.00234952
     1.30325   0.0484568 0.000892473
     1.32632   0.0411966 0.000851796
     1.34939   0.0593431 0.000991975
     1.37245    0.105191  0.00124566
     1.39552     0.18398  0.00219493
     1.41859    0.301742  0.00181244
     1.44165    0.454123 0.000704196
     1.46472    0.629303  0.00244452
     1.48778    0.792673  0.00320106
     1.51085    0.922168  0.00144008
     1.53392     0.97348   0.0027473
     1.55698    0.931916  0.00229037
     1.58005    0.805245  0.00224725
     1.60312    0.641501 0.000847455
     1.62618    0.465534    0.001981
     1.64925    0.318548  0.00222704
     1.67232    0.218466 0.000791234
     1.69538    0.191327  0.00139422
     1.71845    0.252758  0.00179955
     1.74152    0.430172  0.00409804
     1.76458    0.744011 0.000539053
     1.78765     1.19271   0.0047907
     1.81071     1.72592  0.00372703
     1.83378     2.23975  0.00336098
     1.85685     2.60577 0.000160025
     1.87991     2.72284 0.000555467
     1.90298     2.56217  0.00169201
     1.92605     2.18401  0.00437276
     1.94911     1.68979 0.000269065
     1.97218     1.19698 0.000831727
     1.99525    0.798907 0.000357431
     2.01831    0.537909  0.00462939
     2.04138    0.431613 0.000243899
     2.06445    0.455955 0.000117195
     2.08751    0.585026 0.000462477
     2.11058    0.756874  0.00117474
     2.13364    0.920584  0.00304273
     2.15671     1.02005 0.000787888
     2.17978     1.02623   0.0045288
     2.20284    0.922311 0.000414122
     2.22591    0.780135 0.000179348
     2.24898    0.651991   0.0031486
     2.27204    0.570657  0.00120947
     2.29511    0.573196 0.000215004
   0.0115332           0           0
   0.0345996           0           0
   0.0576661           0           0
   0.0807325           0           0
    0.103799           0           0
    0.126865           0           0
    0.149932           0           0
    0.172998           0           0
    0.196065           0           0
    0.219131           0           0
    0.242198           0           0
    0.265264           0           0
     0.28833           0           0
    0.311397           0           0
    0.334463           0           0
     0.35753           0           0
    0.380596           0           0
    0.403663           0           0
    0.426729           0           0
    0.449795           0           0
    0.472862           0           0
    0.495928           0           0
    0.518995           0           0
    0.542061           0           0
    0.565128           0           0
    0.588194           0           0
     0.61126           0           0
    0.634327           0           0
    0.657393           0           0
     0.68046           0           0
    0.703526           0           0
    0.726593           0           0
    0.749659           0           0
    0.772725           0           0
    0.795792           0           0
    0.818858           0           0
    0.841925           0           0
    0.864991           0           0
    0.888058 9.81873e-05 3.83434e-05
    0.911124  0.00365187 0.000118999
     0.93419   0.0469957 4.27839e-05
    0.957257    0.290922  0.00242609
    0.980323     1.00923  0.00124648
     1.00339     2.22917  0.00595159
     1.02646     3.62117  0.00161073
     1.04952     4.61541  0.00266972
     1.07259     4.90958   0.0038967
     1.09566     4.49588  0.00204261
     1.11872      3.6645  0.00418583
     1.14179     2.69886  0.00251631
     1.16485     1.82232  0.00277043
     1.18792     1.12801  0.00413975
     1.21099    0.648878 0.000698431
     1.23405    0.350748 0.000733445
     1.25712    0.178294 0.000852773
     1.28019   0.0872853  0.00149252
     1.30325   0.0481206 0.000615275
     1.32632   0.0415025 0.000579183
     1.34939   0.0597545 0.000705199
     1.37245    0.104816 0.000810667
     1.39552    0.183918  0.00126874
     1.41859    0.300454  0.00165885
     1.44165    0.454311 0.000447997
     1.46472    0.628097  0.00185673
     1.48778    0.793551  0.00204614
     1.51085    0.924134   0.0021345
     1.53392    0.974243  0.00176001
     1.55698    0.931325  0.00144839
     1.58005    0.807379  0.00249749
     1.60312    0.642175 0.000833028
     1.62618    0.464036  0.00188457
     1.64925    0.317878  0.00144976
     1.67232    0.218288 0.000490239
     1.69538     0.19106  0.00084799
     1.71845    0.252535  0.00106248
     1.74152    0.430436  0.00238072
     1.76458    0.745907   0.0019223
     1.78765     1.19388  0.00300477
     1.81071      1.7249  0.00238095
     1.83378     2.23902  0.00207364
     1.85685     2.60514 0.000633956
     1.87991     2.72197 0.000926108
     1.90298     2.56185   0.0010297
     1.92605     2.18316  0.00266224
     1.94911     1.69005 0.000304532
     1.97218     1.19774 0.000897355
     1.99525    0.798348 0.000595648
     2.01831    0.538383  0.00271446
     2.04138    0.432158 0.000562839
     2.06445    0.456576 0.000624178
     2.08751    0.585685 0.000710892
     2.11058    0.757156 0.000734547
     2.13364    0.921315  0.00190275
     2.15671     1.01805  0.00204854
     2.17978      1.0249  0.00293146
     2.20284    0.921351 0.000990004
     2.22591    0.780275 0.000174352
     2.24898    0.651776  0.00183053
     2.27204    0.569703  0.00118201
     2.29511    0.572691 0.000520375
   0.0115332           0           0
   0.0345996           0           0
   0.0576661           0           0
   0.0807325           0           0
    0.103799           0           0
    0.126865           0           0
    0.149932           0           0
    0.172998           0           0
    0.196065           0           0
    0.219131           0           0
    0.242198           0           0
    0.265264           0           0
     0.28833           0           0
    0.311397           0           0
    0.334463           0           0
     0.35753           0           0
    0.380596           0           0
    0.403663           0           0
    0.426729           0           0
    0.449795           0           0
    0.472862           0           0
    0.495928           0           0
    0.518995           0           0
    0.542061           0           0
    0.565128           0           0
    0.588194           0           0
     0.61126           0           0
    0.634327           0           0
    0.657393           0           0
     0.68046           0           0
    0.703526           0           0
    0.726593           0           0
    0.749659           0           0
    0.772725           0           0
    0.795792           0           0
    0.818858           0           0
    0.841925           0           0
    0.864991           0           0
    0.888058 7.73225e-05 3.42118e-05
    0.911124  0.00353644 0.000142847
     0.93419   0.0475048 0.000509985
    0.957257    0.292421  0.00227809
    0.980323     1.00877 0.000991563
     1.00339     2.23449  0.00678897
     1.02646     3.62252  0.00176384
     1.04952     4.61802  0.00321824
     1.07259     4.90211  0.00796328
     1.09566     4.48876  0.00726326
     1.11872     3.65971  0.00562259
     1.14179     2.69885  0.00177939
     1.16485      1.8227  0.00199555
     1.18792     1.13163  0.00465413
     1.21099    0.650422  0.00162093
     1.23405    0.351626  0.00101954
     1.25712    0.178664 0.000707442
     1.28019   0.0880236  0.00128797
     1.30325   0.0486893 0.000716084
     1.32632   0.0428737  0.00143109
     1.34939   0.0607609   0.0011231
     1.37245    0.105528 0.000913868
     1.39552    0.184758    0.001229
     1.41859    0.301053  0.00131701
     1.44165    0.455579  0.00130672
     1.46472    0.627989  0.00131733
     1.48778    0.793645  0.00144989
     1.51085    0.922057  0.00256715
     1.53392    0.970395  0.00404443
     1.55698    0.927649  0.00381593
     1.58005    0.807122  0.00178455
     1.60312    0.641635 0.000798925
     1.62618    0.464689  0.00148367
     1.64925    0.319029  0.00154151
     1.67232    0.219912  0.00166093
     1.69538    0.192462  0.00152419
     1.71845    0.254496  0.00209982
     1.74152    0.432029  0.00231784
     1.76458    0.748412  0.00285004
     1.78765     1.19442  0.00219241
     1.81071     1.72627  0.00216938
     1.83378     2.23615  0.00322278
     1.85685      2.6021  0.00307529
     1.87991     2.72025   0.0018331
     1.90298     2.55826  0.00366319
     1.92605     2.18007  0.00361582
     1.94911     1.68947 0.000616456
     1.97218     1.19902  0.00142748
     1.99525    0.800039  0.00174253
     2.01831    0.540118  0.00258712
     2.04138    0.434292  0.00217056
     2.06445    0.458465  0.00193986
     2.08751    0.586316 0.000806982
     2.11058    0.757225 0.000524009
     2.13364    0.919816  0.00201476
     2.15671     1.01699  0.00179599
     2.17978     1.02421  0.00218591
     2.20284    0.921146 0.000729456
     2.22591    0.781316    0.001048
     2.24898    0.653457  0.00212152
     2.27204     0.57116  0.00167937
     2.29511     0.57421  0.00156257
   0.0115332           0           0
   0.0345996           0           0
   0.0576661           0           0
   0.0807325           0           0
    0.103799           0           0
    0.126865           0           0
    0.149932           0           0
    0.172998           0           0
    0.196065           0           0
    0.219131           0           0
    0.242198           0           0
    0.265264           0           0
     0.28833           0           0
    0.311397           0           0
    0.334463           0           0
     0.35753           0           0
    0.380596           0           0
    0.403663           0           0
    0.426729           0           0
    0.449795           0           0
    0.472862           0           0
    0.495928           0           0
    0.518995           0           0
    0.542061           0           0
    0.565128           0           0
    0.588194           0           0
     0.61126           0           0
    0.634327           0           0
    0.657393           0           0
     0.68046           0           0
    0.703526           0           0
    0.726593           0           0
    0.749659           0           0
    0.772725           0           0
    0.795792           0           0
    0.818858           0           0
    0.841925           0           0
    0.864991           0           0
    0.888058  8.5423e-05 2.77108e-05
    0.911124   0.0036099 0.000132812
     0.93419   0.0473577 0.000421521
    0.957257    0.292309  0.00176817
    0.980323     1.00605   0.0028229
     1.00339     2.23417  0.00526888
     1.02646     3.62276  0.00138667
     1.04952     4.61638  0.00298033
     1.07259     4.90407  0.00647124
     1.09566     4.49472  0.00819343
     1.11872      3.6607  0.00446528
     1.14179     2.69734  0.00204396
     1.16485     1.82037  0.00279588
     1.18792     1.13067  0.00373117
     1.21099    0.650981  0.00137431
     1.23405    0.351638 0.000789834
     1.25712    0.178307 0.000654128
     1.28019   0.0880285  0.00099767
     1.30325   0.0488596 0.000580227
     1.32632   0.0427787  0.00111259
     1.34939   0.0607127  0.00087128
     1.37245    0.105182 0.000788027
     1.39552    0.184659 0.000957177
     1.41859    0.301177  0.00102764
     1.44165    0.455977   0.0010878
     1.46472    0.627375  0.00119073
     1.48778    0.795136  0.00186675
     1.51085    0.921397  0.00209541
     1.53392    0.970485  0.00313411
     1.55698    0.926503  0.00317007
     1.58005    0.807257  0.00138883
     1.60312    0.641988 0.000712106
     1.62618    0.465571  0.00144895
     1.64925    0.318855  0.00120673
     1.67232    0.219304  0.00142292
     1.69538    0.191788  0.00135901
     1.71845    0.253742   0.0017928
     1.74152    0.432329   0.0018202
     1.76458    0.748783  0.00223849
     1.78765      1.1952  0.00186677
     1.81071     1.72646  0.00169129
     1.83378     2.23642  0.00251074
     1.85685     2.60157  0.00243944
     1.87991     2.71991    0.001462
     1.90298     2.55721   0.0030231
     1.92605     2.18077  0.00288596
     1.94911     1.69176  0.00233951
     1.97218     1.19912  0.00111034
     1.99525    0.799866  0.00136073
     2.01831    0.539833  0.00202416
     2.04138    0.433828  0.00174404
     2.06445    0.458203  0.00152529
     2.08751    0.586631 0.000699881
     2.11058    0.757817 0.000717191
     2.13364    0.919125  0.00170659
     2.15671     1.01669   0.0014225
     2.17978      1.0234  0.00187589
     2.20284     0.92053 0.000835656
     2.22591     0.78146 0.000824503
     2.24898    0.653675  0.00165772
     2.27204    0.571704  0.00141021
     2.29511    0.573888  0.00125245
   0.0115332           0           0
   0.0345996           0           0
   0.0576661           0           0
   0.0807325           0           0
    0.103799           0           0
    0.126865           0           0
    0.149932           0           0
    0.172998           0           0
    0.196065           0           0
    0.219131           0           0
    0.242198           0           0
    0.265264           0           0
     0.28833           0           0
    0.311397           0           0
    0.334463           0           0
     0.35753           0           0
    0.380596           0           0
    0.403663           0           0
    0.426729           0           0
    0.449795           0           0
    0.472862           0           0
    0.495928           0           0
    0.518995           0           0
    0.542061           0           0
    0.565128           0           0
    0.588194           0           0
     0.61126           0           0
    0.634327           0           0
    0.657393           0           0
     0.68046           0           0
    0.703526           0           0
    0.726593           0           0
    0.749659           0           0
    0.772725           0           0
    0.795792           0           0
    0.818858           0           0
    0.841925           0           0
    0.864991           0           0
    0.888058 7.36405e-05 2.55098e-05
    0.911124  0.00361456 0.000108541
     0.93419   0.0472885  0.00035106
    0.957257    0.292148   0.0014527
    0.980323      1.0087  0.00350979
     1.00339     2.23537  0.00446704
     1.02646     3.62449  0.00206825
     1.04952     4.61402  0.00339207
     1.07259     4.90195  0.00569316
     1.09566     4.49284  0.00694984
     1.11872     3.66014  0.00368826
     1.14179     2.69911  0.00243212
     1.16485     1.81925  0.00254314
     1.18792     1.12942  0.00329308
     1.21099    0.651742  0.00135563
     1.23405    0.351649 0.000644989
     1.25712    0.178619 0.000618488
     1.28019     0.08875  0.00108818
     1.30325   0.0492649 0.000623478
     1.32632   0.0426845 0.000913296
     1.34939   0.0608496 0.000724458
     1.37245    0.105254 0.000647477
     1.39552    0.184504  0.00079673
     1.41859    0.301182 0.000839077
     1.44165    0.454862  0.00142608
     1.46472    0.627607 0.000999423
     1.48778     0.79496  0.00153434
     1.51085    0.922738  0.00217404
     1.53392    0.970331   0.0025636
     1.55698    0.926605  0.00259036
     1.58005    0.808023  0.00136836
     1.60312      0.6417  0.00064881
     1.62618    0.465526  0.00118392
     1.64925    0.318492  0.00104988
     1.67232    0.219282  0.00116201
     1.69538    0.191869  0.00111256
     1.71845     0.25402  0.00148988
     1.74152    0.432326  0.00148619
     1.76458    0.749106  0.00185612
     1.78765     1.19433   0.0017523
     1.81071     1.72709  0.00151674
     1.83378     2.23611  0.00207261
     1.85685     2.60134  0.00200565
     1.87991     2.71849  0.00185283
     1.90298     2.55899  0.00304003
     1.92605     2.18079  0.00235645
     1.94911      1.6911  0.00202212
     1.97218     1.19886 0.000944529
     1.99525    0.800416  0.00123963
     2.01831     0.53992  0.00165503
     2.04138    0.433915  0.00142668
     2.06445    0.458894  0.00142429
     2.08751    0.586751 0.000583849
     2.11058    0.757702 0.000596719
     2.13364    0.918928  0.00140736
     2.15671     1.01581  0.00145802
     2.17978      1.0231   0.0015606
     2.20284    0.920248 0.000738132
     2.22591    0.781841 0.000773563
     2.24898    0.653206  0.00143272
     2.27204    0.571479  0.00117336
     2.29511    0.573728  0.00103504
   0.0115332           0           0
   0.0345996           0           0
   0.0576661           0           0
   0.0807325           0           0
    0.103799           0           0
    0.126865           0           0
    0.149932           0           0
    0.172998           0           0
    0.196065           0           0
    0.219131           0           0
    0.242198           0           0
    0.265264           0           0
     0.28833           0           0
    0.311397           0           0
    0.334463           0           0
     0.35753           0           0
    0.380596           0           0
    0.403663           0           0
    0.426729           0           0
    0.449795           0           0
    0.472862           0           0
    0.495928           0           0
    0.518995           0           0
    0.542061           0           0
    0.565128           0           0
    0.588194           0           0
     0.61126           0           0
    0.634327           0           0
    0.657393           0           0
     0.68046           0           0
    0.703526           0           0
    0.726593           0           0
    0.749659           0           0
    0.772725           0           0
    0.795792           0           0
    0.818858           0           0
    0.841925           0           0
    0.864991           0           0
    0.888058 8.41606e-05 2.39895e-05
    0.911124  0.00355793 0.000107808
     0.93419   0.0471003 0.000351373
    0.957257    0.291054  0.00164387
    0.980323     1.00609   0.0039538
     1.00339     2.23348  0.00421973
     1.02646     3.62343  0.00204098
     1.04952     4.61571  0.00332838
     1.07259     4.90468  0.00553243
     1.09566     4.49688  0.00712836
     1.11872     3.66252  0.00391913
     1.14179     2.70012  0.00229156
     1.16485     1.81882  0.00219147
     1.18792      1.1278   0.0032202
     1.21099    0.650698  0.00154941
     1.23405    0.351144 0.000743358
     1.25712    0.178054 0.000769512
     1.28019   0.0883724 0.000994206
     1.30325   0.0489917 0.000593561
     1.32632    0.042454 0.000805551
     1.34939   0.0604462  0.00073323
     1.37245    0.104885 0.000660236
     1.39552    0.184396 0.000681977
     1.41859    0.300678 0.000869901
     1.44165    0.453919  0.00152987
     1.46472    0.627273 0.000908117
     1.48778    0.796288  0.00185649
     1.51085    0.923786  0.00211539
     1.53392    0.971315  0.00237964
     1.55698    0.927535  0.00237852
     1.58005    0.808053  0.00115688
     1.60312    0.641467 0.000595704
     1.62618    0.465297   0.0010265
     1.64925    0.317899  0.00106738
     1.67232    0.218771  0.00110733
     1.69538    0.191334  0.00108168
     1.71845    0.253111  0.00155289
     1.74152    0.431289  0.00162888
     1.76458    0.747797   0.0020432
     1.78765     1.19415  0.00149177
     1.81071     1.72707  0.00128198
     1.83378     2.23636  0.00176843
     1.85685     2.60359  0.00281922
     1.87991     2.72002   0.0021876
     1.90298     2.56075  0.00311385
     1.92605     2.18283  0.00285212
     1.94911     1.69127  0.00171713
     1.97218     1.19791  0.00123856
     1.99525    0.799327  0.00151122
     2.01831    0.539415  0.00148726
     2.04138    0.432165  0.00212509
     2.06445    0.457461  0.00187111
     2.08751    0.585698  0.00116228
     2.11058    0.757978   0.0005751
     2.13364    0.919446  0.00129745
     2.15671     1.01701  0.00171769
     2.17978     1.02426  0.00175641
     2.20284    0.921037  0.00100545
     2.22591    0.782087 0.000698548
     2.24898    0.653356  0.00122021
     2.27204    0.570355   0.0014987
     2.29511    0.572584  0.00143964
   0.0115332           0           0
   0.0345996           0           0
   0.0576661           0           0
   0.0807325           0           0
    0.103799           0           0
    0.126865           0           0
    0.149932           0           0
    0.172998           0           0
    0.196065           0           0
    0.219131           0           0
    0.242198           0           0
    0.265264           0           0
     0.28833           0           0
    0.311397           0           0
    0.334463           0           0
     0.35753           0           0
    0.380596           0           0
    0.403663           0           0
    0.426729           0           0
    0.449795           0           0
    0.472862           0           0
    0.495928           0           0
    0.518995           0           0
    0.542061           0           0
    0.565128           0           0
    0.588194           0           0
     0.61126           0           0
    0.634327           0           0
    0.657393           0           0
     0.68046           0           0
    0.703526           0           0
    0.726593           0           0
    0.749659           0           0
    0.772725           0           0
    0.795792           0           0
    0.818858           0           0
    0.841925           0           0
    0.864991           0           0
    0.888058 8.83686e-05 2.11974e-05
    0.911124  0.00351195 0.000104069
     0.93419   0.0473667 0.000404451
    0.957257    0.291881  0.00164612
    0.980323     1.00707    0.003561
     1.00339     2.23451  0.00379463
     1.02646     3.62298  0.00182491
     1.04952     4.61775  0.00352942
     1.07259     4.90248  0.00527275
     1.09566     4.49412  0.00675901
     1.11872     3.66144  0.00356082
     1.14179     2.69749    0.003296
     1.16485     1.81905  0.00191079
     1.18792     1.12847  0.00286864
     1.21099    0.651971  0.00184899
     1.23405    0.351601 0.000789539
     1.25712    0.178584  0.00085155
     1.28019   0.0887022 0.000922018
     1.30325   0.0492877 0.000593184
     1.32632   0.0427945 0.000776302
     1.34939   0.0606923 0.000681002
     1.37245    0.105236 0.000671009
     1.39552    0.185059 0.000887923
     1.41859    0.301051 0.000840741
     1.44165    0.454519  0.00145431
     1.46472     0.62758 0.000844202
     1.48778    0.795506  0.00178781
     1.51085    0.923032  0.00198123
     1.53392    0.970013  0.00243803
     1.55698     0.92656  0.00227892
     1.58005    0.807472  0.00115804
     1.60312    0.640929 0.000745273
     1.62618    0.466062  0.00117271
     1.64925    0.318209 0.000975094
     1.67232    0.219574  0.00125089
     1.69538    0.192049  0.00117806
     1.71845    0.253986  0.00160447
     1.74152    0.432776  0.00205009
     1.76458    0.748525  0.00191323
     1.78765      1.1941  0.00129325
     1.81071       1.728  0.00144912
     1.83378      2.2359  0.00159698
     1.85685     2.60163  0.00312794
     1.87991     2.71746  0.00318129
     1.90298     2.55847  0.00353156
     1.92605     2.18205  0.00258989
     1.94911     1.69114  0.00149221
     1.97218     1.19855  0.00125058
     1.99525    0.800305   0.0016338
     2.01831    0.540194  0.00150563
     2.04138    0.433473   0.0022575
     2.06445    0.458686   0.0020313
     2.08751     0.58658  0.00133814
     2.11058    0.758282 0.000583559
     2.13364    0.918823  0.00128462
     2.15671     1.01614  0.00172122
     2.17978     1.02325  0.00182777
     2.20284     0.92034  0.00111539
     2.22591    0.781721 0.000707266
     2.24898     0.65401  0.00124267
     2.27204    0.571364  0.00164422
     2.29511    0.573989  0.00187798
   0.0115332           0           0
   0.0345996           0           0
   0.0576661           0           0
   0.0807325           0           0
    0.103799           0           0
    0.126865           0           0
    0.149932           0           0
    0.172998           0           0
    0.196065           0           0
    0.219131           0           0
    0.242198           0           0
    0.265264           0           0
     0.28833           0           0
    0.311397           0           0
    0.334463           0           0
     0.35753           0           0
    0.380596           0           0
    0.403663           0           0
    0.426729           0           0
    0.449795           0           0
    0.472862           0           0
    0.495928           0           0
    0.518995           0           0
    0.542061           0           0
    0.565128           0           0
    0.588194           0           0
     0.61126           0           0
    0.634327           0           0
    0.657393           0           0
     0.68046           0           0
    0.703526           0           0
    0.726593           0           0
    0.749659           0           0
    0.772725           0           0
    0.795792           0           0
    0.818858           0           0
    0.841925           0           0
    0.864991           0           0
    0.888058 8.67321e-05 1.87658e-05
    0.911124  0.00347775 9.79461e-05
     0.93419   0.0472456 0.000376682
    0.957257    0.292329  0.00151941
    0.980323     1.00783  0.00323193
     1.00339     2.23498  0.00337983
     1.02646     3.62212   0.0018243
     1.04952     4.61867  0.00324637
     1.07259     4.90146  0.00475997
     1.09566     4.49424  0.00596195
     1.11872     3.66064  0.00324076
     1.14179     2.69762  0.00290971
     1.16485     1.81858   0.0017496
     1.18792      1.1282  0.00254409
     1.21099     0.65211  0.00163659
     1.23405    0.351864 0.000744371
     1.25712    0.178832 0.000790937
     1.28019    0.088676 0.000813565
     1.30325   0.0493926 0.000533545
     1.32632   0.0426889 0.000692738
     1.34939   0.0606653 0.000601191
     1.37245    0.105485 0.000642084
     1.39552    0.184753 0.000840773
     1.41859    0.301092 0.000742585
     1.44165    0.454615  0.00128619
     1.46472    0.627693 0.000753035
     1.48778    0.795362  0.00158332
     1.51085    0.922858  0.00175586
     1.53392    0.969729  0.00216877
     1.55698    0.927373  0.00216796
     1.58005    0.807376  0.00102584
     1.60312    0.641127 0.000686261
     1.62618    0.466004  0.00103586
     1.64925     0.31799 0.000887365
     1.67232    0.219564  0.00110323
     1.69538    0.191755  0.00107973
     1.71845    0.254204  0.00143173
     1.74152     0.43315   0.0018462
     1.76458    0.748251  0.00170939
     1.78765     1.19513  0.00154223
     1.81071     1.72791  0.00128104
     1.83378     2.23624  0.00144913
     1.85685     2.60114   0.0028028
     1.87991     2.71676  0.00289316
     1.90298     2.55825  0.00312251
     1.92605     2.18182  0.00229545
     1.94911     1.69052  0.00145402
     1.97218     1.19877  0.00112388
     1.99525     0.80044  0.00144721
     2.01831    0.540482  0.00135873
     2.04138    0.433616  0.00199604
     2.06445    0.458918  0.00180632
     2.08751    0.586818  0.00120394
     2.11058    0.758137 0.000534779
     2.13364    0.918737  0.00113623
     2.15671     1.01607  0.00151961
     2.17978     1.02335  0.00161484
     2.20284    0.920325 0.000983784
     2.22591    0.781505 0.000660158
     2.24898    0.653785   0.0011188
     2.27204    0.570981  0.00149999
     2.29511    0.574096  0.00165971
   0.0115332           0           0
   0.0345996           0           0
   0.0576661           0           0
   0.0807325           0           0
    0.103799           0           0
    0.126865           0           0
    0.149932           0           0
    0.172998           0           0
    0.196065           0           0
    0.219131           0           0
    0.242198           0           0
    0.265264           0           0
     0.28833           0           0
    0.311397           0           0
    0.334463           0           0
     0.35753           0           0
    0.380596           0           0
    0.403663           0           0
    0.426729           0           0
    0.449795           0           0
    0.472862           0           0
    0.495928           0           0
    0.518995           0           0
    0.542061           0           0
    0.565128           0           0
    0.588194           0           0
     0.61126           0           0
    0.634327           0           0
    0.657393           0           0
     0.68046           0           0
    0.703526           0           0
    0.726593           0           0
    0.749659           0           0
    0.772725           0           0
    0.795792           0           0
    0.818858           0           0
    0.841925           0           0
    0.864991           0           0
    0.888058 8.39502e-05 1.70136e-05
    0.911124  0.00340562 0.000113483
     0.93419   0.0471834 0.000342619
    0.957257    0.292048  0.00138783
    0.980323     1.00829  0.00292665
     1.00339     2.23399  0.00318056
     1.02646     3.62309  0.00189983
     1.04952     4.61734  0.00319472
     1.07259     4.90157  0.00425891
     1.09566     4.49468   0.0053507
     1.11872     3.66128  0.00296733
     1.14179     2.69923  0.00306303
     1.16485     1.81948  0.00180523
     1.18792     1.12774  0.00232251
     1.21099    0.651995  0.00146833
     1.23405    0.351509 0.000754362
     1.25712    0.178279 0.000898158
     1.28019   0.0880966 0.000930197
     1.30325   0.0491742 0.000524814
     1.32632   0.0422947 0.000734374
     1.34939   0.0604275 0.000587959
     1.37245    0.105129 0.000675518
     1.39552    0.184235 0.000913177
     1.41859    0.300931 0.000683358
     1.44165    0.454399  0.00117057
     1.46472    0.627924 0.000712088
     1.48778    0.796211  0.00165134
     1.51085    0.923009  0.00157772
     1.53392    0.970544  0.00210415
     1.55698    0.927745  0.00197451
     1.58005    0.808345  0.00133426
     1.60312    0.641304 0.000638786
     1.62618    0.465853 0.000938667
     1.64925    0.317655 0.000861742
     1.67232    0.219141  0.00107335
     1.69538    0.190983  0.00123602
     1.71845    0.253563  0.00143198
     1.74152    0.432248  0.00188169
     1.76458     0.74723  0.00183834
     1.78765     1.19503  0.00138358
     1.81071     1.72769   0.0011666
     1.83378     2.23694  0.00147138
     1.85685     2.60273  0.00297023
     1.87991     2.71731  0.00264694
     1.90298     2.55947   0.0030488
     1.92605     2.18235  0.00211887
     1.94911      1.6913  0.00151447
     1.97218     1.19885  0.00100882
     1.99525    0.799747  0.00146854
     2.01831    0.540019  0.00130071
     2.04138    0.432782  0.00197051
     2.06445    0.458759  0.00162336
     2.08751    0.586099  0.00129489
     2.11058    0.757699 0.000648776
     2.13364    0.918457  0.00105393
     2.15671     1.01653  0.00143604
     2.17978     1.02383  0.00152266
     2.20284    0.920624 0.000929228
     2.22591    0.781431 0.000595028
     2.24898    0.653676  0.00100666
     2.27204    0.570392  0.00146503
     2.29511    0.573091  0.00179309
   0.0115332           0           0
   0.0345996           0           0
   0.0576661           0           0
   0.0807325           0           0
    0.103799           0           0
    0.126865           0           0
    0.149932           0           0
    0.172998           0           0
    0.196065           0           0
    0.219131           0           0
    0.242198           0           0
    0.265264           0           0
     0.28833           0           0
    0.311397           0           0
    0.334463           0           0
     0.35753           0           0
    0.380596           0           0
    0.403663           0           0
    0.426729           0           0
    0.449795           0           0
    0.472862           0           0
    0.495928           0           0
    0.518995           0           0
    0.542061           0           0
    0.565128           0           0
    0.588194           0           0
     0.61126           0           0
    0.634327           0           0
    0.657393           0           0
     0.68046           0           0
    0.703526           0           0
    0.726593           0           0
    0.749659           0           0
    0.772725           0           0
    0.795792           0           0
    0.818858           0           0
    0.841925           0           0
    0.864991           0           0
    0.888058 8.70297e-05 1.56945e-05
    0.911124   0.0033962  0.00010308
     0.93419   0.0471566 0.000311062
    0.957257    0.292379  0.00129824
    0.980323     1.00869  0.00267769
     1.00339     2.23578   0.0033884
     1.02646     3.62392  0.00190851
     1.04952     4.61819  0.00301167
     1.07259     4.89923   0.0045079
     1.09566     4.49414  0.00486985
     1.11872     3.65968  0.00312392
     1.14179     2.69691  0.00361375
     1.16485     1.81897  0.00170871
     1.18792     1.12822  0.00215597
     1.21099    0.652461  0.00140778
     1.23405    0.352268  0.00102057
     1.25712    0.178838 0.000986078
     1.28019   0.0885548 0.000958087
     1.30325   0.0494674 0.000557959
     1.32632   0.0424187 0.000675755
     1.34939   0.0605989 0.000558757
     1.37245    0.105261 0.000625058
     1.39552     0.18436 0.000835467
     1.41859    0.300845 0.000624125
     1.44165    0.454378  0.00105903
     1.46472    0.628012 0.000649986
     1.48778    0.796517  0.00152474
     1.51085    0.922956  0.00142809
     1.53392    0.970245  0.00192659
     1.55698    0.927469  0.00180728
     1.58005    0.807988  0.00125848
     1.60312    0.640808 0.000761135
     1.62618    0.465826 0.000849485
     1.64925    0.317698   0.0007807
     1.67232     0.21956  0.00105716
     1.69538    0.191578  0.00126605
     1.71845    0.254254  0.00146812
     1.74152    0.432895  0.00182095
     1.76458    0.748122  0.00188701
     1.78765     1.19538  0.00130159
     1.81071     1.72773    0.001056
     1.83378     2.23613  0.00155771
     1.85685     2.60174    0.002864
     1.87991     2.71558  0.00295396
     1.90298     2.55863  0.00288288
     1.92605     2.18188  0.00197354
     1.94911     1.69098  0.00140717
     1.97218     1.19884 0.000912683
     1.99525    0.800568   0.0015615
     2.01831    0.540392  0.00123439
     2.04138    0.433578  0.00195215
     2.06445    0.459338  0.00157817
     2.08751    0.586541  0.00125189
     2.11058    0.757826 0.000600398
     2.13364    0.918363 0.000958026
     2.15671     1.01606  0.00138395
     2.17978     1.02328   0.0014818
     2.20284    0.920364 0.000879834
     2.22591    0.781488  0.00054117
     2.24898    0.653832 0.000923987
     2.27204    0.570953  0.00143908
     2.29511     0.57355   0.0016857
   0.0115332           0           0
   0.0345996           0           0
   0.0576661           0           0
   0.0807325           0           0
    0.103799           0           0
    0.126865           0           0
    0.149932           0           0
    0.172998           0           0
    0.196065           0           0
    0.219131           0           0
    0.242198           0           0
    0.265264           0           0
     0.28833           0           0
    0.311397           0           0
    0.334463           0           0
     0.35753           0           0
    0.380596           0           0
    0.403663           0           0
    0.426729           0           0
    0.449795           0           0
    0.472862           0           0
    0.495928           0           0
    0.518995           0           0
    0.542061           0           0
    0.565128           0           0
    0.588194           0           0
     0.61126           0           0
    0.634327           0           0
    0.657393           0           0
     0.68046           0           0
    0.703526           0           0
    0.726593           0           0
    0.749659           0           0
    0.772725           0           0
    0.795792           0           0
    0.818858           0           0
    0.841925           0           0
    0.864991           0           0
    0.888058 9.57327e-05 1.67632e-05
    0.911124  0.00337553 9.63418e-05
     0.93419   0.0470589 0.000300298
    0.957257    0.291853  0.00129659
    0.980323     1.00821  0.00249114
     1.00339     2.23594  0.00309727
     1.02646      3.6244  0.00180753
     1.04952     4.61728   0.0028954
     1.07259     4.90006  0.00419813
     1.09566     4.49463   0.0044729
     1.11872     3.66003  0.00287344
     1.14179     2.69705  0.00330172
     1.16485     1.81883  0.00156602
     1.18792     1.12901    0.002119
     1.21099     0.65251  0.00128603
     1.23405    0.351812  0.00103714
     1.25712     0.17849 0.000964972
     1.28019   0.0884736 0.000878369
     1.30325   0.0492718 0.000545623
     1.32632   0.0422899 0.000630182
     1.34939   0.0604935  0.00052086
     1.37245    0.105244 0.000570856
     1.39552    0.184266 0.000768421
     1.41859    0.300619 0.000612895
     1.44165    0.454059  0.00101813
     1.46472    0.628101 0.000600114
     1.48778    0.796436  0.00139423
     1.51085    0.923165  0.00132033
     1.53392     0.97057  0.00178833
     1.55698    0.928292  0.00184404
     1.58005    0.808159  0.00116145
     1.60312    0.640978 0.000715354
     1.62618    0.465704 0.000785017
     1.64925    0.317454 0.000753405
     1.67232    0.219479 0.000968379
     1.69538    0.191338  0.00118028
     1.71845    0.253807  0.00141271
     1.74152    0.432505  0.00170744
     1.76458    0.747954  0.00173084
     1.78765     1.19534  0.00118891
     1.81071     1.72731  0.00105186
     1.83378     2.23614  0.00142204
     1.85685     2.60178  0.00261477
     1.87991     2.71615  0.00275645
     1.90298     2.55962  0.00281374
     1.92605     2.18263  0.00195394
     1.94911     1.69173  0.00149072
     1.97218     1.19854 0.000884711
     1.99525    0.800134  0.00148983
     2.01831    0.539703  0.00132088
     2.04138    0.432778  0.00195334
     2.06445    0.459197  0.00144753
     2.08751     0.58612  0.00121802
     2.11058    0.757991 0.000572587
     2.13364    0.918604   0.0009072
     2.15671     1.01607  0.00126347
     2.17978     1.02377  0.00143773
     2.20284    0.920782 0.000905722
     2.22591    0.781665 0.000524938
     2.24898    0.653824 0.000843528
     2.27204    0.570569  0.00136869
     2.29511    0.573079  0.00160929
   0.0115332           0           0
   0.0345996           0           0
   0.0576661           0           0
   0.0807325           0           0
    0.103799           0           0
    0.126865           0           0
    0.149932           0           0
    0.172998           0           0
    0.196065           0           0
    0.219131           0           0
    0.242198           0           0
    0.265264           0           0
     0.28833           0           0
    0.311397           0           0
    0.334463           0           0
     0.35753           0           0
    0.380596           0           0
    0.403663           0           0
    0.426729           0           0
    0.449795           0           0
    0.472862           0           0
    0.495928           0           0
    0.518995           0           0
    0.542061           0           0
    0.565128           0           0
    0.588194           0           0
     0.61126           0           0
    0.634327           0           0
    0.657393           0           0
     0.68046           0           0
    0.703526           0           0
    0.726593           0           0
    0.749659           0           0
    0.772725           0           0
    0.795792           0           0
    0.818858           0           0
    0.841925           0           0
    0.864991           0           0
    0.888058 9.40333e-05 1.55133e-05
    0.911124  0.00336988 8.88015e-05
     0.93419   0.0469015 0.000317936
    0.957257    0.292101  0.00121824
    0.980323     1.00763  0.00236339
     1.00339     2.23603  0.00285062
     1.02646     3.62392  0.00173285
     1.04952     4.61735  0.00266442
     1.07259     4.90133  0.00406465
     1.09566     4.49443  0.00411939
     1.11872     3.66101  0.00282053
     1.14179     2.69638  0.00310968
     1.16485     1.81802  0.00165286
     1.18792     1.12875  0.00196555
     1.21099    0.652906  0.00124754
     1.23405    0.352197  0.00102847
     1.25712    0.178088 0.000974272
     1.28019   0.0884622 0.000808063
     1.30325   0.0491731 0.000511518
     1.32632   0.0422749 0.000579878
     1.34939   0.0603684 0.000495171
     1.37245    0.105166 0.000530819
     1.39552    0.184081 0.000730744
     1.41859    0.300428 0.000595303
     1.44165    0.453737 0.000990146
     1.46472    0.628464 0.000660432
     1.48778    0.796509  0.00128454
     1.51085    0.923122  0.00121529
     1.53392    0.971217  0.00176774
     1.55698    0.928512  0.00171045
     1.58005    0.808599  0.00115535
     1.60312    0.640985  0.00065806
     1.62618    0.465493 0.000752419
     1.64925    0.317285 0.000713336
     1.67232    0.219475 0.000890788
     1.69538    0.191287  0.00108691
     1.71845    0.253604  0.00131533
     1.74152    0.432375  0.00157601
     1.76458    0.748063  0.00159586
     1.78765     1.19596  0.00125825
     1.81071     1.72693  0.00104066
     1.83378     2.23674  0.00143937
     1.85685     2.60128  0.00245558
     1.87991     2.71604   0.0025383
     1.90298     2.55896  0.00267272
     1.92605      2.1824  0.00181186
     1.94911     1.69159  0.00137907
     1.97218     1.19877 0.000845178
     1.99525    0.800565  0.00143638
     2.01831    0.539744  0.00121572
     2.04138    0.433005  0.00181114
     2.06445    0.459388  0.00134513
     2.08751    0.586456  0.00116974
     2.11058    0.757729 0.000588433
     2.13364    0.918343 0.000874335
     2.15671     1.01596  0.00116814
     2.17978     1.02382  0.00132338
     2.20284    0.920671 0.000840517
     2.22591    0.781352 0.000575596
     2.24898     0.65367 0.000790965
     2.27204    0.570253  0.00129814
     2.29511    0.572483  0.00159579
   0.0115332           0           0
   0.0345996           0           0
   0.0576661           0           0
   0.0807325           0           0
    0.103799           0           0
    0.126865           0           0
    0.149932           0           0
    0.172998           0           0
    0.196065           0           0
    0.219131           0           0
    0.242198           0           0
    0.265264           0           0
     0.28833           0           0
    0.311397           0           0
    0.334463           0           0
     0.35753           0           0
    0.380596           0           0
    0.403663           0           0
    0.426729           0           0
    0.449795           0           0
    0.472862           0           0
    0.495928           0           0
    0.518995           0           0
    0.542061           0           0
    0.565128           0           0
    0.588194           0           0
     0.61126           0           0
    0.634327           0           0
    0.657393           0           0
     0.68046           0           0
    0.703526           0           0
    0.726593           0           0
    0.749659           0           0
    0.772725           0           0
    0.795792           0           0
    0.818858           0           0
    0.841925           0           0
    0.864991           0           0
    0.888058 9.04726e-05 1.47973e-05
    0.911124  0.00335904 8.29258e-05
     0.93419   0.0468427  0.00030018
    0.957257    0.292291  0.00114379
    0.980323     1.00774  0.00219076
     1.00339     2.23674   0.0027326
     1.02646     3.62501  0.00193889
     1.04952     4.61726  0.00246842
     1.07259     4.89886  0.00450081
     1.09566     4.49568  0.00401359
     1.11872     3.66046   0.0026684
     1.14179     2.69547   0.0030195
     1.16485     1.81775  0.00155459
     1.18792      1.1292  0.00187257
     1.21099    0.652935  0.00115538
     1.23405    0.352468 0.000990133
     1.25712    0.178287 0.000923721
     1.28019   0.0885162 0.000750066
     1.30325   0.0492706 0.000483523
     1.32632    0.042221 0.000539563
     1.34939   0.0603925  0.00045907
     1.37245    0.104995 0.000520468
     1.39552    0.183937 0.000691685
     1.41859    0.300418 0.000551236
     1.44165    0.453764 0.000917099
     1.46472    0.628787 0.000691391
     1.48778    0.796473  0.00118977
     1.51085    0.923316  0.00114179
     1.53392    0.971013  0.00164925
     1.55698    0.928429  0.00158573
     1.58005    0.808684  0.00107303
     1.60312    0.641283 0.000678464
     1.62618    0.465352 0.000710677
     1.64925    0.317176 0.000669381
     1.67232    0.219451 0.000825083
     1.69538    0.191319  0.00100681
     1.71845    0.253809  0.00123483
     1.74152    0.432462  0.00146171
     1.76458    0.748288  0.00149459
     1.78765     1.19634  0.00122489
     1.81071      1.7271 0.000979309
     1.83378     2.23634  0.00139258
     1.85685      2.6005   0.0024045
     1.87991     2.71612   0.0023514
     1.90298     2.55826  0.00257128
     1.92605     2.18186  0.00176494
     1.94911     1.69194  0.00132379
     1.97218       1.199 0.000816088
     1.99525    0.801028  0.00140818
     2.01831    0.540299  0.00125477
     2.04138    0.433001   0.0016768
     2.06445    0.459627  0.00126822
     2.08751    0.586555  0.00108747
     2.11058    0.757767 0.000546076
     2.13364    0.918087 0.000849068
     2.15671      1.0156  0.00113862
     2.17978     1.02349  0.00126694
     2.20284    0.920581 0.000783445
     2.22591    0.781232 0.000546167
     2.24898    0.653638 0.000732982
     2.27204    0.570382  0.00120875
     2.29511    0.572453  0.00147773
   0.0115332           0           0
   0.0345996           0           0
   0.0576661           0           0
   0.0807325           0           0
    0.103799           0           0
    0.126865           0           0
    0.149932           0           0
    0.172998           0           0
    0.196065           0           0
    0.219131           0           0
    0.242198           0           0
    0.265264           0           0
     0.28833           0           0
    0.311397           0           0
    0.334463           0           0
     0.35753           0           0
    0.380596           0           0
    0.403663           0           0
    0.426729           0           0
    0.449795           0           0
    0.472862           0           0
    0.495928           0           0
    0.518995           0           0
    0.542061           0           0
    0.565128           0           0
    0.588194           0           0
     0.61126           0           0
    0.634327           0           0
    0.657393           0           0
     0.68046           0           0
    0.703526           0           0
    0.726593           0           0
    0.749659           0           0
    0.772725           0           0
    0.795792           0           0
    0.818858           0           0
    0.841925           0           0
    0.864991           0           0
    0.888058 8.93505e-05 1.38212e-05
    0.911124  0.00334312 7.88249e-05
     0.93419   0.0468458  0.00027947
    0.957257    0.292132  0.00107672
    0.980323      1.0075  0.00205277
     1.00339     2.23693  0.00255084
     1.02646     3.62459  0.00185267
     1.04952     4.61681  0.00234173
     1.07259     4.89965  0.00426314
     1.09566      4.4967  0.00387263
     1.11872     3.66079  0.00250553
     1.14179     2.69508  0.00283814
     1.16485     1.81717  0.00155697
     1.18792     1.12942  0.00175713
     1.21099    0.653116  0.00109069
     1.23405     0.35223 0.000952014
     1.25712    0.178365 0.000863425
     1.28019   0.0883404 0.000720056
     1.30325   0.0491063 0.000479204
     1.32632   0.0420708 0.000524274
     1.34939   0.0601879 0.000473805
     1.37245    0.104935 0.000488197
     1.39552    0.183709 0.000683282
     1.41859     0.30025  0.00053974
     1.44165    0.453596 0.000870214
     1.46472    0.628574  0.00067786
     1.48778    0.796698  0.00113021
     1.51085    0.923419  0.00106786
     1.53392    0.971308  0.00156351
     1.55698    0.929254  0.00169079
     1.58005    0.809289  0.00116777
     1.60312    0.641587 0.000701073
     1.62618    0.465201 0.000678673
     1.64925    0.316788 0.000734144
     1.67232    0.219142 0.000827903
     1.69538    0.191101 0.000962489
     1.71845    0.253529  0.00118305
     1.74152    0.432277  0.00137328
     1.76458    0.747992  0.00142263
     1.78765     1.19644  0.00114414
     1.81071     1.72718 0.000914676
     1.83378     2.23709  0.00149861
     1.85685     2.60104  0.00230216
     1.87991     2.71569  0.00222942
     1.90298     2.55812  0.00239787
     1.92605     2.18177  0.00164555
     1.94911     1.69184  0.00123598
     1.97218     1.19939 0.000853726
     1.99525    0.800877  0.00131957
     2.01831    0.540184  0.00117373
     2.04138    0.432946  0.00156196
     2.06445    0.459624  0.00118065
     2.08751    0.586457  0.00101704
     2.11058    0.757771 0.000508389
     2.13364    0.918243 0.000805731
     2.15671     1.01574  0.00106873
     2.17978     1.02325  0.00120396
     2.20284    0.920409 0.000749179
     2.22591    0.780884 0.000616311
     2.24898     0.65362 0.000682621
     2.27204     0.57013  0.00115324
     2.29511    0.572291  0.00138514
   0.0115332           0           0
   0.0345996           0           0
   0.0576661           0           0
   0.0807325           0           0
    0.103799           0           0
    0.126865           0           0
    0.149932           0           0
    0.172998           0           0
    0.196065           0           0
    0.219131           0           0
    0.242198           0           0
    0.265264           0           0
     0.28833           0           0
    0.311397           0           0
    0.334463           0           0
     0.35753           0           0
    0.380596           0           0
    0.403663           0           0
    0.426729           0           0
    0.449795           0           0
    0.472862           0           0
    0.495928           0           0
    0.518995           0           0
    0.542061           0           0
    0.565128           0           0
    0.588194           0           0
     0.61126           0           0
    0.634327           0           0
    0.657393           0           0
     0.68046           0           0
    0.703526           0           0
    0.726593           0           0
    0.749659           0           0
    0.772725           0           0
    0.795792           0           0
    0.818858           0           0
    0.841925           0           0
    0.864991           0           0
    0.888058 9.38916e-05 1.37029e-05
    0.911124  0.00335542  7.4753e-05
     0.93419   0.0469583 0.000284607
    0.957257    0.292561  0.00109477
    0.980323     1.00863   0.0022246
     1.00339     2.23751  0.00245568
     1.02646     3.62371  0.00194085
     1.04952     4.61598  0.00234313
     1.07259     4.89875  0.00408722
     1.09566     4.49525  0.00390046
     1.11872     3.66189  0.00258763
     1.14179     2.69473   0.0026783
     1.16485     1.81753  0.00149975
     1.18792     1.12993  0.00172331
     1.21099     0.65335  0.00104673
     1.23405    0.352199  0.00089105
     1.25712    0.178535 0.000825414
     1.28019   0.0882358 0.000681629
     1.30325   0.0490488 0.000451924
     1.32632   0.0420092 0.000494274
     1.34939   0.0601441 0.000445366
     1.37245    0.104995 0.000460628
     1.39552    0.183765 0.000641676
     1.41859    0.300052 0.000542426
     1.44165    0.453612 0.000814157
     1.46472    0.628445 0.000647109
     1.48778    0.796959   0.0010888
     1.51085     0.92328  0.00100841
     1.53392    0.971373  0.00146398
     1.55698     0.92918  0.00158333
     1.58005    0.809541  0.00112119
     1.60312    0.641539 0.000657604
     1.62618     0.46533 0.000647925
     1.64925    0.316705 0.000691708
     1.67232    0.219292  0.00078887
     1.69538    0.191141  0.00090121
     1.71845    0.253599  0.00110886
     1.74152    0.432658  0.00133993
     1.76458    0.748274  0.00136043
     1.78765     1.19667  0.00109443
     1.81071     1.72709 0.000860641
     1.83378     2.23637   0.0015781
     1.85685     2.60001  0.00238662
     1.87991     2.71527  0.00212724
     1.90298       2.558  0.00224632
     1.92605     2.18209  0.00157275
     1.94911     1.69247  0.00131564
     1.97218     1.19938 0.000798645
     1.99525    0.801134  0.00126078
     2.01831     0.54044  0.00112735
     2.04138    0.433061  0.00146553
     2.06445    0.459615  0.00110444
     2.08751    0.586512 0.000952932
     2.11058    0.757692  0.00048212
     2.13364    0.917867 0.000842419
     2.15671     1.01548  0.00103155
     2.17978     1.02319  0.00112806
     2.20284    0.920412   0.0007008
     2.22591    0.780942 0.000579405
     2.24898    0.653713 0.000645251
     2.27204    0.570168  0.00107945
     2.29511    0.572169  0.00130143
   0.0115332           0           0
   0.0345996           0           0
   0.0576661           0           0
   0.0807325           0           0
    0.103799           0           0
    0.126865           0           0
    0.149932           0           0
    0.172998           0           0
    0.196065           0           0
    0.219131           0           0
    0.242198           0           0
    0.265264           0           0
     0.28833           0           0
    0.311397           0           0
    0.334463           0           0
     0.35753           0           0
    0.380596           0           0
    0.403663           0           0
    0.426729           0           0
    0.449795           0           0
    0.472862           0           0
    0.495928           0           0
    0.518995           0           0
    0.542061           0           0
    0.565128           0           0
    0.588194           0           0
     0.61126           0           0
    0.634327           0           0
    0.657393           0           0
     0.68046           0           0
    0.703526           0           0
    0.726593           0           0
    0.749659           0           0
    0.772725           0           0
    0.795792           0           0
    0.818858           0           0
    0.841925           0           0
    0.864991           0           0
    0.888058 9.01013e-05 1.34181e-05
    0.911124  0.00337533 7.29857e-05
     0.93419   0.0469558 0.000267354
    0.957257    0.292424  0.00103739
    0.980323     1.00852   0.0020923
     1.00339     2.23773  0.00231695
     1.02646     3.62381  0.00182588
     1.04952     4.61666  0.00230226
     1.07259     4.89921  0.00386655
     1.09566     4.49456  0.00372829
     1.11872     3.66163  0.00244465
     1.14179     2.69426  0.00255837
     1.16485     1.81672  0.00162837
     1.18792      1.1298  0.00162417
     1.21099    0.653824  0.00109146
     1.23405    0.352493 0.000887088
     1.25712    0.178662 0.000785657
     1.28019   0.0883811 0.000656563
     1.30325   0.0491329  0.00043275
     1.32632   0.0419994 0.000464391
     1.34939   0.0601887 0.000420722
     1.37245    0.105063 0.000437892
     1.39552    0.183791 0.000603294
     1.41859     0.30008 0.000510256
     1.44165    0.453712 0.000771377
     1.46472    0.628559 0.000618575
     1.48778    0.796739  0.00104596
     1.51085    0.923059 0.000972695
     1.53392      0.9712  0.00138608
     1.55698    0.929229  0.00148808
     1.58005    0.809506  0.00105375
     1.60312    0.641702 0.000639066
     1.62618    0.465307  0.00060905
     1.64925    0.316681 0.000650194
     1.67232    0.219427   0.0007533
     1.69538    0.191081 0.000848654
     1.71845    0.253881  0.00107914
     1.74152    0.432732  0.00126084
     1.76458    0.748285  0.00127795
     1.78765     1.19681  0.00103846
     1.81071     1.72728 0.000831692
     1.83378     2.23597  0.00153322
     1.85685     2.59964  0.00227301
     1.87991     2.71508  0.00200807
     1.90298     2.55785  0.00211501
     1.92605     2.18241  0.00151125
     1.94911     1.69208  0.00129522
     1.97218     1.19945 0.000754056
     1.99525    0.801191  0.00118565
     2.01831    0.540666   0.0010829
     2.04138    0.433093  0.00137701
     2.06445    0.459622  0.00103746
     2.08751    0.586517 0.000895137
     2.11058    0.757998  0.00054673
     2.13364    0.918118 0.000830277
     2.15671     1.01525 0.000996341
     2.17978     1.02291  0.00109579
     2.20284     0.92024 0.000680395
     2.22591    0.781074 0.000559976
     2.24898    0.653721 0.000606173
     2.27204    0.570346  0.00102938
     2.29511    0.572246  0.00122491
   0.0115332           0           0
   0.0345996           0           0
   0.0576661           0           0
   0.0807325           0           0
    0.103799           0           0
    0.126865           0           0
    0.149932           0           0
    0.172998           0           0
    0.196065           0           0
    0.219131           0           0
    0.242198           0           0
    0.265264           0           0
     0.28833           0           0
    0.311397           0           0
    0.334463           0           0
     0.35753           0           0
    0.380596           0           0
    0.403663           0           0
    0.426729           0           0
    0.449795           0           0
    0.472862           0           0
    0.495928           0           0
    0.518995           0           0
    0.542061           0           0
    0.565128           0           0
    0.588194           0           0
     0.61126           0           0
    0.634327           0           0
    0.657393           0           0
     0.68046           0           0
    0.703526           0           0
    0.726593           0           0
    0.749659           0           0
    0.772725           0           0
    0.795792           0           0
    0.818858           0           0
    0.841925           0           0
    0.864991           0           0
    0.888058 9.16415e-05 1.27441e-05
    0.911124   0.0033938  7.1248e-05
     0.93419   0.0470867 0.000284015
    0.957257    0.292774  0.00103893
    0.980323     1.00899  0.00202751
     1.00339     2.23856  0.00233861
     1.02646     3.62481   0.0019866
     1.04952     4.61714  0.00222511
     1.07259     4.89733  0.00410265
     1.09566     4.49319  0.00377549
     1.11872     3.65989  0.00288405
     1.14179     2.69351  0.00252674
     1.16485     1.81731  0.00164711
     1.18792     1.13066  0.00175407
     1.21099    0.654185  0.00109065
     1.23405     0.35269   0.0008592
     1.25712    0.178912 0.000781644
     1.28019   0.0884583 0.000623809
     1.30325   0.0492064 0.000414581
     1.32632   0.0421639 0.000467713
     1.34939   0.0602879  0.00040888
     1.37245    0.105158 0.000423669
     1.39552    0.183889 0.000577225
     1.41859    0.300019 0.000484879
     1.44165    0.453698 0.000727405
     1.46472    0.628747 0.000612462
     1.48778     0.79667 0.000988617
     1.51085    0.922634  0.00101085
     1.53392    0.971097  0.00131089
     1.55698    0.928882  0.00144511
     1.58005    0.809419  0.00099732
     1.60312    0.641836 0.000617199
     1.62618    0.465439 0.000589125
     1.64925    0.316763 0.000618532
     1.67232    0.219684 0.000755065
     1.69538    0.191443 0.000878343
     1.71845    0.254137  0.00104909
     1.74152    0.432826  0.00119242
     1.76458    0.748818  0.00131782
     1.78765     1.19723  0.00106488
     1.81071     1.72756 0.000831207
     1.83378     2.23579  0.00145728
     1.85685     2.59877  0.00231085
     1.87991     2.71439  0.00201213
     1.90298     2.55692  0.00219927
     1.92605     2.18165  0.00161423
     1.94911     1.69163  0.00130217
     1.97218     1.19978 0.000783735
     1.99525    0.801695  0.00122651
     2.01831    0.541386  0.00124936
     2.04138    0.433662  0.00141754
     2.06445     0.46012  0.00109758
     2.08751    0.586685  0.00086046
     2.11058    0.758161 0.000540631
     2.13364    0.917838 0.000831199
     2.15671     1.01481  0.00103809
     2.17978      1.0223  0.00119653
     2.20284    0.919929 0.000713262
     2.22591    0.780931 0.000546971
     2.24898    0.653656 0.000575274
     2.27204    0.570724   0.0010418
     2.29511    0.572617  0.00121295
   0.0115332           0           0
   0.0345996           0           0
   0.0576661           0           0
   0.0807325           0           0
    0.103799           0           0
    0.126865           0           0
    0.149932           0           0
    0.172998           0           0
    0.196065           0           0
    0.219131           0           0
    0.242198           0           0
    0.265264           0           0
     0.28833           0           0
    0.311397           0           0
    0.334463           0           0
     0.35753           0           0
    0.380596           0           0
    0.403663           0           0
    0.426729           0           0
    0.449795           0           0
    0.472862           0           0
    0.495928           0           0
    0.518995           0           0
    0.542061           0           0
    0.565128           0           0
    0.588194           0           0
     0.61126           0           0
    0.634327           0           0
    0.657393           0           0
     0.68046           0           0
    0.703526           0           0
    0.726593           0           0
    0.749659           0           0
    0.772725           0           0
    0.795792           0           0
    0.818858           0           0
    0.841925           0           0
    0.864991           0           0
    0.888058 9.06941e-05 1.20919e-05
    0.911124  0.00340518 6.83468e-05
     0.93419   0.0471659 0.000280103
    0.957257    0.293115  0.00104015
    0.980323     1.00909  0.00192034
     1.00339     2.23871  0.00221716
     1.02646     3.62496  0.00188504
     1.04952     4.61665   0.0021619
     1.07259     4.89672  0.00392781
     1.09566     4.49282  0.00358987
     1.11872     3.65998  0.00272956
     1.14179     2.69373  0.00240024
     1.16485     1.81736  0.00155863
     1.18792     1.13059  0.00166069
     1.21099    0.654276   0.0010356
     1.23405    0.352744 0.000814491
     1.25712    0.179095 0.000761692
     1.28019   0.0885038 0.000591821
     1.30325   0.0491956 0.000392304
     1.32632   0.0421641 0.000442412
     1.34939   0.0603441 0.000390824
     1.37245    0.105309 0.000428259
     1.39552    0.184125 0.000594752
     1.41859     0.30003 0.000458776
     1.44165    0.453799 0.000695502
     1.46472    0.628797 0.000581556
     1.48778    0.796206  0.00104376
     1.51085    0.922375 0.000990521
     1.53392    0.971102  0.00123999
     1.55698    0.928745  0.00137383
     1.58005     0.80935 0.000945861
     1.60312    0.642016 0.000610837
     1.62618    0.465438 0.000557256
     1.64925    0.316768 0.000585089
     1.67232    0.219659  0.00071466
     1.69538    0.191526 0.000834945
     1.71845    0.254282  0.00100289
     1.74152    0.432915  0.00113144
     1.76458    0.749055  0.00126874
     1.78765     1.19739  0.00101923
     1.81071     1.72741 0.000800086
     1.83378     2.23577  0.00137866
     1.85685     2.59843   0.0022128
     1.87991      2.7147  0.00192719
     1.90298     2.55623    0.002193
     1.92605     2.18154  0.00153044
     1.94911     1.69148  0.00124154
     1.97218     1.19992 0.000752999
     1.99525    0.802001  0.00119981
     2.01831    0.541671  0.00121559
     2.04138    0.433554  0.00134519
     2.06445    0.460147  0.00103856
     2.08751    0.586672 0.000814021
     2.11058     0.75833  0.00053848
     2.13364    0.917818 0.000786494
     2.15671     1.01477 0.000982779
     2.17978     1.02229  0.00113186
     2.20284    0.919884 0.000676173
     2.22591    0.780785 0.000537574
     2.24898    0.653701 0.000546033
     2.27204     0.57095  0.00101092
     2.29511    0.572998  0.00120915
   0.0115332           0           0
   0.0345996           0           0
   0.0576661           0           0
   0.0807325           0           0
    0.103799           0           0
    0.126865           0           0
    0.149932           0           0
    0.172998           0           0
    0.196065           0           0
    0.219131           0           0
    0.242198           0           0
    0.265264           0           0
     0.28833           0           0
    0.311397           0           0
    0.334463           0           0
     0.35753           0           0
    0.380596           0           0
    0.403663           0           0
    0.426729           0           0
    0.449795           0           0
    0.472862           0           0
    0.495928           0           0
    0.518995           0           0
    0.542061           0           0
    0.565128           0           0
    0.588194           0           0
     0.61126           0           0
    0.634327           0           0
    0.657393           0           0
     0.68046           0           0
    0.703526           0           0
    0.726593           0           0
    0.749659           0           0
    0.772725           0           0
    0.795792           0           0
    0.818858           0           0
    0.841925           0           0
    0.864991           0           0
    0.888058 8.83686e-05 1.17047e-05
    0.911124  0.00341821 6.61367e-05
     0.93419   0.0471701 0.000265761
    0.957257    0.293038 0.000989801
    0.980323     1.00889  0.00183295
     1.00339     2.23858  0.00210765
     1.02646     3.62478  0.00179669
     1.04952     4.61716  0.00211428
     1.07259     4.89676  0.00372639
     1.09566     4.49288  0.00340614
     1.11872     3.65989  0.00259127
     1.14179     2.69412  0.00231097
     1.16485     1.81701  0.00151976
     1.18792     1.13066  0.00157692
     1.21099      0.6542 0.000985384
     1.23405    0.352878  0.00078418
     1.25712    0.178959 0.000735193
     1.28019   0.0885378 0.000562475
     1.30325    0.049233  0.00037405
     1.32632   0.0421504 0.000419933
     1.34939   0.0603625 0.000371223
     1.37245    0.105295 0.000406532
     1.39552    0.184175  0.00056639
     1.41859    0.300139 0.000448738
     1.44165    0.453819   0.0006601
     1.46472    0.628556 0.000602032
     1.48778    0.796227 0.000990426
     1.51085    0.922297 0.000942968
     1.53392    0.971131  0.00117672
     1.55698    0.929041  0.00133658
     1.58005    0.809177 0.000914011
     1.60312    0.641691 0.000664327
     1.62618    0.465555 0.000541313
     1.64925    0.316803 0.000556186
     1.67232    0.219613  0.00067952
     1.69538    0.191595 0.000795156
     1.71845    0.254296 0.000951526
     1.74152    0.432814  0.00107816
     1.76458    0.748919  0.00121126
     1.78765     1.19717 0.000990155
     1.81071     1.72777 0.000839984
     1.83378      2.2359  0.00131439
     1.85685     2.59819  0.00211205
     1.87991     2.71457  0.00183251
     1.90298     2.55633  0.00208297
     1.92605     2.18191  0.00149742
     1.94911     1.69151  0.00117825
     1.97218     1.19996 0.000715466
     1.99525    0.801935  0.00114018
     2.01831    0.541713  0.00115397
     2.04138    0.433674  0.00128177
     2.06445    0.460011 0.000994665
     2.08751    0.586703 0.000772893
     2.11058     0.75832 0.000510935
     2.13364    0.917907 0.000751393
     2.15671     1.01464 0.000941116
     2.17978     1.02229   0.0010738
     2.20284    0.919806 0.000646201
     2.22591    0.780782 0.000509996
     2.24898    0.653641 0.000521513
     2.27204    0.571146 0.000978941
     2.29511    0.572962  0.00114768
