           1   -0.407463   -0.407463           0
           2   -0.412339   -0.409901  0.00243781
           3   -0.410738    -0.41018  0.00143482
           4   -0.411575   -0.410529  0.00107285
           5    -0.41126   -0.410675 0.000843803
           6    -0.41214   -0.410919 0.000730941
           7    -0.41047   -0.410855 0.000621077
           8   -0.410717   -0.410838 0.000538144
           9   -0.412023    -0.41097 0.000492539
          10   -0.412596   -0.411132 0.000469601
          11   -0.410858   -0.411107 0.000425501
          12   -0.412115   -0.411191 0.000397396
          13   -0.412008   -0.411254  0.00037091
          14   -0.412185   -0.411321 0.000349775
          15   -0.413658   -0.411476 0.000361001
          16   -0.409951   -0.411381 0.000350878
          17   -0.412303   -0.411435 0.000334026
          18   -0.410773   -0.411399 0.000317067
          19   -0.412706   -0.411467 0.000307713
          20   -0.413492   -0.411569 0.000308981
          21   -0.407505   -0.411375 0.000351885
          22   -0.409851   -0.411306 0.000342589
          23   -0.411649   -0.411321 0.000327696
          24   -0.410729   -0.411296 0.000314711
          25   -0.413411   -0.411381 0.000313493
          26   -0.410782   -0.411358 0.000302074
          27   -0.414891   -0.411489 0.000318772
          28   -0.413032   -0.411544 0.000312084
          29   -0.411692   -0.411549 0.000301174
          30   -0.410465   -0.411513 0.000293196
          31   -0.409898   -0.411461 0.000288323
          32   -0.408904   -0.411381 0.000290373
          33   -0.414793   -0.411484 0.000299833
          34   -0.409949   -0.411439 0.000294362
          35   -0.408783   -0.411363 0.000295731
          36   -0.411621    -0.41137 0.000287489
          37   -0.411843   -0.411383 0.000279902
          38   -0.411916   -0.411397 0.000272798
          39   -0.412462   -0.411424 0.000267111
          40   -0.414538   -0.411502 0.000271736
          41   -0.410431   -0.411476 0.000266311
          42   -0.411014   -0.411465 0.000260125
          43   -0.407954   -0.411383 0.000266804
          44   -0.410105   -0.411354 0.000262284
          45   -0.410028   -0.411325 0.000258077
          46   -0.410902   -0.411316 0.000252572
          47   -0.412986   -0.411351 0.000249682
          48    -0.41122   -0.411348 0.000244441
          49   -0.411106   -0.411344 0.000239451
          50   -0.410485   -0.411326 0.000235241
          51   -0.411258   -0.411325 0.000230586
          52   -0.412097    -0.41134 0.000226596
          53   -0.410727   -0.411328 0.000222579
          54   -0.411167   -0.411325 0.000218439
          55   -0.412866   -0.411353 0.000216252
          56   -0.412977   -0.411382 0.000214325
          57    -0.41164   -0.411387  0.00021058
          58   -0.411722   -0.411393 0.000206998
          59   -0.410075    -0.41137 0.000204682
          60   -0.411197   -0.411367 0.000201262
          61   -0.411224   -0.411365 0.000197949
          62   -0.412959   -0.411391 0.000196421
          63     -0.4105   -0.411377 0.000193794
          64   -0.407803   -0.411321 0.000198749
          65   -0.411345   -0.411321 0.000195667
          66    -0.40972   -0.411297 0.000194202
          67   -0.410757   -0.411289 0.000191451
          68   -0.412871   -0.411312 0.000190045
          69   -0.410988   -0.411307 0.000187329
          70   -0.411497    -0.41131 0.000184654
          71    -0.41184   -0.411318 0.000182187
          72    -0.41078    -0.41131 0.000179794
          73    -0.41136   -0.411311 0.000177315
          74   -0.411251    -0.41131 0.000174905
          75   -0.409145   -0.411281 0.000174955
          76   -0.413657   -0.411312 0.000175446
          77   -0.411098    -0.41131 0.000173175
          78   -0.413526   -0.411338 0.000173287
          79   -0.411765   -0.411343 0.000171164
          80    -0.41252   -0.411358  0.00016965
          81   -0.409835   -0.411339 0.000168594
          82   -0.410797   -0.411333 0.000166657
          83   -0.410832   -0.411327 0.000164747
          84   -0.412315   -0.411338 0.000163199
          85   -0.412461   -0.411352 0.000161808
          86   -0.411172    -0.41135 0.000159929
          87   -0.412636   -0.411364  0.00015877
          88   -0.409535   -0.411344 0.000158325
          89   -0.409272    -0.41132 0.000158258
          90   -0.412156    -0.41133 0.000156765
          91    -0.41199   -0.411337 0.000155202
          92   -0.412164   -0.411346 0.000153769
          93   -0.411024   -0.411342 0.000152146
          94    -0.41045   -0.411333 0.000150818
          95   -0.410855   -0.411328 0.000149307
          96   -0.409712   -0.411311 0.000148699
          97   -0.410657   -0.411304 0.000147312
          98   -0.411185   -0.411303 0.000145806
          99   -0.408863   -0.411278 0.000146416
         100   -0.413272   -0.411298  0.00014631
