   0.0323165           0           0
   0.0969496           0           0
    0.161583           0           0
    0.226216           0           0
    0.290849           0           0
    0.355482           0           0
    0.420115           0           0
    0.484748           0           0
    0.549381           0           0
    0.614014           0           0
    0.678647           0           0
     0.74328           0           0
    0.807913           0           0
    0.872546 0.000937537 3.93294e-05
    0.937179    0.147976 0.000481573
     1.00181     1.06618  0.00140901
     1.06645     2.04404  0.00243727
     1.13108      2.2698  0.00224345
     1.19571     2.08893  0.00206415
     1.26034      1.8346  0.00171305
     1.32498     1.61989  0.00156032
     1.38961     1.45609  0.00132905
     1.45424     1.33467  0.00123597
     1.51888     1.24926  0.00117037
     1.58351     1.18826 0.000894325
     1.64814     1.14379 0.000956353
     1.71278     1.11293 0.000889292
     1.77741     1.08968 0.000852724
     1.84204     1.07522 0.000744896
     1.90667     1.06537 0.000761828
     1.97131     1.06137 0.000694909
     2.03594     1.05855 0.000699728
     2.10057     1.05555 0.000674137
     2.16521     1.05327 0.000592128
     2.22984     1.04875 0.000603763
     2.29447     1.04312 0.000645364
     2.35911     1.03778 0.000699509
     2.42374     1.03057 0.000638441
     2.48837      1.0263 0.000628084
     2.55301     1.02082 0.000603683
     2.61764     1.01772 0.000511915
     2.68227     1.01413  0.00047159
      2.7469     1.01096 0.000484874
     2.81154     1.00777 0.000609576
     2.87617     1.00559 0.000488377
      2.9408     1.00347 0.000438944
     3.00544      1.0017 0.000498188
     3.07007    0.999175 0.000437182
      3.1347    0.999174 0.000439134
     3.19934    0.997568 0.000468062
     3.26397    0.996546  0.00041965
      3.3286    0.995323 0.000418026
     3.39323    0.994848 0.000369671
     3.45787    0.994459 0.000393271
      3.5225    0.992785 0.000387164
     3.58713    0.992595 0.000356552
     3.65177    0.991581 0.000407693
      3.7164     0.99147 0.000341073
     3.78103    0.990709 0.000355659
     3.84567    0.990774  0.00032583
      3.9103    0.989899 0.000368599
     3.97493    0.989767 0.000370192
     4.03957    0.989196 0.000357312
      4.1042    0.989178 0.000299264
     4.16883    0.988907 0.000301903
     4.23346    0.988474  0.00028742
      4.2981    0.988199 0.000296059
     4.36273    0.987896 0.000293611
     4.42736     0.98816 0.000296442
       4.492    0.988143 0.000282555
     4.55663     0.98763 0.000279056
     4.62126    0.987346 0.000283656
      4.6859    0.987147 0.000249039
     4.75053    0.986964 0.000301976
     4.81516    0.986594 0.000260857
     4.87979    0.986904 0.000300412
     4.94443    0.987248 0.000267596
     5.00906    0.985821 0.000284417
     5.07369    0.986646 0.000272059
     5.13833    0.986451 0.000242261
     5.20296    0.986414 0.000224477
     5.26759    0.986114 0.000244789
     5.33223    0.986208 0.000254331
     5.39686    0.986125 0.000218718
     5.46149    0.986442 0.000232559
     5.52612    0.986136 0.000224437
     5.59076    0.986381 0.000236804
     5.65539    0.985932 0.000222023
     5.72002    0.986124 0.000234837
     5.78466    0.985694  0.00023904
     5.84929    0.986024  0.00025998
     5.91392    0.985757 0.000219128
     5.97856    0.985652 0.000227434
     6.04319     0.98617 0.000208346
     6.10782    0.986404 0.000208203
     6.17246    0.985614 0.000206566
     6.23709    0.985917 0.000204896
     6.30172    0.986071 0.000211101
     6.36635    0.986123 0.000212947
     6.43099    0.985974 0.000186197
