           1   0.0497991   0.0497991           0
           2    0.049266   0.0495326  0.00026653
           3   0.0493433   0.0494695 0.000166316
           4   0.0493047   0.0494283 0.000124607
           5   0.0495476   0.0494521 9.94252e-05
           6   0.0493243   0.0494308 8.39304e-05
           7   0.0494055   0.0494272 7.10267e-05
           8   0.0495576   0.0494435 6.36331e-05
           9   0.0491862   0.0494149   6.298e-05
          10   0.0492656      0.0494 5.82763e-05
          11   0.0492203   0.0493836 5.51867e-05
          12   0.0494358    0.049388 5.05654e-05
          13   0.0493791   0.0493873 4.65184e-05
          14   0.0491618   0.0493712 4.59821e-05
          15   0.0493603   0.0493705 4.28132e-05
          16   0.0493942    0.049372 4.00756e-05
          17   0.0493053    0.049368 3.78484e-05
          18   0.0495053   0.0493757 3.64893e-05
          19   0.0493815    0.049376 3.45168e-05
          20    0.049117    0.049363 3.52129e-05
          21   0.0491537   0.0493531 3.49459e-05
          22   0.0493296    0.049352 3.33366e-05
          23    0.049377   0.0493531 3.18728e-05
          24   0.0493971   0.0493549  3.0571e-05
          25   0.0494246   0.0493577 2.94547e-05
          26   0.0496031   0.0493671 2.98317e-05
          27   0.0493493   0.0493665 2.87132e-05
          28    0.049432   0.0493688 2.77676e-05
          29   0.0491285   0.0493605 2.80454e-05
          30   0.0492528   0.0493569 2.73314e-05
          31   0.0494661   0.0493605 2.66686e-05
          32   0.0495683    0.049367  2.6626e-05
          33   0.0491667   0.0493609 2.65103e-05
          34   0.0491787   0.0493555 2.62712e-05
          35   0.0492883   0.0493536 2.55816e-05
          36   0.0493179   0.0493526 2.48806e-05
          37   0.0494437   0.0493551 2.43237e-05
          38   0.0491711   0.0493502 2.41648e-05
          39   0.0494665   0.0493532 2.37252e-05
          40   0.0493799   0.0493539  2.3134e-05
          41   0.0495335   0.0493583 2.29839e-05
          42   0.0492743   0.0493563 2.25188e-05
          43   0.0492203   0.0493531 2.22152e-05
          44   0.0494049   0.0493543 2.17364e-05
          45   0.0493494   0.0493542 2.12481e-05
          46    0.049456   0.0493564 2.08987e-05
          47   0.0494818   0.0493591 2.06225e-05
          48   0.0495056   0.0493621 2.04177e-05
          49   0.0495417   0.0493658 2.03299e-05
          50   0.0492761    0.049364 1.99998e-05
          51    0.049318   0.0493631 1.96244e-05
          52   0.0495314   0.0493663 1.95138e-05
          53   0.0495273   0.0493694 1.93816e-05
          54   0.0495697   0.0493731 1.93779e-05
          55   0.0493949   0.0493735 1.90264e-05
          56   0.0492169   0.0493707 1.88915e-05
          57   0.0495348   0.0493735 1.87792e-05
          58   0.0495981   0.0493774 1.88544e-05
          59   0.0492338    0.049375 1.86914e-05
          60   0.0492625   0.0493731 1.84725e-05
          61   0.0493511   0.0493727 1.81708e-05
          62   0.0494263   0.0493736 1.78961e-05
          63   0.0491837   0.0493706  1.7866e-05
          64   0.0492247   0.0493683 1.77317e-05
          65   0.0494891   0.0493702 1.75553e-05
          66   0.0496109   0.0493738  1.7668e-05
          67   0.0494146   0.0493744 1.74129e-05
          68   0.0494886   0.0493761 1.72368e-05
          69   0.0491023   0.0493721 1.74424e-05
          70   0.0494776   0.0493736 1.72573e-05
          71   0.0494872   0.0493752 1.70875e-05
          72   0.0494213   0.0493759 1.68606e-05
          73   0.0493799   0.0493759 1.66281e-05
          74   0.0493871   0.0493761 1.64026e-05
          75   0.0493143   0.0493753 1.62034e-05
          76   0.0491978   0.0493729 1.61583e-05
          77    0.049317   0.0493722 1.59637e-05
          78   0.0491831   0.0493698  1.5943e-05
          79    0.049229    0.049368 1.58405e-05
          80   0.0492505   0.0493665 1.57101e-05
          81   0.0496537   0.0493701 1.59149e-05
          82   0.0494931   0.0493716 1.57911e-05
          83   0.0493931   0.0493718 1.56018e-05
          84   0.0492997    0.049371 1.54389e-05
          85    0.049073   0.0493675 1.56538e-05
          86   0.0493979   0.0493678 1.54747e-05
          87   0.0493057   0.0493671 1.53125e-05
          88   0.0490698   0.0493637 1.55098e-05
          89   0.0494543   0.0493648 1.53683e-05
          90   0.0493127   0.0493642 1.52076e-05
          91   0.0492851   0.0493633 1.50646e-05
          92   0.0488941   0.0493582 1.57485e-05
          93   0.0494071   0.0493587 1.55871e-05
          94   0.0493103   0.0493582  1.5429e-05
          95   0.0494208   0.0493589 1.52799e-05
          96   0.0491726   0.0493569 1.52439e-05
          97   0.0491731    0.049355 1.52045e-05
          98   0.0494095   0.0493556 1.50588e-05
          99   0.0493676   0.0493557 1.49064e-05
         100   0.0492397   0.0493546 1.48022e-05
