-0.134973   -0.403984   0.121317
-0.108485   0.153989   -0.168204
-0.0279919   -0.314098   0.311576
0.279593   -0.250822   0.0280505
0.340876   0.220356   -0.299909
-0.393306   -0.3565   -0.251078
0.42619   -0.290655   -0.237444
-0.15819   -0.394127   -0.411753
-0.0189502   0.226349   -0.0229652
0.348998   -0.192436   0.46157
-0.311961   0.191919   -0.177533
-0.139614   0.170431   -0.36048
-0.333496   0.467309   0.445339
-0.164382   0.453037   0.0951936
-0.145321   -0.46703   0.316238
-0.192796   0.122167   -0.32701
-0.0709254   -0.098879   -0.0519519
0.201867   0.147004   -0.36474
0.0881491   0.362955   0.251464
-0.343476   -0.452953   -0.419332
-0.216346   -0.466757   0.146145
-0.00207426   -0.486314   0.303155
0.0112739   0.307345   0.223739
-0.258312   -0.017942   -0.0553862
0.242317   -0.315203   -0.017848
0.1541   -0.205859   -0.0626606
0.239173   0.356582   -0.399831
-0.313808   0.419376   -0.437149
0.219555   0.485874   0.215466
-0.239149   0.235764   0.406511
0.384772   0.0232344   0.49658
0.492831   0.0878643   -0.0612614
-0.2693   0.32235   0.391126
-0.206265   0.321024   -0.165569
0.386422   0.276735   0.174029
-0.484851   0.0259942   -0.445188
-0.203817   0.0279811   -0.408358
-0.295909   -0.446913   -0.491466
0.384248   -0.125562   0.479532
-0.499025   0.443482   -0.459097
-0.477942   0.102217   0.227092
-0.198343   -0.311088   0.124951
-0.31356   0.096839   -0.219581
-0.180193   0.174222   -0.141316
0.294082   0.240786   0.407855
0.264755   -0.374035   0.0276596
-0.466818   0.351911   -0.301289
-0.257524   -0.0450255   0.0283875
-0.269236   0.377352   0.222441
0.403896   0.304102   -0.00961881
-0.261232   -0.0287769   0.155186
-0.312951   0.47225   -0.338537
-0.164701   0.441225   0.227685
-0.233698   -0.369924   0.309342
-0.230041   0.481899   -0.431896
-0.450056   0.314437   -0.0621435
0.210306   0.245378   0.409169
-0.252385   0.439633   0.46079
-0.152759   0.093508   -0.479508
-0.0208813   0.159713   -0.354282
0.329846   0.121211   -0.0950598
0.2911   0.397932   0.228129
-0.269883   0.472051   -0.0746515
-0.347244   -0.164708   -0.313784
-0.246881   -0.446658   -0.270412
-0.392452   0.394226   0.0792556
-0.119546   0.242738   -0.495142
0.346943   -0.339946   -0.0430665
-0.327682   0.197272   -0.0823049
0.163521   -0.458231   0.492239
-0.0905876   0.190858   -0.299427
0.232221   -0.339299   -0.170361
0.0818665   -0.19215   -0.38736
0.0557885   0.0506023   -0.373332
0.0825322   0.435081   -0.427139
0.157993   0.346063   -0.36716
-0.273256   -0.254016   0.0758956
-0.124127   -0.286976   0.236749
0.0815005   -0.0464271   -0.172562
0.408188   0.120043   0.376953
-0.247072   0.131437   -0.0641073
-0.478456   -0.138645   -0.258484
0.0369672   0.389773   0.199708
-0.487403   0.090134   -0.157078
0.2498   0.405837   -0.490717
-0.365286   0.269766   -0.495694
0.099415   0.0411995   0.340111
0.174269   0.395823   0.483463
0.306126   -0.265095   -0.355208
0.405047   -0.190748   -0.185401
-0.190351   0.143606   0.449948
-0.406048   -0.0943374   -0.469955
-0.0687261   -0.359849   0.160726
-0.0993941   -0.356513   0.428085
-0.294431   0.149614   0.433008
-0.227096   -0.238842   -0.425445
0.397922   -0.395933   -0.240811
0.152569   -0.371386   -0.172479
-0.0378059   0.292135   -0.429218
-0.186787   0.309778   0.183968
0.1843   0.233054   0.295603
-0.0614517   0.103202   0.193399
-0.203235   -0.244731   -0.027972
0.255931   0.0590559   -0.170618
-0.0663991   0.44051   0.21514
-0.0187338   0.202052   -0.422446
0.0871233   0.135315   -0.339922
0.186949   0.0127335   0.425885
