-0.195407   -0.457547   0.420165
0.234702   -0.346033   0.342745
0.0903754   0.406444   0.0855048
0.447325   -0.170483   -0.170578
-0.0330101   -0.207837   -0.375188
-0.37163   0.170853   0.179684
0.449418   0.0868066   0.0832821
-0.0153625   0.0389508   0.264778
-0.219763   -0.40528   0.0390773
-0.307734   -0.365134   -0.400486
-0.336077   -0.205302   0.4834
0.40488   -0.482839   -0.067899
0.329409   0.344265   -0.203818
0.308814   0.235456   -0.470699
-0.476025   0.444791   -0.262469
0.145986   0.484658   -0.283618
-0.145182   -0.356234   -0.241733
0.35949   0.0154503   -0.412889
0.216049   0.156697   -0.124291
0.175226   0.240936   -0.315978
-0.439102   0.245281   -0.197714
-0.2045   0.330694   0.357962
-0.382484   -0.236438   0.129312
0.416381   -0.442518   0.216318
-0.243497   0.498161   -0.145226
0.269218   0.143048   0.338176
-0.223218   0.443945   -0.342251
-0.248843   -0.0566655   0.124295
0.43661   -0.101116   0.414639
-0.0491623   0.15017   -0.168801
0.235128   -0.434875   0.0945913
0.165142   -0.0924492   -0.359389
-0.216255   -0.167489   -0.0494343
0.085557   0.205642   0.233856
-0.0489519   0.0347575   0.0414608
-0.0285287   -0.451507   -0.406102
-0.364421   -0.287257   -0.0648952
-0.00662361   0.301256   -0.275315
0.243169   -0.164803   0.480227
0.00924846   -0.438377   -0.0701153
0.0695091   -0.345645   -0.253112
-0.039327   0.369689   0.245988
-0.00799498   -0.412789   0.346208
-0.0412353   0.120831   0.441745
-0.336585   0.287011   -0.428345
0.169407   0.109653   -0.451943
-0.0460678   -0.241798   -0.00285707
0.29081   -0.0216293   -0.203531
-0.134039   -0.243588   0.453104
-0.492102   -0.275377   -0.409734
-0.434134   0.329569   0.355929
0.244707   0.15097   0.0974285
0.0662247   -0.320756   0.160717
0.221801   -0.413745   -0.12765
0.0651259   -0.163143   -0.175215
-0.24183   0.381239   0.143308
-0.230291   -0.291234   0.260164
-0.33831   0.321235   -0.0294692
0.44021   -0.275732   0.0320766
-0.335855   -0.0233238   -0.135666
0.273748   0.390074   -0.00215689
0.472337   0.114804   0.294903
-0.293771   0.076159   -0.339179
0.409466   0.195454   -0.323766
0.252508   -0.200094   -0.0973142
-0.250856   -0.188166   -0.281272
-0.239161   0.147945   -0.0697405
-0.449274   -0.0904357   -0.321995
-0.454814   0.341066   0.146514
-0.475521   -0.365726   -0.225164
-0.110198   -0.467937   0.187406
-0.335329   -0.479063   0.257363
-0.477135   0.111257   -0.491935
-0.169779   -0.0750264   -0.433703
0.0748864   0.358966   -0.103995
0.193572   -0.041924   0.298743
0.169148   0.294015   0.396849
-0.490149   -0.303714   0.340859
0.121094   -0.134052   0.148974
-0.447316   -0.102139   0.00607779
0.144686   -0.0171383   -0.0345741
-0.207051   0.0139541   0.325138
-0.456061   -0.0441221   0.210251
-0.100246   0.329956   -0.0401025
-0.138619   0.242179   -0.408437
0.345302   0.416939   0.373992
-0.374189   0.476395   -0.494316
0.0147834   -0.100663   0.438466
0.154874   0.462187   0.260564
-0.292233   0.158867   0.412113
0.304052   0.329375   0.207984
-0.441212   -0.450431   0.0702052
0.322623   -0.0880719   0.0433844
0.429562   0.272451   -0.0433755
-0.013593   0.0351396   -0.344672
0.326467   -0.230465   -0.336171
0.479986   0.0619259   -0.134784
0.347326   -0.193403   0.240499
-0.248194   0.266246   -0.218518
-0.11371   0.190932   0.158005
0.0835447   0.192794   0.00250555
-0.11482   -0.0337532   -0.196081
-0.0164291   0.337209   0.463407
0.431855   0.377106   -0.446137
-0.0919747   -0.152077   0.241527
0.146896   -0.348083   -0.484224
0.328115   -0.427977   -0.323546
0.222848   0.455893   -0.464629
