-0.267626   0.460864   0.369691
-0.100238   -0.383357   0.368433
-0.248334   -0.383202   -0.459766
-0.0965573   0.451992   -0.474771
0.0499564   0.459879   0.347301
0.22973   -0.375362   0.364846
0.0748952   -0.39497   -0.464323
0.22321   0.4481   -0.462897
0.398304   0.449375   0.377134
-0.451255   -0.377559   0.338271
0.411704   -0.377649   -0.478102
-0.438173   0.46387   -0.462775
-0.265262   -0.232999   0.367984
-0.0961309   -0.0298502   0.375611
-0.261022   -0.0439857   -0.466555
-0.0934605   -0.21071   -0.485481
0.0701277   -0.218579   0.361564
0.244258   -0.0476628   0.352624
0.0743964   -0.0541542   -0.486229
0.250566   -0.208757   -0.478668
0.414147   -0.200615   0.346979
-0.421781   -0.0420202   0.362959
0.421065   -0.0702774   -0.486714
-0.425952   -0.211347   -0.479013
-0.251094   0.135417   0.359695
-0.0895344   0.293504   0.36052
-0.253082   0.277577   -0.468486
-0.0852573   0.106452   -0.455646
0.0658452   0.117951   0.350065
0.238679   0.298704   0.371395
0.066466   0.278987   -0.477162
0.236072   0.120935   -0.464533
0.3961   0.118248   0.383913
-0.427197   0.297495   0.377676
0.414395   0.297635   -0.458625
-0.429511   0.123323   -0.478721
-0.248512   0.448249   -0.302436
-0.0819622   -0.402836   -0.314373
-0.251593   -0.376727   -0.151194
-0.0778084   0.455101   -0.145418
0.0727494   0.446041   -0.310401
0.251837   -0.383909   -0.3286
0.0721453   -0.377648   -0.170438
0.255024   0.448187   -0.151918
0.413588   0.47582   -0.306419
-0.411048   -0.378029   -0.292696
0.395311   -0.375762   -0.141408
-0.426487   0.441213   -0.139437
-0.26749   -0.202789   -0.303176
-0.0956776   -0.0476636   -0.302612
-0.27681   -0.0436578   -0.139484
-0.085309   -0.204503   -0.150562
0.0886704   -0.198528   -0.32115
0.25458   -0.046984   -0.319369
0.0829063   -0.0606168   -0.150803
0.243258   -0.209175   -0.138431
0.406878   -0.218599   -0.30207
-0.442028   -0.0536992   -0.319812
0.411142   -0.0503112   -0.12815
-0.417862   -0.214466   -0.133995
-0.27261   0.12214   -0.309786
-0.0881434   0.283056   -0.306704
-0.232878   0.282594   -0.141151
-0.0877   0.114244   -0.165768
0.0938528   0.125077   -0.309333
0.262082   0.27601   -0.311044
0.0717426   0.289394   -0.154618
0.244937   0.104937   -0.128514
0.415513   0.101837   -0.299909
-0.419033   0.293725   -0.308938
0.407646   0.273801   -0.15079
-0.419595   0.1197   -0.146854
-0.261147   0.470844   0.0206418
-0.0793815   -0.404881   0.0192843
-0.26462   -0.380304   0.196482
-0.0985814   0.449503   0.178581
0.104521   0.423816   0.0166829
0.205355   -0.377834   0.0259019
0.0633212   -0.37793   0.195436
0.261447   0.452338   0.194223
0.406406   0.43332   0.0261289
-0.432702   -0.365326   0.0206942
0.390496   -0.366924   0.188063
-0.421431   0.449357   0.187741
-0.248389   -0.214927   0.00235118
-0.098519   -0.0469026   0.0121122
-0.258904   -0.0352755   0.202066
-0.105869   -0.209302   0.207912
0.0409753   -0.209656   0.0389977
0.223727   -0.0438764   0.0180055
0.0558923   -0.0223983   0.200014
0.219775   -0.212064   0.206656
0.405776   -0.218775   0.019382
-0.423615   -0.0412498   0.0311453
0.406113   -0.0633669   0.188323
-0.408174   -0.218164   0.181057
-0.242646   0.132939   0.0127063
-0.08383   0.284548   0.0173277
-0.267598   0.27339   0.194292
-0.0999897   0.137714   0.198083
0.0825228   0.13467   0.0263688
0.266076   0.273068   0.0402173
0.0791995   0.296838   0.20306
0.245529   0.106822   0.20267
0.400239   0.106832   0.0327047
-0.434694   0.264119   0.0260116
0.400566   0.28529   0.212207
-0.451556   0.135094   0.222214
