           1     1.99594     1.99594           0
           2     2.03764     2.01679   0.0208499
           3     2.08023     2.03794   0.0243335
           4     2.07704     2.04771    0.019789
           5     2.07769     2.05371   0.0164591
           6     2.05347     2.05367   0.0134388
           7     2.09652     2.05979   0.0129022
           8     2.07842     2.06212   0.0114136
           9     2.12258     2.06884   0.0121016
          10     2.11708     2.07366   0.0118504
          11     2.14861     2.08047   0.0127015
          12     2.00934     2.07455   0.0130224
          13      1.9997     2.06879   0.0132907
          14     2.04816     2.06732   0.0123927
          15     2.06729     2.06731    0.011537
          16     2.04083     2.06566    0.010918
          17     2.07472     2.06619   0.0102695
          18     2.07171      2.0665  0.00968706
          19     2.04625     2.06543  0.00922484
          20     2.07955     2.06614  0.00877987
          21     2.13293     2.06932  0.00893654
          22     2.04271     2.06811   0.0086061
          23     2.00627     2.06542  0.00865181
          24     2.06811     2.06553  0.00828423
          25     2.07985     2.06611  0.00796658
          26     2.09237     2.06712  0.00772043
          27     2.06385     2.06699  0.00742997
          28     2.02322     2.06543   0.0073284
          29     2.06947     2.06557  0.00707256
          30     2.07131     2.06576  0.00683541
          31     2.08786     2.06647  0.00664955
          32     2.02536     2.06519  0.00656537
          33     2.11739     2.06677  0.00655699
          34     2.13138     2.06867  0.00663898
          35     2.04616     2.06803   0.0064785
          36     2.08577     2.06852  0.00631524
          37     2.18719     2.07173  0.00692913
          38     2.12166     2.07304  0.00687112
          39     2.16621     2.07543  0.00710617
          40     2.09848     2.07601  0.00695016
          41     2.05365     2.07546  0.00680042
          42     2.05546     2.07499   0.0066536
          43     2.07798     2.07506  0.00649739
          44     2.15525     2.07688  0.00660449
          45     2.11786     2.07779  0.00651998
          46     2.03466     2.07685  0.00644521
          47     2.08072     2.07693  0.00630713
          48      2.1352     2.07815  0.00629253
          49     2.14774     2.07957   0.0063243
          50     2.11408     2.08026  0.00623485
          51     2.06643     2.07999  0.00611738
          52     2.07679     2.07993   0.0059989
          53     2.04718     2.07931  0.00591697
          54      2.0481     2.07873  0.00583505
          55     2.05158     2.07824  0.00574921
          56     2.02384     2.07726  0.00572857
          57     2.07201     2.07717  0.00562793
          58     2.08239     2.07726  0.00553077
          59     2.13394     2.07822  0.00552044
          60     2.07256     2.07813  0.00542847
          61      2.0841     2.07823  0.00533963
          62     1.98652     2.07675   0.0054571
          63     2.02863     2.07598  0.00542384
          64     1.99223     2.07468  0.00549648
          65     2.05158     2.07432  0.00542292
          66     2.10304     2.07475  0.00535782
          67     2.12229     2.07546  0.00532473
          68     2.07033     2.07539  0.00524639
          69     2.11891     2.07602  0.00520812
          70     2.06309     2.07583  0.00513651
          71     2.14223     2.07677  0.00514927
          72     2.10762      2.0772   0.0050953
          73     2.07898     2.07722  0.00502507
          74     2.09764      2.0775  0.00496437
          75     2.14355     2.07838  0.00497629
          76     2.08231     2.07843  0.00491065
          77      2.0924     2.07861  0.00484985
          78     2.02548     2.07793  0.00483549
          79     2.17501     2.07916  0.00492952
          80     2.07898     2.07916  0.00486751
          81     2.09789     2.07939   0.0048126
          82     2.09659      2.0796  0.00475818
          83     2.03517     2.07906  0.00473088
          84     2.06244     2.07887  0.00467841
          85     2.11354     2.07927  0.00464101
          86     2.05281     2.07897  0.00459703
          87     2.10962     2.07932  0.00455753
          88     2.04481     2.07893  0.00452247
          89     1.98624     2.07788  0.00459104
          90     2.07061      2.0778  0.00454046
          91     2.04928     2.07749  0.00450122
          92     2.02663     2.07694  0.00448621
          93     2.03257     2.07646  0.00446328
          94     2.09612     2.07667   0.0044205
          95     2.08404     2.07675  0.00437441
          96     2.10214     2.07701  0.00433668
          97     2.06885     2.07693  0.00429256
          98     2.06569     2.07681  0.00425008
          99     2.16574     2.07771  0.00430176
         100     2.12835     2.07822  0.00428853
