   0.0128248           0           0
   0.0384745           0           0
   0.0641241           0           0
   0.0897737           0           0
    0.115423           0           0
    0.141073           0           0
    0.166723           0           0
    0.192372           0           0
    0.218022           0           0
    0.243672           0           0
    0.269321           0           0
    0.294971           0           0
     0.32062           0           0
     0.34627           0           0
     0.37192           0           0
    0.397569           0           0
    0.423219           0           0
    0.448869           0           0
    0.474518           0           0
    0.500168           0           0
    0.525818           0           0
    0.551467           0           0
    0.577117           0           0
    0.602767           0           0
    0.628416           0           0
    0.654066           0           0
    0.679715           0           0
    0.705365           0           0
    0.731015           0           0
    0.756664           0           0
    0.782314           0           0
    0.807964           0           0
    0.833613           0           0
    0.859263 1.65344e-05 2.31941e-06
    0.884913  0.00126443 2.44141e-05
    0.910562   0.0240691 0.000107407
    0.936212    0.165293 0.000346295
    0.961861    0.562957  0.00076291
    0.987511      1.2005  0.00116378
     1.01316     1.86254  0.00128175
     1.03881     2.33769  0.00123428
     1.06446     2.55247 0.000990712
     1.09011     2.54894 0.000901611
     1.11576     2.40776 0.000955648
     1.14141     2.19919 0.000926339
     1.16706     1.97313 0.000921724
     1.19271     1.75485 0.000995584
     1.21836     1.55979 0.000943878
     1.24401     1.38868 0.000864508
     1.26966     1.24523  0.00079084
     1.29531     1.12433 0.000767448
     1.32096       1.024 0.000704613
     1.34661    0.940918 0.000562209
     1.37226    0.872806 0.000495504
     1.39791    0.817672  0.00043213
     1.42355    0.773295 0.000432327
      1.4492    0.737817 0.000523372
     1.47485    0.711146 0.000466582
      1.5005    0.691292 0.000524781
     1.52615    0.678454 0.000458629
      1.5518    0.672176 0.000523709
     1.57745    0.671211 0.000472797
      1.6031    0.675927 0.000486717
     1.62875    0.686615  0.00053709
      1.6544    0.702403 0.000492333
     1.68005    0.723735 0.000481069
      1.7057    0.749785 0.000496739
     1.73135    0.780587 0.000513923
       1.757    0.815138 0.000509407
     1.78265    0.853137 0.000522103
      1.8083     0.89328 0.000503398
     1.83395    0.935618 0.000527561
      1.8596    0.977675 0.000568249
     1.88525     1.01882 0.000542067
      1.9109     1.05852 0.000521271
     1.93655     1.09529 0.000513493
      1.9622     1.13013 0.000465875
     1.98785     1.16066 0.000452238
      2.0135     1.18533 0.000429507
     2.03915     1.20349 0.000426664
      2.0648     1.21295 0.000436351
     2.09045     1.21431 0.000460423
      2.1161     1.20835   0.0004886
     2.14174     1.19425 0.000471598
     2.16739     1.17449  0.00052074
     2.19304      1.1504 0.000501289
     2.21869     1.12421 0.000497323
     2.24434      1.0954 0.000558722
     2.26999     1.06746 0.000544763
     2.29564      1.0384 0.000502621
     2.32129     1.01193 0.000435681
     2.34694    0.988426 0.000390901
     2.37259    0.966503 0.000422853
     2.39824    0.947782 0.000414604
     2.42389    0.931181 0.000412654
     2.44954    0.918819 0.000405327
     2.47519    0.909002  0.00039798
     2.50084    0.895494 0.000390608
     2.52649    0.886109 0.000363071
     2.55214    0.886013 0.000399737
