           1    -5.05047    -5.05047           0
           2    -5.04747    -5.04897  0.00150197
           3    -5.03642    -5.04478  0.00427268
           4    -5.04005     -5.0436  0.00324466
           5    -5.03568    -5.04202  0.00297091
           6    -5.03782    -5.04132  0.00252445
           7    -5.03392    -5.04026  0.00238101
           8    -5.03768    -5.03994  0.00208709
           9     -5.0314    -5.03899  0.00207083
          10    -5.02871    -5.03796  0.00211816
          11    -5.02699    -5.03696  0.00215999
          12    -5.04802    -5.03789  0.00217638
          13    -5.04894    -5.03874  0.00217506
          14    -5.04105     -5.0389  0.00202051
          15    -5.03984    -5.03896  0.00188202
          16    -5.04356    -5.03925  0.00178379
          17    -5.03664     -5.0391  0.00168262
          18    -5.03623    -5.03894  0.00159438
          19    -5.04155    -5.03908  0.00151439
          20    -5.03847    -5.03905  0.00143699
          21     -5.0263    -5.03844  0.00149549
          22    -5.04009    -5.03851  0.00142787
          23    -5.04446    -5.03877  0.00138866
          24     -5.0367    -5.03869  0.00133235
          25    -5.03595    -5.03858  0.00128263
          26    -5.03795    -5.03855  0.00123254
          27    -5.03996     -5.0386  0.00118716
          28    -5.04852    -5.03896  0.00119749
          29    -5.04024      -5.039  0.00115631
          30    -5.03809    -5.03897  0.00111752
          31    -5.03379    -5.03881  0.00109373
          32    -5.04745    -5.03908  0.00109293
          33    -5.03021    -5.03881  0.00109283
          34    -5.02672    -5.03845  0.00111825
          35      -5.041    -5.03852  0.00108826
          36    -5.03382    -5.03839  0.00106566
          37    -5.01236    -5.03769  0.00125276
          38     -5.0273    -5.03742  0.00124964
          39    -5.02483    -5.03709  0.00125926
          40    -5.03101    -5.03694  0.00123675
          41    -5.03904    -5.03699  0.00120729
          42    -5.04143     -5.0371  0.00118293
          43    -5.03869    -5.03713  0.00115569
          44    -5.02092    -5.03677  0.00118777
          45    -5.03187    -5.03666  0.00116615
          46    -5.04596    -5.03686  0.00115832
          47    -5.03622    -5.03685  0.00113349
          48    -5.02983     -5.0367   0.0011192
          49    -5.02333    -5.03643  0.00112958
          50    -5.02968    -5.03629  0.00111496
          51    -5.03901    -5.03635  0.00109418
          52    -5.03338    -5.03629  0.00107445
          53     -5.0423     -5.0364  0.00106007
          54    -5.03823    -5.03644   0.0010408
          55    -5.03967    -5.03649   0.0010234
          56    -5.04039    -5.03656  0.00100736
          57    -5.03593    -5.03655 0.000989595
          58    -5.03458    -5.03652 0.000972976
          59    -5.02522    -5.03633 0.000975315
          60    -5.03138    -5.03625 0.000962459
          61    -5.03421    -5.03621  0.00094714
          62    -5.05382     -5.0365 0.000974076
          63    -5.03997    -5.03655 0.000960076
          64    -5.05073    -5.03677 0.000970596
          65    -5.04233    -5.03686 0.000959358
          66    -5.03456    -5.03682 0.000945352
          67    -5.02868     -5.0367  0.00093904
          68    -5.03899    -5.03674 0.000925737
          69    -5.02697    -5.03659 0.000923142
          70    -5.04052    -5.03665  0.00091159
          71    -5.02524    -5.03649 0.000912923
          72    -5.02973     -5.0364 0.000905037
          73    -5.03957    -5.03644 0.000893609
          74    -5.03291    -5.03639 0.000882738
          75     -5.0282    -5.03628 0.000877707
          76    -5.03569    -5.03627 0.000866116
          77    -5.03566    -5.03627 0.000854831
          78    -5.04826    -5.03642 0.000857704
          79    -5.01727    -5.03618 0.000880794
          80    -5.03719    -5.03619 0.000869806
          81    -5.03062    -5.03612  0.00086175
          82    -5.02943    -5.03604 0.000855082
          83    -5.04159    -5.03611 0.000847361
          84    -5.04261    -5.03618 0.000840782
          85     -5.0274    -5.03608 0.000837227
          86    -5.04508    -5.03619  0.00083402
          87    -5.03275    -5.03615 0.000825324
          88    -5.04276    -5.03622 0.000819343
          89    -5.05508    -5.03643 0.000837345
          90     -5.0349    -5.03642 0.000828164
          91    -5.04235    -5.03648 0.000821607
          92    -5.04738     -5.0366  0.00082122
          93    -5.04756    -5.03672 0.000820848
          94    -5.03237    -5.03667 0.000813383
          95    -5.03508    -5.03665 0.000804949
          96    -5.03424    -5.03663 0.000796916
          97    -5.03927    -5.03666 0.000789127
          98    -5.03911    -5.03668 0.000781434
          99     -5.0179    -5.03649 0.000796427
         100     -5.0268    -5.03639 0.000794352
