7.77386
8.06911
7.9757
8.05729
7.57001
7.99559
8.05027
8.45834
8.45251
8.13837
7.87303
7.72726
7.36205
7.18104
7.28752
7.70702
7.90231
8.3172
8.09383
8.57568
8.42428
8.329
8.11186
7.97432
7.62677
7.75285
7.47509
7.62121
7.56577
7.48775
7.59967
7.69062
7.57924
7.72322
8.02072
8.21407
7.97786
7.98222
7.63265
7.37656
7.44024
7.9824
8.23323
7.50061
7.7816
7.90725
8.0122
7.71025
7.49521
7.55317
8.0606
7.8457
7.71761
8.02516
7.62042
7.21877
6.56065
6.72455
6.43579
6.84939
6.71666
7.11952
7.26461
7.1921
7.71116
7.76321
7.80178
7.72183
7.56948
7.70602
7.37352
7.49842
7.63305
7.30742
7.40085
7.91606
7.66458
6.89125
6.6124
7.0081
6.87137
6.9811
6.63358
6.72633
7.44393
7.2289
7.13843
7.37027
7.53026
7.85136
7.83087
7.81769
7.67342
7.97859
7.67395
7.79602
8.29624
8.34753
8.33511
8.34098
8.57715
8.78658
8.90246
8.78288
8.61087
7.95231
7.85372
8.09697
8.30067
8.18306
7.76288
7.33583
7.16229
7.50935
7.18119
6.85603
6.62367
6.93096
7.03256
7.41975
7.80619
7.46256
7.60939
7.50724
7.44585
7.25524
6.8892
7.29045
7.36969
6.7759
7.07104
6.98601
6.86734
6.40852
7.29537
7.15288
6.96127
7.05118
7.34777
7.81557
7.01514
6.8847
7.10038
7.09252
6.92551
7.59992
7.56837
7.58645
7.26487
7.03797
7.22499
7.54289
7.29207
7.43525
7.34957
7.50032
7.81725
7.46817
8.50938
8.12338
7.84287
7.93184
8.2085
7.67513
7.7544
7.85339
7.72165
8.04977
7.62085
7.89091
7.33086
7.42935
7.01494
7.17151
7.04714
7.39636
7.28219
6.98883
6.99292
6.82661
7.10093
6.70089
7.21386
8.07754
7.92744
8.03146
8.27151
8.03353
7.97808
8.24155
8.45109
8.37288
7.78734
7.15164
7.77205
7.58699
7.82443
7.36404
7.23388
7.28772
7.11404
7.55358
7.48898
7.46301
7.54982
7.69779
7.84619
7.70448
7.59421
7.79054
7.4413
8.01362
8.20805
7.88673
7.96124
7.72687
7.54497
8.23208
7.84521
7.34667
7.45659
7.34949
7.18799
7.01312
6.93575
6.77795
6.73009
6.70526
6.83661
7.04836
7.30291
7.23235
7.31494
6.97423
7.37638
7.19846
7.12721
7.64352
7.95717
8.13294
7.94068
7.8335
7.75197
7.81087
8.17262
8.42458
8.41838
7.93913
8.50636
8.30571
8.3982
8.38218
8.00956
7.60996
7.33096
7.47361
7.64738
7.769
7.42044
7.15943
6.98211
6.96634
7.2805
7.35905
7.7444
7.77575
7.68296
7.8329
7.71282
8.00231
8.5509
8.32023
7.98462
7.85851
7.65627
7.67298
7.82376
7.87516
8.52759
8.43559
7.87309
7.74676
7.90823
7.58428
7.39961
7.80889
7.45716
7.80201
8.09973
8.19811
8.05909
7.66709
7.73419
7.85681
7.8691
8.46708
7.92594
7.96573
7.38311
7.44216
7.52973
7.41965
7.0695
7.81275
7.72566
7.69413
7.80469
8.35954
8.18138
7.87786
7.68297
7.72881
7.35892
7.3653
7.52865
7.21502
7.02134
7.14525
7.0839
6.86396
7.39395
7.53108
7.91246
7.56525
7.42445
7.49208
7.8538
7.65617
7.52888
7.62023
7.5251
6.98728
7.18048
7.26791
7.63745
7.78699
7.37652
7.49515
7.33323
6.92223
6.85512
6.70894
6.74573
6.85325
7.12288
6.89005
7.32733
7.64209
7.08484
6.93059
7.21253
7.13247
6.83907
7.23618
7.87161
7.85777
7.84356
7.66826
7.66434
7.39841
7.70294
8.23576
7.41029
7.15225
7.03063
7.04454
7.42408
7.01765
6.8213
7.28789
7.27563
7.30259
7.26471
7.17816
7.49688
7.52555
7.00823
7.09403
6.99297
6.94192
6.95669
6.80596
6.80467
6.74427
6.19121
6.48391
6.96418
7.13066
6.73017
6.76732
7.02122
7.32878
7.62001
7.90432
7.70296
7.7002
7.11009
6.79265
6.54269
6.91431
6.75102
6.97462
6.73997
6.88989
6.95519
6.74993
6.56278
6.26339
6.19887
5.86919
6.18787
6.27577
6.10042
6.28191
6.61593
6.36385
6.82674
6.84218
7.24936
7.06481
6.94535
6.29723
6.67953
6.69601
6.64957
6.88173
7.37654
7.40517
7.5115
7.32049
7.55005
7.68488
7.59747
7.83179
7.617
7.48069
8.21704
8.09196
8.07775
8.03055
7.97781
7.68455
7.69531
7.61566
7.50011
7.40389
7.63551
7.39777
7.98112
7.88497
7.86893
7.35376
7.1916
7.63414
7.56991
7.71652
7.86753
8.28077
7.72262
7.84979
7.92254
7.98476
7.75521
7.45698
7.18495
7.18634
7.34014
6.91027
7.06039
6.81932
7.16467
7.05908
7.42786
7.61288
7.69454
7.73912
7.68397
7.26039
7.08377
7.43126
7.49367
7.37681
7.52912
7.80423
7.84764
7.45815
7.79365
7.30727
7.5249
7.77162
7.42323
8.36763
8.12631
7.99977
8.01059
7.8708
7.43392
7.16611
7.30935
7.32964
.54804
-7.56558
-7.58534
-7.54067
-7.58149
-7.47575
-7.48892
-7.50115
-7.59179
-7.61204
-7.53764
-7.55042
-7.51919
-7.49549
-7.42228
-7.51988
-7.49588
-7.48093
-7.469
-7.50481
-7.56317
-7.61291
-7.62126
-7.5908
-7.6628
-7.63314
-7.67485
-7.6144
-7.63116
-7.57577
-7.54066
-7.52274
-7.51494
-7.52742
-7.60148
-7.63585
-7.57108
-7.56201
-7.58536
-7.55482
-7.51041
-7.50289
-7.5704
-7.50705
-7.59437
-7.55802
-7.50836
-7.58165
-7.41486
-7.45635
-7.48357
-7.48184
-7.51072
-7.58184
-7.6291
-7.59904
-7.59367
