1.19949
1.19854
1.19724
1.19567
1.19391
1.19202
1.19008
1.18815
1.18626
1.18444
1.1827
1.18101
1.17933
1.1776
1.17576
1.17374
1.17154
1.16915
1.16667
1.16424
1.1621
1.16047
1.1596
1.15966
1.1607
1.16265
1.16534
1.16856
1.17208
1.17569
1.17927
1.18271
1.18598
1.18907
1.192
1.19479
1.19745
1.20001
1.20245
1.20477
1.20693
1.20887
1.2105
1.21175
1.2125
1.21266
1.21214
1.21094
1.20914
1.20694
1.20464
1.20262
1.20117
1.20039
1.20013
1.19999
1.19949
1.19822
1.19598
1.19286
1.18928
1.18594
1.18369
1.1833
1.18529
1.18979
1.19646
1.20466
1.2136
1.2225
1.23075
1.23797
1.24399
1.24879
1.2524
1.25493
1.25643
1.25698
1.25661
1.25537
1.25329
1.25048
1.24706
1.24326
1.23936
1.23568
1.2325
1.23003
1.22832
1.22724
1.22658
1.2261
1.22559
1.22497
1.22427
1.2236
1.22312
1.223
1.22336
1.22423
1.2256
1.22736
1.22934
1.23138
1.23332
1.23505
1.2365
1.23769
1.23867
1.23951
1.24028
1.24102
1.24173
1.24235
1.24281
1.24302
1.24288
1.2423
1.24121
1.23957
1.23734
1.23456
1.2313
1.22769
1.22394
1.22037
1.21733
1.2152
1.21428
1.21471
1.21647
1.21932
1.22293
1.22689
1.23088
1.23462
1.23793
1.24074
1.24301
1.24477
1.24606
1.24696
1.24755
1.24788
1.24805
1.24811
1.24815
1.24821
1.24838
1.2487
1.24922
1.24996
1.25094
1.25213
1.25346
1.25484
1.25616
1.2573
1.25812
1.25847
1.25823
1.25723
1.25531
1.25231
1.24806
1.24256
1.23605
1.22917
1.22298
1.21865
1.21684
1.21734
1.21908
1.22073
1.22122
1.22011
1.21758
1.21436
1.2116
1.21048
1.21185
1.21581
1.22174
1.22851
1.23497
1.24023
1.24379
1.24554
1.24568
1.24466
1.24309
1.24162
1.24088
1.2413
1.243
1.24586
1.24951
1.25351
1.25743
1.26094
1.26386
1.26609
1.26763
1.26858
1.26904
1.2692
1.26923
1.26933
1.26966
1.27032
1.27133
1.27262
1.27405
1.27545
1.27665
1.27754
1.27809
1.27834
1.27837
1.27831
1.27831
1.2785
1.27897
1.27981
1.28107
1.28272
1.28469
1.28687
1.28909
1.29121
1.2931
1.29464
1.2958
1.29658
1.297
1.29715
1.29709
1.29691
1.29667
1.29644
1.29623
1.29602
1.29577
1.29543
1.29498
1.29444
1.29387
1.2934
1.29319
1.29335
1.294
1.29516
1.2968
1.2988
1.301
1.30322
1.3053
1.30707
1.30843
1.30932
1.30972
1.30965
1.30918
1.30837
1.30732
1.30611
1.30484
1.30362
1.30256
1.30179
1.30144
1.30161
1.30239
1.30379
1.30579
1.30827
1.3111
1.3141
1.3171
1.31995
1.32251
1.32464
1.32626
1.32726
1.32754
1.32703
1.32566
1.32345
1.32047
1.31694
1.31319
1.30966
1.30682
1.30507
1.30467
1.30568
1.3079
1.311
1.31452
1.31797
1.32094
1.3231
1.32425
1.32431
1.32335
1.32149
1.31892
1.31589
1.31259
1.30924
1.30597
1.3029
1.30008
1.29755
1.29529
1.29328
1.29149
1.28987
1.28839
1.28707
1.28596
1.28515
1.28477
1.28494
1.28577
1.28727
1.28935
1.29179
1.29427
1.2965
1.29823
1.29935
1.29991
1.30009
1.30005
1.29993
1.29972
1.29929
1.29843
1.29697
1.29483
1.29212
1.28928
1.28698
1.28604
1.28707
1.29017
1.29486
1.30033
1.30575
1.31052
1.31433
1.31712
1.31895
1.31994
1.32022
1.31991
1.31914
1.31801
1.31668
1.31528
1.31397
1.31289
1.31218
1.31192
1.31214
1.31281
1.31386
1.31515
1.31656
1.31795
1.31921
1.32022
1.32091
1.32121
1.32105
1.32037
1.31908
1.31714
1.31451
1.31122
1.30735
1.3031
1.29879
1.29483
1.2917
1.28986
1.28969
1.29137
1.29481
1.2997
1.30557
1.3119
1.3182
1.32409
1.32933
1.33376
1.33732
1.34
1.3418
1.34274
1.3428
1.34194
1.34008
1.3371
1.33287
1.32725
1.32015
1.31158
1.30178
1.29132
1.28121
1.27272
1.26706
1.26478
1.2656
1.26868
1.27308
1.27817
1.28364
1.28931
1.295
1.30044
1.30528
1.30916
1.31175
1.31288
1.31261
1.31129
1.30946
1.30782
1.307
1.30744
1.30931
1.3125
1.31668
1.32142
1.32624
1.33072
1.3345
1.3373
1.33895
1.33937
1.33858
1.33667
1.33383
1.33028
1.3263
1.32217
1.31814
1.31439
1.31104
1.30816
1.30573
1.30374
1.30214
1.30084
1.29974
1.29872
1.29764
1.29643
1.29501
1.29338
1.29153
1.28952
1.28746
1.28554
1.28399
1.28312
1.2832
1.28445
1.28703
1.29099
1.29624
1.3025
1.30929
1.31601
1.32207
1.32697
1.33038
1.33217
1.33242
1.33138
1.32947
1.32718
1.32506
1.32355
1.32297
1.32339
1.32473
1.32672
1.32903
1.33136
1.33347
1.33518
1.33642
1.33711
1.33723
1.3367
1.33549
1.33357
1.33099
1.32789
1.32456
1.32131
1.31843
1.31603
1.31399
1.31208
1.31004
1.30779
1.3054
1.30316
1.30135
1.3002
1.29978
1.29998
1.30064
1.30159
1.30277
1.30416
1.3058
1.30775
1.31002
1.31263
1.31559
1.31886
1.32239
1.32606
1.3297
1.3331
1.33603
1.33828
1.33969
1.34022
1.33997
1.33921
1.33838
1.33798
1.33842
1.33995
1.34256
1.346
1.3499
1.35388
1.35761
1.36083
1.3634
1.36518
1.36609
1.36605
1.36502
1.363
1.36012
1.35662
1.35292
1.3495
1.34684
1.34526
1.34481
1.34532
1.34648
1.34799
1.34966
1.35139
1.35318
1.35503
1.35696
1.35899
1.36116
1.36351
1.36608
1.36886
1.37177
1.37465
1.37727
1.37937
1.38067
1.38095
1.38001
1.37774
1.37415
1.36934
1.36351
1.35698
1.35016
1.34352
1.33752
1.33255
1.32873
1.32587
1.32354
1.3213
1.31892
1.31651
1.31442
1.31313
1.31307
1.31454
1.3176
1.32206
1.32752
1.33344
1.33924
1.34442
1.34861
1.35163
1.35341
1.35401
1.35357
1.35224
1.35019
1.34759
1.34456
1.34119
1.33753
1.33357
1.32928
1.32473
1.32018
1.31624
1.31384
1.31392
1.31695
1.32258
1.32976
1.33724
1.34395
1.34926
1.35294
1.355
1.3556
1.35502
1.35362
1.35184
1.35014
1.34893
1.34842
1.34864
1.34945
1.35067
1.35221
1.35402
1.35603
1.35805
1.35971
1.36053
1.36004
1.35795
1.35437
1.34985
1.34543
1.34238
1.3417
1.34368
1.34782
1.35308
1.35841
1.36301
1.36647
1.36863
1.36957
1.36947
1.36858
1.36716
1.36546
1.36368
1.36197
1.36039
1.35892
1.35748
1.35592
1.3541
1.35197
1.34968
1.34769
1.34677
1.3477
1.35085
1.3558
1.36155
1.36688
1.3709
1.37317
1.37365
1.37257
1.37028
1.36715
1.36354
1.35975
1.35601
1.35254
1.34949
1.34703
1.34533
1.34457
1.34488
1.34625
1.34852
1.35134
1.35428
1.35694
1.35908
1.36069
1.36205
1.36358
1.36572
1.36878
1.3728
1.37755
1.38267
1.38769
1.39223
1.39598
1.39869
1.40022
1.40042
1.39918
1.39644
1.39216
1.38651
1.37985
1.37282
1.36627
1.36094
1.35722
1.35499
1.35369
1.35267
1.35147
1.35001
1.34856
1.34761
1.34756
1.34848
1.35001
1.35147
1.35211
1.35129
1.34867
1.34422
1.33818
1.3311
1.32375
1.31703
1.3118
1.30868
1.30789
1.30917
1.31187
1.31514
1.3181
1.32008
1.32065
1.31971
1.31748
1.31444
1.31127
1.30863
1.30699
1.30646
1.30686
1.30785
1.30915
1.31057
1.31203
1.31348
1.31485
1.31606
1.31697
1.31746
1.31743
1.31684
1.31572
1.31414
1.31226
1.31025
1.30829
1.30659
1.30528
1.30445
1.30408
1.30406
1.30422
1.30434
1.30422
1.30364
1.30243
1.30048
1.29769
1.29409
1.28978
1.285
1.28012
1.27562
1.27196
1.26946
1.26822
1.26806
1.26865
1.26959
1.27049
1.271
1.27083
1.26974
1.26753
1.26407
1.25938
1.25362
1.24711
1.24039
1.23405
1.22876
1.22506
1.22332
1.22367
1.2259
1.22957
1.23409
1.23889
1.24354
1.24784
1.25181
1.25554
1.25917
1.26278
1.26637
1.26993
1.27346
1.27694
1.28038
1.28374
1.28698
1.29002
1.29279
1.2952
1.29721
1.29874
1.29974
1.30017
1.29996
1.29911
1.29759
1.29545
1.29278
1.28973
1.2865
1.28331
1.28041
1.27799
1.27619
1.27509
1.27466
1.27481
1.27541
1.27629
1.27728
1.27819
1.27887
1.27917
1.27896
1.27815
1.2767
1.27462
1.27197
1.26888
1.26552
1.26208
1.2588
1.25591
1.25362
1.25211
1.25149
1.25177
1.2529
1.25472
1.25706
1.2597
1.26248
1.2653
1.26806
1.27074
1.27331
1.27573
1.27795
1.27989
1.28146
1.28257
1.28315
1.28312
1.28247
1.28119
1.27935
1.27707
1.27454
1.27196
1.26957
1.26759
1.26616
1.26533
1.26502
1.26507
1.26528
1.26541
1.2653
1.26484
1.26399
1.26281
1.26137
1.25981
1.25825
1.25683
1.25562
1.25467
1.25394
1.25339
1.25291
1.25238
1.25165
1.25061
1.24914
1.24717
1.24467
1.24168
1.23828
1.23463
1.23096
1.2275
1.22455
1.22233
1.22104
1.22073
1.22136
1.2228
1.22481
1.22715
1.22958
1.23191
1.23399
1.23572
1.23706
1.23796
1.23845
1.23852
1.23822
1.23759
1.2367
1.23563
1.23446
1.2333
1.23224
1.23135
1.23069
1.23027
1.23007
1.23005
1.23015
1.2303
1.23043
1.23049
1.23044
1.23028
1.23003
1.22974
1.22947
1.22927
1.22917
1.22918
1.22929
1.22947
1.22967
1.22985
1.22996
1.22995
1.22981
1.22954
1.2292
1.2289
1.22877
1.22896
1.22961
1.2308
1.23255
1.23479
1.23741
1.24027
1.2432
1.24601
1.24854
1.25064
1.25216
1.25298
1.253
1.25217
1.25051
1.24817
1.2454
1.24263
1.24035
1.23901
1.23892
1.24009
1.2423
1.24517
1.24828
1.25131
1.25404
1.25634
1.25816
1.2595
1.26036
1.26072
1.26056
1.25984
1.25852
1.25654
1.25388
1.25053
1.24654
1.24205
1.23723
1.23236
1.22775
1.2237
1.22049
1.21825
1.21701
1.21669
1.21714
1.21823
1.21987
1.22203
1.22467
1.22773
1.23111
1.23467
1.23823
1.24163
1.24474
1.24743
1.24962
1.25122
1.25216
1.25236
1.25175
1.25024
1.24778
1.24432
1.23991
1.23465
1.22877
1.22259
1.21655
1.21108
1.2066
1.20341
1.20172
1.20166
1.20323
1.20629
1.21053
1.2155
1.22068
1.22559
1.22988
1.23329
1.23573
1.23717
1.23768
1.23734
1.23627
1.23461
1.23251
1.23015
1.2277
1.22534
1.22323
1.22152
1.22032
1.21969
1.21962
1.22007
1.22092
1.22203
1.22317
1.22412
1.22462
1.22445
1.22346
1.22162
1.21908
1.21625
1.21368
1.21197
1.21153
1.21244
1.2144
1.21692
1.2195
1.22173
1.22337
1.2243
1.22451
1.22407
1.22313
1.22192
1.22071
1.21972
1.21907
1.2187
1.21846
1.21816
1.21775
1.21737
1.2173
1.21786
1.21924
1.22142
1.2242
1.22729
1.23038
1.23321
1.23561
1.23747
1.23875
1.23945
1.23961
1.23928
1.23848
1.23721
1.23547
1.23325
1.23053
1.22736
1.22383
1.22012
1.21653
1.21341
1.21122
1.21037
1.21116
1.21369
1.21783
1.22319
1.22928
1.23556
1.24153
1.24682
1.25116
1.2544
1.25641
1.25716
1.25663
1.25485
1.25191
1.24804
1.24355
1.23893
1.23474
1.23153
1.22975
1.22962
1.23111
1.23389
1.23747
1.24121
1.24445
1.24662
1.24724
1.24608
1.24317
1.23887
1.2339
1.22926
1.22591
1.22439
1.22453
1.22559
1.22665
1.22706
1.22671
1.22599
1.2256
1.22623
1.22833
1.23192
1.23673
1.24235
1.24837
1.2545
1.2606
1.26658
1.27242
1.27805
1.2834
1.28835
1.29277
1.2965
1.29944
1.30148
1.30252
1.30248
1.30127
1.29882
1.29506
1.28999
1.28368
1.27636
1.26852
1.26086
1.25432
1.24982
1.24802
1.24901
1.2523
1.25704
1.26229
1.26738
1.2719
1.27572
1.27886
1.28139
1.28341
1.28498
1.28614
1.28693
1.2874
1.2876
1.28759
1.28746
1.28731
1.28721
1.28723
1.28741
1.28773
1.28814
1.28851
1.28873
1.28864
1.28817
1.28729
1.28611
1.28485
1.28379
1.28316
1.28309
1.2835
1.28416
1.28479
1.28512
1.28496
1.28421
1.28286
1.28094
1.27853
1.27571
1.2726
1.26936
1.26613
1.26308
1.26034
1.25803
1.25619
1.25483
1.2539
1.25335
1.25313
1.25316
1.25341
1.25386
1.2546
1.25576
1.25756
1.26016
1.26357
1.26759
1.2719
1.27609
1.27984
1.28297
1.28541
1.28714
1.28812
1.28826
1.28736
1.28522
1.28166
1.27669
1.27061
1.2642
1.25862
1.25524
1.2551
1.25848
1.26475
1.27273
1.28115
1.28902
1.29572
1.30098
1.30473
1.30702
1.30795
1.30767
1.30637
1.3043
1.30172
1.29893
1.29617
1.29359
1.29121
1.28896
1.28671
1.28435
1.28186
1.27932
1.27685
1.27463
1.27277
1.27131
1.2702
1.26932
1.26854
1.26772
1.26673
1.26552
1.26408
1.26244
1.26069
1.25896
1.25737
1.25603
1.25501
1.25439
1.2542
1.25447
1.25524
1.25654
1.25839
1.26076
1.26356
1.26664
1.2698
1.27285
1.27564
1.27808
1.28014
1.2818
1.28306
1.28389
1.2842
1.28388
1.2828
1.28087
1.27803
1.27432
1.26987
1.26491
1.25977
1.25484
1.25051
1.24711
1.24485
1.24379
1.2438
1.24459
1.24586
1.24726
1.24853
1.24949
1.25002
1.25003
1.24948
1.24836
1.2467
1.24456
1.24204
1.23924
1.23622
1.23303
1.22965
1.22606
1.22227
1.21838
1.21454
1.21096
1.20785
1.20547
1.20418
1.20432
1.20607
1.20921
1.21314
1.21706
1.22028
1.22229
1.22289
1.22205
1.21993
1.21673
1.21275
1.20833
1.20383
1.19968
1.19627
1.19394
1.19285
1.19294
1.19395
1.19547
1.19709
1.1985
1.19947
1.19993
1.19988
1.19936
1.19849
1.19738
1.19617
1.19502
1.19405
1.19338
1.19307
1.19314
1.19353
1.19414
1.19481
1.19541
1.1958
1.19591
1.19572
1.19528
1.1947
1.19413
1.19372
1.19356
1.19372
1.19416
1.19484
1.19565
1.1965
1.19733
1.19808
1.19871
1.19921
1.19954
1.19967
1.19954
1.1991
1.19829
1.19707
1.1954
1.19331
1.19082
1.18805
1.18516
1.18239
1.18001
1.17833
1.17756
1.17779
1.17891
1.18068
1.18273
1.18471
1.18633
1.18736
1.18767
1.18718
1.18588
1.18389
1.1815
1.17913
1.1773
1.1764
1.1766
1.17772
1.17943
1.18137
1.1833
1.18512
1.18687
1.18862
1.19041
1.19222
1.19396
1.1955
1.1967
1.19744
1.1977
1.19751
1.19699
1.19634
1.19577
1.1955
1.19565
1.19628
1.19734
1.19874
1.20031
1.20191
1.20339
1.20467
1.2057
1.20648
1.20703
1.20739
1.20759
1.20765
1.20758
1.20736
1.20697
1.20641
1.20569
1.20486
1.20399
1.20312
1.20228
1.2014
1.20034
1.19888
1.19684
1.19409
1.19073
1.1871
1.1838
1.18155
1.18091
1.18204
1.1846
1.18799
1.19155
1.19483
1.19762
1.19988
1.20169
1.20316
1.20436
1.20534
1.20611
1.20666
1.20695
1.20695
1.20666
1.20606
1.20519
1.20406
1.20273
1.20123
1.19962
1.19793
1.19621
1.1945
1.19284
1.19123
1.18968
1.18816
1.1866
1.18496
1.18322
1.18143
1.17973
1.1783
1.17735
1.17707
1.17752
1.17865
1.18034
1.1824
1.1847
1.18716
1.18975
1.19249
1.19539
1.19841
1.20149
1.20452
1.20737
1.20993
1.21211
1.21385
1.21509
1.21584
1.21609
1.21587
1.21521
1.21414
1.21269
1.21087
1.20868
1.2061
1.20308
1.19959
1.19563
1.19125
1.18656
1.18175
1.17707
1.17276
1.16907
1.16617
1.16418
1.16313
1.16305
1.16392
1.16566
1.16816
1.17124
1.17469
1.17828
1.18183
1.18524
1.18842
1.19138
1.19409
1.19657
1.19882
1.20083
1.2026
1.20412
1.20539
1.20642
1.20721
1.20779
1.20819
1.20843
1.20857
1.20866
1.20875
1.20887
1.20907
1.20934
1.20966
1.20996
1.21014
1.21004
1.20945
1.20813
1.20581
1.20226
1.19744
1.19158
1.18535
1.17982
1.17612
1.17491
1.17606
1.17881
1.18222
1.18558
1.18847
1.19075
1.19231
1.19311
1.19307
1.19215
1.19037
1.18785
1.18483
1.18162
1.17862
1.17622
1.17477
1.17452
1.17561
1.17799
1.1815
1.18587
1.19076
1.19578
1.20059
1.20488
1.20843
1.2111
1.21288
1.21383
1.21412
1.21401
1.21382
1.21388
1.21449
1.21581
1.21788
1.22059
1.2237
1.22697
1.23015
1.23308
1.23566
1.23789
1.23978
1.24139
1.24279
1.24401
1.24508
1.24601
1.24679
1.2474
1.24783
1.24806
1.24811
1.24801
1.24779
1.24753
1.2473
1.2472
1.24731
1.2477
1.24844
1.24956
1.25107
1.25295
1.25517
1.25763
1.26021
1.26279
1.26518
1.26719
1.26865
1.26938
1.2693
1.26837
1.26669
1.26446
1.26197
1.25955
1.25748
1.2559
1.25476
1.25384
1.25282
1.2514
1.24943
1.24696
1.24422
1.24161
1.23957
1.23842
1.23832
1.2392
1.24085
1.24304
1.24553
1.24819
1.25094
1.25375
1.25659
1.25944
1.26223
1.2649
1.26743
1.26979
1.27201
1.27412
1.27615
1.27811
1.27999
1.28177
1.28341
1.28483
1.28594
1.28664
1.28683
1.28641
1.2853
1.28342
1.2807
1.27713
1.27277
1.26784
1.26273
1.25803
1.25444
1.25266
1.25313
1.25591
1.2606
1.26642
1.27242
1.27767
1.28147
1.28341
1.28347
1.28193
1.2793
1.27622
1.27332
1.27105
1.26962
1.26892
1.26865
1.26844
1.2679
1.26681
1.2651
1.26288
1.26038
1.25789
1.25572
1.2541
1.25316
1.25292
1.25331
1.25422
1.25549
1.25695
1.25838
1.25953
1.26007
1.2597
1.25821
1.25553
1.25172
1.247
1.24172
1.23626
1.23106
1.22649
1.22289
1.22043
1.21918
1.21906
1.2199
1.22146
1.2235
1.22576
1.22806
1.23023
1.23217
1.23382
1.23514
1.23609
1.23667
1.23687
1.23673
1.23629
1.23565
1.23494
1.2343
1.23387
1.23372
1.23389
1.23433
1.23495
1.23558
1.2361
1.23638
1.23634
1.23595
1.23525
1.23429
1.23316
1.23198
1.23084
1.22986
1.22911
1.22866
1.22855
1.22877
1.22929
1.23002
1.23087
1.23174
1.2325
1.23308
1.23339
1.2334
1.23308
1.23242
1.2314
1.23001
1.22823
1.22601
1.22333
1.22014
1.21639
1.21209
1.20726
1.20199
1.19643
1.19082
1.18545
1.18069
1.17687
1.17428
1.1731
1.17336
1.17496
1.17764
1.18108
1.18486
1.18857
1.1918
1.19421
1.19558
1.19579
1.1949
1.1931
1.19072
1.18819
1.18597
1.18447
1.18399
1.18463
1.18629
1.18871
1.19156
1.19445
1.19705
1.19907
1.20034
1.20078
1.20043
1.19938
1.1978
1.19591
1.1939
1.192
1.1904
1.18925
1.18868
1.18874
1.18941
1.19059
1.19211
1.19375
1.19525
1.19634
1.1968
1.19646
1.19518
1.19292
1.1897
1.18559
1.18073
1.1753
1.16952
1.16365
1.15802
1.15294
1.14879
1.14593
1.14466
1.14523
1.14768
1.15186
1.1574
1.16375
1.17037
1.1768
1.18276
1.18813
1.1929
1.19713
1.20089
1.20418
1.20701
1.20934
1.21112
1.21234
1.21303
1.21321
1.21296
1.21231
1.21128
1.20987
1.20801
1.20563
1.20264
1.19896
1.19455
1.18943
1.1837
1.17759
1.17145
1.16579
1.16112
1.15787
1.15616
1.15576
1.15626
1.15721
1.15839
1.15984
1.16179
1.16454
1.16825
1.17287
1.17817
1.18375
1.18922
1.19424
1.1986
1.20217
1.20491
1.20682
1.20793
1.20828
1.20793
1.20694
