1.79924
1.79781
1.79587
1.79351
1.79086
1.78803
1.78512
1.78222
1.77939
1.77667
1.77405
1.77152
1.769
1.7664
1.76364
1.76062
1.7573
1.75372
1.75
1.74637
1.74314
1.74071
1.73941
1.73949
1.74105
1.74397
1.74801
1.75284
1.75812
1.76354
1.7689
1.77406
1.77897
1.78361
1.788
1.79218
1.79618
1.80001
1.80368
1.80716
1.8104
1.8133
1.81576
1.81763
1.81875
1.81898
1.81821
1.81642
1.81372
1.81041
1.80696
1.80393
1.80176
1.80059
1.80019
1.79998
1.79923
1.79733
1.79397
1.78929
1.78392
1.77891
1.77553
1.77495
1.77794
1.78468
1.79469
1.80699
1.8204
1.83375
1.84612
1.85696
1.86599
1.87318
1.87861
1.88239
1.88465
1.88547
1.88492
1.88305
1.87994
1.87572
1.8706
1.8649
1.85904
1.85351
1.84875
1.84505
1.84248
1.84086
1.83988
1.83915
1.83838
1.83746
1.8364
1.8354
1.83468
1.8345
1.83504
1.83635
1.8384
1.84104
1.84401
1.84708
1.84999
1.85257
1.85475
1.85654
1.858
1.85926
1.86042
1.86153
1.86259
1.86353
1.86422
1.86454
1.86432
1.86345
1.86182
1.85935
1.85602
1.85185
1.84695
1.84153
1.83591
1.83056
1.826
1.8228
1.82141
1.82207
1.82471
1.82899
1.83439
1.84034
1.84632
1.85193
1.8569
1.86111
1.86451
1.86715
1.86909
1.87045
1.87132
1.87182
1.87207
1.87217
1.87222
1.87232
1.87257
1.87305
1.87382
1.87494
1.87641
1.87819
1.88018
1.88226
1.88425
1.88595
1.88717
1.88771
1.88734
1.88585
1.88297
1.87846
1.87209
1.86384
1.85407
1.84375
1.83448
1.82797
1.82526
1.82601
1.82862
1.83109
1.83183
1.83017
1.82636
1.82154
1.8174
1.81573
1.81778
1.82372
1.8326
1.84276
1.85245
1.86034
1.86569
1.86831
1.86853
1.86699
1.86463
1.86243
1.86133
1.86194
1.8645
1.86879
1.87427
1.88026
1.88614
1.89142
1.89579
1.89913
1.90145
1.90287
1.90357
1.9038
1.90385
1.904
1.90449
1.90548
1.907
1.90894
1.91108
1.91318
1.91497
1.91631
1.91714
1.9175
1.91755
1.91747
1.91747
1.91774
1.91845
1.91972
1.9216
1.92408
1.92704
1.9303
1.93364
1.93682
1.93964
1.94196
1.9437
1.94486
1.9455
1.94572
1.94563
1.94536
1.94501
1.94466
1.94434
1.94403
1.94366
1.94315
1.94248
1.94166
1.9408
1.9401
1.93978
1.94003
1.941
1.94275
1.9452
1.94819
1.9515
1.95484
1.95795
1.9606
1.96264
1.96398
1.96458
1.96448
1.96377
1.96256
1.96097
1.95916
1.95726
1.95543
1.95384
1.95269
1.95216
1.95242
1.95358
1.95569
1.95868
1.96241
1.96665
1.97115
1.97566
1.97993
1.98376
1.98697
1.98939
1.99089
1.99131
1.99054
1.9885
1.98517
1.98071
1.97541
1.96979
1.96449
1.96023
1.9576
1.95701
1.95851
1.96185
1.9665
1.97178
1.97696
1.98141
1.98465
1.98637
1.98647
1.98502
1.98223
1.97838
1.97383
1.96889
1.96386
1.95896
1.95435
1.95012
1.94632
1.94293
1.93993
1.93724
1.9348
1.93259
1.93061
1.92894
1.92773
1.92715
1.92742
1.92866
1.93091
1.93403
1.93768
1.94141
1.94475
1.94734
1.94902
1.94987
1.95013
1.95008
1.9499
1.94958
1.94893
1.94765
1.94546
1.94224
1.93819
1.93392
1.93047
1.92907
1.93061
1.93525
1.94229
1.9505
1.95863
1.96578
1.9715
1.97569
1.97843
1.97991
1.98033
1.97987
1.9787
1.97702
1.97502
1.97292
1.97095
1.96934
1.96827
1.96788
1.96821
1.96922
1.97078
1.97273
1.97484
1.97693
1.97881
1.98033
1.98137
1.98182
1.98158
1.98055
1.97862
1.97571
1.97177
1.96683
1.96102
1.95465
1.94819
1.94225
1.93755
1.93479
1.93454
1.93705
1.94221
1.94955
1.95836
1.96784
1.97729
1.98614
1.99399
2.00064
2.00598
2.01
2.0127
2.01411
2.0142
2.01291
2.01012
2.00565
1.99931
1.99088
1.98022
1.96737
1.95267
1.93698
1.92181
1.90908
1.90059
1.89717
1.89841
1.90301
1.90961
1.91725
1.92546
1.93396
1.9425
1.95066
1.95793
1.96374
1.96762
1.96931
1.96892
1.96693
1.9642
1.96174
1.9605
1.96116
1.96396
1.96875
1.97502
1.98213
1.98936
1.99608
2.00175
2.00595
2.00842
2.00906
2.00787
2.00501
2.00074
1.99542
1.98945
1.98326
1.97721
1.97158
1.96657
1.96224
1.9586
1.95562
1.95321
1.95126
1.94961
1.94807
1.94646
1.94464
1.94252
1.94006
1.93729
1.93428
1.93119
1.9283
1.92599
1.92469
1.9248
1.92667
1.93054
1.93649
1.94437
1.95375
1.96393
1.97401
1.9831
1.99045
1.99557
1.99826
1.99863
1.99707
1.9942
1.99077
1.98759
1.98533
1.98445
1.98509
1.98709
1.99007
1.99355
1.99705
2.0002
2.00278
2.00463
2.00567
2.00584
2.00505
2.00324
2.00036
1.99648
1.99184
1.98684
1.98197
1.97765
1.97404
1.97099
1.96812
1.96507
1.96168
1.95811
1.95473
1.95202
1.95031
1.94967
1.94997
1.95096
1.95239
1.95415
1.95623
1.9587
1.96162
1.96503
1.96895
1.97338
1.97829
1.98358
1.98908
1.99454
1.99965
2.00405
2.00742
2.00954
2.01033
2.00995
2.00882
2.00758
2.00697
2.00763
2.00993
2.01383
2.01899
2.02485
2.03082
2.03641
2.04125
2.04509
2.04777
2.04913
2.04908
2.04753
2.0445
2.04018
2.03494
2.02938
2.02425
2.02026
2.01789
2.01722
2.01798
2.01972
2.02199
2.02449
2.02708
2.02976
2.03254
2.03544
2.03848
2.04173
2.04526
2.04911
2.05329
2.05766
2.06198
2.06591
2.06905
2.07101
2.07142
2.07001
2.06661
2.06123
2.05401
2.04527
2.03548
2.02524
2.01528
2.00629
1.99883
1.9931
1.98881
1.98531
1.98195
1.97838
1.97476
1.97163
1.96969
1.96961
1.97182
1.9764
1.98309
1.99128
2.00016
2.00886
2.01663
2.02292
2.02745
2.03012
2.03102
2.03036
2.02836
2.02529
2.02138
2.01683
2.01178
2.00629
2.00035
1.99393
1.9871
1.98027
1.97436
1.97075
1.97087
1.97542
1.98387
1.99465
2.00585
2.01592
2.0239
2.02942
2.0325
2.0334
2.03253
2.03043
2.02776
2.02522
2.0234
2.02264
2.02296
2.02417
2.02601
2.02832
2.03103
2.03404
2.03707
2.03956
2.04079
2.04005
2.03693
2.03155
2.02477
2.01815
2.01357
2.01255
2.01552
2.02173
2.02962
2.03761
2.04452
2.0497
2.05295
2.05436
2.05421
2.05287
2.05074
2.04819
2.04552
2.04295
2.04058
2.03838
2.03622
2.03388
2.03116
2.02796
2.02452
2.02153
2.02015
2.02155
2.02627
2.03371
2.04232
2.05032
2.05635
2.05975
2.06047
2.05885
2.05541
2.05072
2.04531
2.03962
2.03402
2.02881
2.02423
2.02054
2.018
2.01686
2.01732
2.01938
2.02278
2.02701
2.03142
2.03541
2.03862
2.04104
2.04308
2.04536
2.04858
2.05317
2.05919
2.06633
2.074
2.08154
2.08835
2.09396
2.09804
2.10033
2.10063
2.09878
2.09466
2.08825
2.07976
2.06977
2.05924
2.0494
2.04141
2.03584
2.03249
2.03054
2.02901
2.02721
2.02501
2.02285
2.02142
2.02134
2.02272
2.02502
2.02721
2.02816
2.02693
2.02301
2.01633
2.00727
1.99665
1.98563
1.97554
1.9677
1.96303
1.96184
1.96376
1.96781
1.97271
1.97716
1.98013
1.98098
1.97957
1.97621
1.97165
1.9669
1.96294
1.96048
1.95969
1.96028
1.96178
1.96373
1.96586
1.96804
1.97021
1.97228
1.9741
1.97546
1.97619
1.97614
1.97526
1.97357
1.97122
1.96839
1.96537
1.96244
1.95989
1.95793
1.95668
1.95611
1.95608
1.95632
1.95652
1.95633
1.95546
1.95365
1.95072
1.94654
1.94114
1.93467
1.9275
1.92019
1.91344
1.90795
1.9042
1.90232
1.90208
1.90297
1.90439
1.90573
1.9065
1.90625
1.90461
1.90129
1.89611
1.88907
1.88042
1.87067
1.86058
1.85108
1.84313
1.83758
1.83499
1.8355
1.83885
1.84435
1.85114
1.85834
1.86531
1.87177
1.87771
1.88331
1.88876
1.89417
1.89955
1.9049
1.91019
1.91542
1.92057
1.92561
1.93047
1.93503
1.93918
1.94281
1.94581
1.94811
1.94961
1.95025
1.94995
1.94866
1.94638
1.94318
1.93917
1.9346
1.92975
1.92497
1.92061
1.91698
1.91429
1.91263
1.91198
1.91222
1.91312
1.91444
1.91591
1.91729
1.91831
1.91875
1.91844
1.91723
1.91505
1.91193
1.90796
1.90332
1.89827
1.89312
1.8882
1.88387
1.88044
1.87817
1.87723
1.87766
1.87935
1.88209
1.88558
1.88955
1.89373
1.89794
1.90209
1.90611
1.90997
1.9136
1.91692
1.91983
1.92219
1.92386
1.92473
1.92469
1.9237
1.92178
1.91902
1.91561
1.9118
1.90793
1.90435
1.90138
1.89924
1.89799
1.89753
1.89761
1.89791
1.89811
1.89795
1.89726
1.89599
1.89421
1.89205
1.88971
1.88738
1.88525
1.88344
1.882
1.88091
1.88009
1.87937
1.87857
1.87748
1.87592
1.87371
1.87075
1.86701
1.86252
1.85742
1.85195
1.84643
1.84125
1.83682
1.8335
1.83155
1.83109
1.83205
1.8342
1.83722
1.84073
1.84438
1.84787
1.85099
1.85359
1.85558
1.85695
1.85767
1.85778
1.85733
1.85639
1.85505
1.85344
1.85169
1.84995
1.84836
1.84703
1.84603
1.8454
1.8451
1.84508
1.84523
1.84546
1.84565
1.84573
1.84566
1.84541
1.84504
1.84462
1.84421
1.84391
1.84376
1.84377
1.84394
1.8442
1.84451
1.84478
1.84494
1.84493
1.84472
1.84431
1.84381
1.84335
1.84315
1.84344
1.84441
1.8462
1.84882
1.85218
1.85612
1.86041
1.86479
1.86901
1.87281
1.87596
1.87824
1.87947
1.8795
1.87825
1.87577
1.87225
1.8681
1.86394
1.86052
1.85852
1.85838
1.86014
1.86346
1.86776
1.87243
1.87697
1.88105
1.8845
1.88724
1.88926
1.89054
1.89108
1.89084
1.88976
1.88777
1.88481
1.88081
1.87579
1.86981
1.86307
1.85585
1.84854
1.84162
1.83556
1.83073
1.82738
1.82552
1.82504
1.82571
1.82735
1.82981
1.83304
1.837
1.84159
1.84666
1.852
1.85734
1.86245
1.86711
1.87115
1.87442
1.87683
1.87824
1.87855
1.87763
1.87536
1.87166
1.86649
1.85987
1.85198
1.84315
1.83389
1.82482
1.81662
1.8099
1.80511
1.80258
1.80248
1.80484
1.80943
1.8158
1.82325
1.83102
1.83839
1.84481
1.84994
1.85359
1.85576
1.85652
1.85601
1.8544
1.85191
1.84877
1.84523
1.84155
1.83801
1.83485
1.83229
1.83048
1.82953
1.82943
1.8301
1.83138
1.83304
1.83476
1.83618
1.83693
1.83668
1.83519
1.83242
1.82862
1.82437
1.82052
1.81795
1.8173
1.81866
1.8216
1.82539
1.82925
1.83259
1.83505
1.83645
1.83677
1.8361
1.83469
1.83288
1.83106
1.82958
1.8286
1.82806
1.82769
1.82724
1.82663
1.82605
1.82595
1.82679
1.82886
1.83213
1.83631
1.84093
1.84556
1.84981
1.85341
1.8562
1.85812
1.85918
1.85942
1.85892
1.85772
1.85582
1.85321
1.84987
1.8458
1.84104
1.83574
1.83018
1.82479
1.82012
1.81683
1.81555
1.81674
1.82054
1.82674
1.83479
1.84392
1.85333
1.86229
1.87023
1.87675
1.88159
1.88462
1.88575
1.88495
1.88227
1.87787
1.87206
1.86533
1.8584
1.85211
1.8473
1.84463
1.84444
1.84666
1.85083
1.8562
1.86181
1.86668
1.86992
1.87086
1.86912
1.86475
1.8583
1.85085
1.8439
1.83887
1.83658
1.83679
1.83838
1.83998
1.8406
1.84007
1.83898
1.83839
1.83935
1.84249
1.84788
1.8551
1.86353
1.87255
1.88176
1.8909
1.89987
1.90862
1.91708
1.92511
1.93253
1.93915
1.94476
1.94917
1.95222
1.95378
1.95371
1.9519
1.94823
1.94259
1.93498
1.92551
1.91454
1.90278
1.89129
1.88148
1.87473
1.87203
1.87351
1.87846
1.88555
1.89344
1.90107
1.90785
1.91358
1.91829
1.92209
1.92512
1.92747
1.92921
1.9304
1.9311
1.9314
1.93139
1.9312
1.93096
1.93081
1.93085
1.93111
1.9316
1.9322
1.93277
1.93309
1.93296
1.93225
1.93093
1.92917
1.92728
1.92568
1.92474
1.92463
1.92524
1.92624
1.92719
1.92768
1.92744
1.92632
1.92429
1.92141
1.91779
1.91356
1.90891
1.90404
1.89919
1.89462
1.89052
1.88705
1.88429
1.88224
1.88085
1.88003
1.87969
1.87974
1.88011
1.8808
1.8819
1.88364
1.88635
1.89024
1.89535
1.90139
1.90785
1.91413
1.91976
1.92446
1.92811
1.9307
1.93218
1.93238
1.93105
1.92784
1.9225
1.91503
1.90592
1.89629
1.88793
1.88286
1.88265
1.88771
1.89713
1.9091
1.92173
1.93352
1.94358
1.95147
1.9571
1.96053
1.96193
1.96151
1.95956
1.95645
1.95258
1.9484
1.94426
1.94039
1.93682
1.93345
1.93007
1.92653
1.9228
1.91898
1.91528
1.91195
1.90916
1.90697
1.9053
1.90398
1.90281
1.90158
1.9001
1.89829
1.89612
1.89365
1.89104
1.88844
1.88605
1.88404
1.88252
1.88159
1.8813
1.88171
1.88286
1.88481
1.88759
1.89114
1.89535
1.89996
1.9047
1.90928
1.91346
1.91712
1.92021
1.9227
1.9246
1.92584
1.9263
1.92582
1.9242
1.9213
1.91704
1.91148
1.9048
1.89737
1.88966
1.88226
1.87576
1.87066
1.86728
1.86569
1.86569
1.86689
1.86878
1.87088
1.8728
1.87424
1.87502
1.87504
1.87422
1.87254
1.87005
1.86685
1.86306
1.85885
1.85433
1.84955
1.84448
1.83909
1.83341
1.82757
1.82181
1.81644
1.81177
1.80821
1.80626
1.80648
1.8091
1.81381
1.8197
1.8256
1.83041
1.83344
1.83433
1.83308
1.82989
1.8251
1.81913
1.81249
1.80575
1.79952
1.79441
1.79091
1.78927
1.78941
1.79092
1.7932
1.79564
1.79775
1.79921
1.7999
1.79982
1.79904
1.79773
1.79607
1.79426
1.79252
1.79107
1.79006
1.78961
1.78971
1.7903
1.79121
1.79222
1.79311
1.7937
1.79387
1.79358
1.79292
1.79206
1.7912
1.79058
1.79034
1.79057
1.79125
1.79226
1.79347
1.79475
1.79599
1.79711
1.79807
1.79882
1.79931
1.7995
1.79931
1.79864
1.79743
1.7956
1.79311
1.78996
1.78623
1.78208
1.77774
1.77358
1.77002
1.76749
1.76634
1.76668
1.76837
1.77102
1.7741
1.77707
1.7795
1.78105
1.78151
1.78076
1.77882
1.77584
1.77225
1.7687
1.76595
1.76461
1.76489
1.76658
1.76915
1.77206
1.77495
1.77768
1.78031
1.78293
1.78561
1.78833
1.79094
1.79325
1.79505
1.79617
1.79655
1.79626
1.79548
1.79451
1.79366
1.79324
1.79347
1.79441
1.79601
1.79811
1.80047
1.80286
1.80508
1.807
1.80855
1.80972
1.81054
1.81108
1.81138
1.81148
1.81137
1.81104
1.81046
1.80961
1.80854
1.80729
1.80598
1.80469
1.80342
1.80211
1.80051
1.79832
1.79525
1.79114
1.7861
1.78065
1.77569
1.77232
1.77136
1.77305
1.77691
1.78199
1.78733
1.79225
1.79643
1.79982
1.80254
1.80474
1.80654
1.80801
1.80917
1.80999
1.81042
1.81043
1.80998
1.80909
1.80778
1.8061
1.8041
1.80185
1.79943
1.7969
1.79432
1.79175
1.78925
1.78685
1.78453
1.78224
1.7799
1.77744
1.77483
1.77215
1.76959
1.76745
1.76603
1.7656
1.76627
1.76798
1.77051
1.77361
1.77706
1.78074
1.78462
1.78874
1.79308
1.79762
1.80223
1.80677
1.81105
1.8149
1.81817
1.82077
1.82264
1.82375
1.82413
1.8238
1.82281
1.82121
1.81903
1.81631
1.81302
1.80914
1.80462
1.79939
1.79345
1.78688
1.77984
1.77263
1.7656
1.75914
1.75361
1.74926
1.74626
1.7447
1.74458
1.74587
1.74849
1.75224
1.75687
1.76203
1.76741
1.77275
1.77785
1.78264
1.78706
1.79113
1.79485
1.79822
1.80124
1.8039
1.80618
1.80809
1.80963
1.81082
1.81169
1.81228
1.81265
1.81286
1.81299
1.81312
1.81331
1.8136
1.81401
1.81448
1.81494
1.81521
1.81506
1.81418
1.81219
1.80871
1.8034
1.79616
1.78736
1.77802
1.76973
1.76418
1.76236
1.76409
1.76821
1.77333
1.77836
1.78271
1.78612
1.78847
1.78967
1.78961
1.78822
1.78555
1.78178
1.77724
1.77243
1.76793
1.76432
1.76215
1.76178
1.76341
1.76698
1.77225
1.77881
1.78614
1.79367
1.80088
1.80732
1.81264
1.81666
1.81932
1.82074
1.82118
1.82101
1.82073
1.82083
1.82173
1.82372
1.82682
1.83088
1.83555
1.84045
1.84523
1.84962
1.85349
1.85683
1.85967
1.86209
1.86419
1.86602
1.86762
1.86901
1.87018
1.8711
1.87174
1.87209
1.87217
1.87201
1.87169
1.87129
1.87096
1.8708
1.87096
1.87155
1.87265
1.87433
1.8766
1.87943
1.88275
1.88644
1.89032
1.89419
1.89777
1.90079
1.90297
1.90408
1.90395
1.90256
1.90003
1.89668
1.89295
1.88933
1.88622
1.88385
1.88214
1.88076
1.87922
1.8771
1.87415
1.87043
1.86632
1.86242
1.85935
1.85764
1.85748
1.85879
1.86128
1.86456
1.8683
1.87229
1.87641
1.88062
1.88489
1.88916
1.89334
1.89735
1.90114
1.90469
1.90802
1.91118
1.91422
1.91716
1.91998
1.92266
1.92512
1.92724
1.92891
1.92995
1.93024
1.92962
1.92795
1.92513
1.92105
1.91569
1.90916
1.90176
1.8941
1.88704
1.88167
1.87899
1.87969
1.88386
1.8909
1.89964
1.90864
1.91651
1.9222
1.92512
1.92521
1.92289
1.91894
1.91433
1.90998
1.90658
1.90442
1.90337
1.90298
1.90265
1.90185
1.90022
1.89766
1.89432
1.89057
1.88684
1.88359
1.88115
1.87974
1.87938
1.87997
1.88133
1.88323
1.88542
1.88758
1.88929
1.8901
1.88955
1.88732
1.88329
1.87757
1.8705
1.86257
1.85439
1.84658
1.83974
1.83433
1.83064
1.82876
1.82858
1.82985
1.8322
1.83525
1.83864
1.84209
1.84534
1.84826
1.85074
1.85271
1.85414
1.855
1.85531
1.85509
1.85444
1.85348
1.85242
1.85146
1.8508
1.85058
1.85083
1.8515
1.85242
1.85337
1.85415
1.85456
1.8545
1.85393
1.85288
1.85144
1.84975
1.84797
1.84626
1.84478
1.84366
1.843
1.84283
1.84316
1.84393
1.84503
1.84631
1.84761
1.84876
1.84962
1.85009
1.8501
1.84962
1.84863
1.8471
1.84501
1.84234
1.83902
1.835
1.8302
1.82459
1.81814
1.8109
1.80299
1.79465
1.78623
1.77818
1.77103
1.7653
1.76141
1.75964
1.76004
1.76244
1.76647
1.77162
1.77729
1.78285
1.78769
1.79132
1.79336
1.79368
1.79235
1.78965
1.78608
1.78228
1.77895
1.77671
1.77599
1.77694
1.77943
1.78307
1.78734
1.79168
1.79557
1.7986
1.80051
1.80118
1.80064
1.79907
1.79671
1.79386
1.79085
1.788
1.78559
1.78387
1.78302
1.78311
1.78411
1.78589
1.78817
1.79063
1.79287
1.79451
1.7952
1.79468
1.79277
1.78938
1.78454
1.77838
1.77109
1.76294
1.75427
1.74548
1.73702
1.72941
1.72319
1.71889
1.717
1.71784
1.72152
1.7278
1.7361
1.74562
1.75555
1.7652
1.77414
1.78219
1.78935
1.7957
1.80133
1.80627
1.81052
1.814
1.81668
1.81852
1.81954
1.81982
1.81943
1.81846
1.81692
1.81481
1.81202
1.80845
1.80396
1.79844
1.79183
1.78415
1.77555
1.76638
1.75718
1.74868
1.74168
1.73681
1.73423
1.73365
1.73439
1.73582
1.73759
1.73976
1.74269
1.74681
1.75237
1.75931
1.76725
1.77562
1.78382
1.79136
1.79791
1.80326
1.80736
1.81022
1.81189
1.81242
1.8119
1.81041
