0.315708
0.315181
0.315001
0.315119
0.315485
0.316049
0.316765
0.317594
0.3185
0.319459
0.320459
0.321498
0.322583
0.323729
0.324948
0.326254
0.327637
0.329073
0.330505
0.331847
0.33299
0.333812
0.334205
0.334095
0.333466
0.332353
0.330847
0.329065
0.327132
0.325165
0.323259
0.321485
0.31989
0.318506
0.317351
0.316437
0.315775
0.315375
0.315251
0.315423
0.315918
0.31677
0.318018
0.319703
0.321868
0.324547
0.327753
0.33147
0.335635
0.340132
0.344797
0.349448
0.353931
0.35818
0.36223
0.366214
0.370295
0.374605
0.379178
0.383916
0.388583
0.392824
0.396232
0.398437
0.399199
0.398472
0.39641
0.393333
0.389642
0.385746
0.381991
0.378631
0.375822
0.373647
0.372138
0.371298
0.371114
0.37157
0.372639
0.374286
0.376462
0.379091
0.382069
0.385254
0.388478
0.391561
0.394336
0.396687
0.398566
0.399997
0.401063
0.401858
0.402465
0.402924
0.403233
0.403355
0.403229
0.402801
0.402035
0.400927
0.399509
0.397844
0.39602
0.39413
0.392261
0.39048
0.388822
0.387297
0.385895
0.38459
0.383361
0.382196
0.381104
0.380108
0.379245
0.378563
0.378104
0.377904
0.377991
0.378373
0.379043
0.379971
0.381097
0.382328
0.383532
0.384546
0.385185
0.385267
0.384654
0.383277
0.381164
0.378428
0.375248
0.371827
0.368355
0.364994
0.361862
0.359038
0.356567
0.354466
0.35273
0.351344
0.350281
0.34951
0.348996
0.348701
0.348588
0.348619
0.34876
0.348978
0.34925
0.34956
0.349909
0.350315
0.35081
0.351446
0.352283
0.353391
0.354841
0.356704
0.359047
0.361937
0.365433
0.369587
0.374422
0.379894
0.385838
0.391929
0.397686
0.402614
0.406421
0.409187
0.411334
0.413403
0.415817
0.418761
0.42214
0.425619
0.428704
0.430882
0.4318
0.431413
0.429999
0.428049
0.42609
0.424552
0.423696
0.423613
0.424237
0.425386
0.426794
0.428159
0.429198
0.429709
0.429608
0.42894
0.427845
0.426511
0.425124
0.423834
0.422735
0.421876
0.421257
0.420847
0.420586
0.420392
0.420178
0.419853
0.419344
0.418605
0.417629
0.416457
0.415157
0.413817
0.412524
0.411343
0.410306
0.409415
0.408643
0.407945
0.407272
0.406576
0.405815
0.404965
0.404016
0.402985
0.401913
0.400862
0.399906
0.399117
0.39856
0.398278
0.398288
0.398587
0.399148
0.399931
0.400885
0.40196
0.40311
0.404295
0.405495
0.406701
0.407922
0.409166
0.410433
0.411706
0.412946
0.414092
0.415079
0.415846
0.416354
0.416595
0.416599
0.416426
0.416163
0.415909
0.41576
0.415801
0.416096
0.416686
0.417584
0.418781
0.420245
0.421933
0.423786
0.42574
0.427724
0.429661
0.43147
0.433066
0.434369
0.43531
0.435844
0.435956
0.435669
0.435038
0.43415
0.433107
0.432016
0.430979
0.430092
0.429433
0.429076
0.429078
0.429486
0.43033
0.431616
0.433314
0.435345
0.437572
0.439803
0.441804
0.443331
0.44418
0.444225
0.443442
0.441923
0.439847
0.437454
0.434999
0.432719
0.430806
0.429389
0.428535
0.428247
0.428475
0.429137
0.430124
0.431322
0.432627
0.433945
0.435207
0.436356
0.437355
0.438182
0.438827
0.439289
0.439572
0.439672
0.439576
0.439256
0.438671
0.437768
0.436501
0.434838
0.432785
0.430398
0.427785
0.425089
0.42246
0.420017
0.417818
0.415861
0.414094
0.41246
0.410923
0.409498
0.408242
0.40724
0.40656
0.406219
0.40614
0.406124
0.405864
0.405021
0.403347
0.400807
0.397616
0.394133
0.390742
0.387735
0.385282
0.383451
0.382241
0.381611
0.3815
0.381844
0.382569
0.383599
0.384844
0.386214
0.387614
0.388957
0.390169
0.391201
0.39203
0.392668
0.393154
0.393549
0.393927
0.394363
0.394925
0.395677
0.396672
0.397954
0.399562
0.401529
0.403881
0.406632
0.409773
0.413266
0.417032
0.420942
0.424813
0.428422
0.431521
0.433876
0.435308
0.435736
0.435198
0.433843
0.431907
0.429658
0.427354
0.425213
0.423404
0.422043
0.421206
0.420939
0.421271
0.422219
0.423799
0.426034
0.42895
0.432575
0.436936
0.442038
0.447854
0.454285
0.461131
0.468043
0.474506
0.479906
0.483701
0.485624
0.485769
0.484494
0.482212
0.479245
0.475806
0.472049
0.468127
0.46422
0.460526
0.457244
0.454535
0.452476
0.451037
0.450057
0.449272
0.448364
0.447034
0.445065
0.44237
0.43899
0.435072
0.430836
0.426521
0.422363
0.418573
0.415319
0.412724
0.410856
0.409734
0.409327
0.409561
0.410326
0.411486
0.412901
0.414438
0.415987
0.417465
0.418823
0.420034
0.421083
0.421975
0.422724
0.423363
0.423926
0.424449
0.424956
0.42545
0.425922
0.426346
0.426673
0.426829
0.426711
0.426194
0.42514
0.42343
0.420971
0.417717
0.413679
0.408949
0.403707
0.398222
0.392809
0.387791
0.383436
0.379933
0.377372
0.37574
0.374932
0.374762
0.374996
0.375394
0.375743
0.375902
0.375825
0.375556
0.37521
0.374942
0.3749
0.37521
0.375959
0.377201
0.378968
0.381279
0.384143
0.38756
0.391508
0.395923
0.400695
0.40566
0.410634
0.415456
0.420035
0.424373
0.428536
0.432591
0.436557
0.440373
0.443915
0.447045
0.449659
0.451722
0.453264
0.454351
0.455051
0.455403
0.455425
0.455113
0.454465
0.453488
0.452195
0.450608
0.448765
0.446718
0.444547
0.442349
0.440238
0.438332
0.43674
0.435533
0.434731
0.434281
0.434053
0.433851
0.43346
0.432693
0.431449
0.429742
0.427685
0.425461
0.423266
0.421283
0.419657
0.418504
0.417906
0.417931
0.418623
0.420002
0.422051
0.42469
0.427777
0.431099
0.4344
0.437437
0.440035
0.442126
0.443746
0.444998
0.445991
0.4468
0.447464
0.447995
0.448394
0.448662
0.448798
0.448802
0.448667
0.4484
0.448029
0.447617
0.447265
0.447102
0.44727
0.447914
0.44916
0.451097
0.453776
0.457183
0.461249
0.465842
0.470776
0.47582
0.480715
0.485207
0.489095
0.492293
0.494853
0.49693
0.498694
0.500229
0.501493
0.502336
0.502553
0.50196
0.500438
0.497971
0.49466
0.490708
0.486388
0.481991
0.477786
0.47398
0.470704
0.468023
0.46594
0.464417
0.463391
0.462784
0.462516
0.462512
0.462708
0.463057
0.463528
0.464089
0.464675
0.465134
0.465184
0.464433
0.462507
0.45924
0.454803
0.449653
0.444356
0.439399
0.435102
0.431622
0.428991
0.427157
0.426003
0.425365
0.425041
0.424815
0.4245
0.423985
0.423245
0.422326
0.421293
0.420199
0.419078
0.417978
0.416995
0.416287
0.416052
0.416463
0.417598
0.419371
0.42149
0.423476
0.424782
0.424981
0.423956
0.421941
0.419399
0.41683
0.414633
0.413064
0.412241
0.412181
0.412834
0.414103
0.415875
0.418031
0.420466
0.423093
0.425858
0.428739
0.431742
0.434889
0.438196
0.441641
0.445111
0.448375
0.451097
0.452959
0.453832
0.4539
0.453612
0.453492
0.453957
0.455232
0.457359
0.460252
0.463754
0.467674
0.47182
0.476014
0.480096
0.483932
0.4874
0.490391
0.492804
0.494549
0.495574
0.49589
0.495587
0.494833
0.493835
0.492789
0.491819
0.490951
0.490097
0.489103
0.487806
0.486108
0.484016
0.481651
0.479213
0.476923
0.474993
0.473596
0.472863
0.472889
0.473737
0.475447
0.478024
0.481423
0.485517
0.49007
0.494735
0.499095
0.502772
0.505549
0.50743
0.508602
0.509309
0.509727
0.509893
0.509704
0.508988
0.507609
0.505571
0.503062
0.500404
0.497954
0.49601
0.494745
0.494184
0.494207
0.494553
0.494853
0.494681
0.493632
0.491414
0.487928
0.483285
0.477783
0.471827
0.46583
0.460137
0.454978
0.450431
0.446428
0.442768
0.439168
0.435337
0.431068
0.426295
0.421075
0.415538
0.409811
0.403994
0.398148
0.392329
0.386604
0.381053
0.375772
0.370849
0.366356
0.362333
0.35879
0.3557
0.353007
0.350638
0.348504
0.346522
0.344628
0.342791
0.341024
0.33938
0.337946
0.336827
0.336134
0.335963
0.336394
0.337479
0.339234
0.341636
0.344605
0.348001
0.351625
0.355244
0.358636
0.361647
0.364228
0.366444
0.368443
0.370409
0.372527
0.374962
0.377851
0.381302
0.385386
0.390123
0.395465
0.401285
0.407365
0.413414
0.419089
0.424042
0.427976
0.430687
0.432103
0.432296
0.431465
0.429889
0.427853
0.425589
0.423243
0.420878
0.418507
0.416133
0.413771
0.411459
0.409241
0.40716
0.405251
0.403545
0.402077
0.40089
0.40003
0.399542
0.399466
0.399833
0.400672
0.401998
0.403825
0.406155
0.408976
0.41226
0.415951
0.419968
0.424201
0.428517
0.432768
0.436813
0.440523
0.443804
0.446606
0.448922
0.450785
0.452259
0.453426
0.454382
0.455223
0.456042
0.456924
0.457935
0.459124
0.460508
0.462077
0.463784
0.465555
0.467284
0.468851
0.470118
0.470951
0.471221
0.470826
0.469697
0.467806
0.465177
0.461876
0.457995
0.45364
0.448907
0.443882
0.438637
0.43323
0.427719
0.422165
0.416637
0.411211
0.405966
0.400981
0.396324
0.39205
0.388195
0.384765
0.381744
0.379081
0.376699
0.3745
0.372379
0.37024
0.368018
0.365694
0.363299
0.360903
0.358601
0.356488
0.354641
0.353107
0.351898
0.35099
0.350334
0.349866
0.349515
0.349218
0.348929
0.348621
0.348294
0.347973
0.347696
0.34752
0.347499
0.347685
0.348121
0.348823
0.349788
0.350977
0.352324
0.353727
0.35506
0.356178
0.356933
0.357196
0.356871
0.355925
0.354377
0.352304
0.349822
0.347069
0.344184
0.341293
0.338498
0.335881
0.333498
0.331389
0.32958
0.328077
0.326878
0.32597
0.325325
0.324908
0.324674
0.324578
0.324573
0.324623
0.324702
0.3248
0.324923
0.32509
0.325329
0.325674
0.326159
0.326808
0.327639
0.328652
0.329838
0.331176
0.332639
0.334201
0.33584
0.337545
0.339313
0.341143
0.343044
0.345021
0.347075
0.349205
0.351391
0.353603
0.355784
0.35786
0.359742
0.361343
0.362588
0.363433
0.363874
0.363944
0.363712
0.363266
0.362711
0.362154
0.3617
0.361448
0.361485
0.361881
0.362684
0.363914
0.365548
0.367508
0.369649
0.371772
0.373642
0.37505
0.375862
0.376067
0.375768
0.375142
0.37439
0.373687
0.373164
0.372913
0.372984
0.373414
0.374217
0.375416
0.377023
0.379053
0.381517
0.384419
0.387747
0.391465
0.395513
0.399789
0.404157
0.408452
0.412488
0.416085
0.419092
0.421408
0.422996
0.42388
0.424111
0.423751
0.422851
0.421454
0.419602
0.417357
0.414795
0.412018
0.409134
0.406253
0.403473
0.40088
0.39855
0.396546
0.394929
0.39375
0.393056
0.392883
0.39325
0.39415
0.395542
0.397339
0.399398
0.401522
0.403477
0.405017
0.405923
0.406019
0.405181
0.403348
0.400521
0.396783
0.392306
0.387334
0.382144
0.377005
0.372141
0.367717
0.363838
0.360559
0.35789
0.355817
0.354299
0.353275
0.352672
0.352402
0.352369
0.352477
0.352631
0.352749
0.35277
0.352656
0.3524
0.352024
0.351577
0.351141
0.35081
0.350698
0.350914
0.351552
0.352669
0.354256
0.356214
0.358352
0.360407
0.362108
0.363265
0.363839
0.363943
0.363784
0.363585
0.363531
0.363743
0.364281
0.365159
0.366344
0.367757
0.369288
0.370814
0.372219
0.373441
0.374481
0.375384
0.376202
0.376937
0.377519
0.377819
0.377704
0.377094
0.376004
0.374528
0.372811
0.371009
0.369262
0.36768
0.366344
0.365302
0.364576
0.364176
0.364099
0.364338
0.364896
0.365771
0.36696
0.368443
0.370175
0.372081
0.374042
0.375891
0.37743
0.37844
0.378718
0.378127
0.376631
0.374315
0.371372
0.368069
0.364697
0.361529
0.358796
0.356671
0.355281
0.354702
0.354977
0.356114
0.358079
0.360796
0.364129
0.367878
0.371783
0.375552
0.378902
0.381608
0.383558
0.384765
0.385369
0.385615
0.385807
0.386261
0.387263
0.389031
0.391674
0.395167
0.399332
0.403826
0.408201
0.412025
0.415039
0.417267
0.418969
0.420478
0.422011
0.423578
0.424975
0.425878
0.425969
0.425056
0.42312
0.420299
0.416809
0.412875
0.408684
0.404373
0.400044
0.395776
0.391652
0.387763
0.38421
0.381099
0.378529
0.376592
0.37536
0.374899
0.37525
0.376447
0.378506
0.381415
0.385125
0.389527
0.39443
0.39954
0.404456
0.408706
0.411836
0.413533
0.413737
0.41265
0.410653
0.40817
0.405552
0.403031
0.400727
0.398688
0.39692
0.395416
0.394164
0.393158
0.392384
0.391824
0.391454
0.39124
0.39114
0.391113
0.39112
0.391128
0.391126
0.391121
0.391144
0.391248
0.391494
0.391945
0.392641
0.393588
0.394742
0.396011
0.397283
0.398459
0.399493
0.400414
0.401315
0.402317
0.403533
0.405039
0.406873
0.40903
0.411479
0.414167
0.417027
0.419975
0.422918
0.425753
0.42838
0.430705
0.432657
0.434191
0.435287
0.435945
0.436183
0.436026
0.435506
0.434653
0.433485
0.431992
0.430134
0.427858
0.425134
0.421995
0.418562
0.415021
0.411582
0.408428
0.405687
0.403439
0.401734
0.400622
0.400169
0.400457
0.401566
0.403529
0.406287
0.409625
0.413141
0.416261
0.418356
0.418953
0.417925
0.415538
0.412323
0.408878
0.405699
0.403127
0.401352
0.40046
0.40046
0.401318
0.402963
0.405292
0.40817
0.411442
0.414946
0.418538
0.422113
0.425621
0.429051
0.432421
0.435736
0.438975
0.442076
0.444954
0.447519
0.4497
0.451466
0.452826
0.453819
0.454504
0.454938
0.455173
0.455237
0.455139
0.454857
0.454355
0.453579
0.452478
0.451006
0.449133
0.446842
0.444134
0.441011
0.437487
0.433578
0.429316
0.424755
0.41998
0.415101
0.410248
0.405551
0.401119
0.397036
0.393357
0.39012
0.387353
0.385094
0.383388
0.38228
0.381818
0.382023
0.382887
0.384355
0.386324
0.388639
0.3911
0.393484
0.39557
0.397168
0.398153
0.398484
0.398208
0.397445
0.396357
0.395106
0.393842
0.392681
0.391711
0.390993
0.390571
0.390461
0.39066
0.391141
0.391856
0.39275
0.393769
0.394869
0.396018
0.397186
0.398314
0.399315
0.400075
0.40047
0.400374
0.399657
0.398174
0.395804
0.392518
0.388456
0.383927
0.379315
0.374981
0.371186
0.368072
0.365673
0.363947
0.362793
0.362067
0.3616
0.361193
0.36064
0.359741
0.35834
0.356361
0.35383
0.350871
0.347671
0.344427
0.34131
0.338438
0.335875
0.333641
0.331724
0.330086
0.328674
0.327423
0.326262
0.325124
0.323953
0.322714
0.321399
0.320029
0.318646
0.317313
0.316092
0.315036
0.314176
0.313516
0.313026
0.312651
0.312322
0.311971
0.311544
0.311017
0.310393
0.309701
0.308986
0.308293
0.307662
0.307125
0.306713
0.306447
0.306352
0.306457
0.306792
0.307386
0.30827
0.309462
0.31097
0.312784
0.31487
0.317168
0.31959
0.322016
0.324314
0.326348
0.328022
0.329304
0.330242
0.330955
0.331606
0.332358
0.333351
0.334687
0.336429
0.3386
0.341177
0.344081
0.347157
0.350191
0.352936
0.355199
0.356895
0.358072
0.358863
0.359417
0.359847
0.360207
0.360504
0.360728
0.360877
0.360975
0.361069
0.361221
0.361496
0.361938
0.362561
0.363336
0.364202
0.365061
0.365808
0.366343
0.366592
0.366524
0.36615
0.365516
0.364685
0.363729
0.362712
0.361681
0.360666
0.359677
0.358714
0.357771
0.356841
0.355928
0.355038
0.35419
0.353402
0.352687
0.352052
0.351491
0.350988
0.350532
0.35013
0.349817
0.349655
0.349725
0.350095
0.350788
0.351737
0.352769
0.353606
0.353935
0.353518
0.352293
0.350402
0.348122
0.345749
0.343514
0.34155
0.339912
0.338599
0.337593
0.336874
0.336428
0.336253
0.336351
0.336728
0.337384
0.33831
0.33949
0.340894
0.342486
0.344227
0.346072
0.347974
0.349894
0.351789
0.353624
0.355365
0.356993
0.358498
0.359885
0.361168
0.362356
0.363445
0.364404
0.365167
0.365645
0.365744
0.365387
0.364546
0.363243
0.361545
0.359541
0.357309
0.35491
0.352383
0.349754
0.347051
0.344321
0.341624
0.339037
0.33664
0.334508
0.332705
0.331282
0.330268
0.329682
0.329526
0.329792
0.330464
0.331521
0.33294
0.334701
0.336787
0.339187
0.341887
0.344872
0.348104
0.351526
0.355045
0.358536
0.361852
0.364844
0.367376
0.36934
0.370665
0.371313
0.371273
0.370558
0.369212
0.367308
0.36495
0.362261
0.359368
0.356382
0.35339
0.350452
0.34761
0.344892
0.342322
0.33992
0.337703
0.335691
0.333901
0.332342
0.331022
0.329944
0.329103
0.328492
0.328098
0.327903
0.32789
0.328039
0.328335
0.328772
0.329357
0.330107
0.331061
0.332276
0.333824
0.335795
0.338287
0.341392
0.345163
0.349577
0.354466
0.359486
0.364142
0.367939
0.370577
0.372084
0.372766
0.37302
0.373174
0.373437
0.373921
0.374688
0.375784
0.377239
0.379063
0.381224
0.383647
0.386201
0.388715
0.390993
0.392837
0.394074
0.394582
0.394303
0.393255
0.39152
0.389236
0.38658
0.383739
0.380897
0.378214
0.375812
0.373767
0.372105
0.370804
0.36979
0.368949
0.368139
0.367212
0.366045
0.364564
0.36276
0.360691
0.358465
0.35621
0.354047
0.352069
0.350335
0.348869
0.347676
0.34674
0.346046
0.345578
0.345328
0.345293
0.345474
0.345875
0.3465
0.347345
0.348398
0.349638
0.351033
0.352542
0.354116
0.355705
0.35726
0.358738
0.360108
0.361351
0.362466
0.363466
0.364383
0.36527
0.366193
0.367234
0.368487
0.370049
0.372014
0.374454
0.377412
0.380884
0.384818
0.389106
0.393596
0.398123
0.402545
0.406774
0.410808
0.414708
0.418579
0.422511
0.426537
0.430606
0.434579
0.438258
0.441438
0.443958
0.445744
0.446816
0.447261
0.447201
0.446749
0.445988
0.444977
0.443755
0.442354
0.44081
0.439159
0.437438
0.435674
0.433883
0.432066
0.430221
0.428348
0.426452
0.424546
0.422657
0.420823
0.419091
0.417518
0.416159
0.415072
0.414302
0.413889
0.413856
0.414212
0.414942
0.415981
0.417209
0.418427
0.419372
0.419739
0.419255
0.417754
0.415244
0.41193
0.408175
0.404424
0.401103
0.398545
0.396937
0.396306
0.396527
0.397358
0.398499
0.399654
0.400602
0.401234
0.401575
0.401741
0.401902
0.402223
0.402814
0.403717
0.404898
0.406263
0.407687
0.409044
0.410236
0.411204
0.411944
0.41249
0.412912
0.413287
0.413711
0.41429
0.41515
0.416422
0.418218
0.420603
0.423572
0.427045
0.430865
0.434824
0.43868
0.442186
0.445115
0.44728
0.448564
0.448923
0.448385
0.447035
0.445004
0.442435
0.439475
0.436257
0.432892
0.429467
0.426051
0.422691
0.419423
0.416267
0.413235
0.410318
0.407496
0.404725
0.401952
0.399113
0.396154
0.393042
0.389771
0.386373
0.382906
0.379445
0.37607
0.372847
0.369824
0.367025
0.364445
0.362066
0.359849
0.357746
0.35571
0.353696
0.351666
0.349595
0.347474
0.345315
0.343142
0.341003
0.338953
0.337057
0.335378
0.333971
0.332882
0.332141
0.331771
0.331784
0.332191
0.332997
0.33421
0.335839
0.337888
0.340356
0.343234
0.346497
0.350094
0.353946
0.357938
0.36192
0.365711
0.369117
0.371952
0.374064
0.375357
0.375811
0.375482
0.374494
0.373024
0.371282
0.36949
0.367861
0.366575
0.365757
0.365465
0.36568
0.366308
0.367188
0.368117
0.368871
0.369252
0.369126
0.368443
0.367247
0.365661
0.363856
0.362022
0.360341
0.358965
0.357997
0.357491
0.35745
0.357832
0.358563
0.359543
0.360665
0.361822
0.362914
0.363859
0.364598
0.365106
0.365396
0.36552
0.365566
0.36565
0.365897
0.366432
0.367364
0.368775
0.370711
0.373177
0.376141
0.379532
0.383244
0.387144
0.391071
0.394844
0.398259
0.401105
0.403167
0.404244
0.404169
0.402835
0.400222
0.396422
0.391637
0.386146
0.380246
0.374202
0.368212
0.362408
0.356863
0.35162
0.346713
0.342184
0.338079
0.334454
0.331354
0.328812
0.326842
0.325443
0.324602
0.324302
0.324536
0.325307
0.326624
0.328505
0.330962
0.333992
0.337569
0.341629
0.346063
0.350702
0.35531
0.359605
0.363293
0.366141
0.36805
0.369072
0.369364
0.3691
0.368383
0.367223
0.365552
0.363291
0.360409
0.356968
0.353118
0.349067
0.345034
0.341211
0.337748
0.334746
0.332263
0.330333
0.328964
0.328153
0.327883
0.328124
