-0.900507
-0.89909
-0.897147
-0.894792
-0.892147
-0.889312
-0.886402
-0.883504
-0.88067
-0.877946
-0.875334
-0.872803
-0.870282
-0.867689
-0.864915
-0.861901
-0.858584
-0.855008
-0.851288
-0.847656
-0.844437
-0.841994
-0.840694
-0.840769
-0.842327
-0.845246
-0.849301
-0.854132
-0.859406
-0.864835
-0.870199
-0.875362
-0.880263
-0.884903
-0.889291
-0.89347
-0.89747
-0.901309
-0.904979
-0.908454
-0.911691
-0.914598
-0.91706
-0.918924
-0.920052
-0.920286
-0.919513
-0.917723
-0.915021
-0.911716
-0.908268
-0.905244
-0.903068
-0.90191
-0.901513
-0.901306
-0.900557
-0.898651
-0.8953
-0.890614
-0.885247
-0.880246
-0.876863
-0.876282
-0.87927
-0.886006
-0.896014
-0.908328
-0.921738
-0.93508
-0.947448
-0.958288
-0.967322
-0.974507
-0.979937
-0.983726
-0.98598
-0.986806
-0.986255
-0.984391
-0.981285
-0.977061
-0.971946
-0.966248
-0.960394
-0.954874
-0.950115
-0.946429
-0.943866
-0.942255
-0.941274
-0.940542
-0.939777
-0.93885
-0.937792
-0.936796
-0.936082
-0.935904
-0.936441
-0.937764
-0.939821
-0.942448
-0.945427
-0.94849
-0.951405
-0.954004
-0.956195
-0.957979
-0.959447
-0.960706
-0.961872
-0.962975
-0.964044
-0.964988
-0.965674
-0.965988
-0.965776
-0.964906
-0.963277
-0.960811
-0.957469
-0.953297
-0.948394
-0.942975
-0.937366
-0.932012
-0.92745
-0.924241
-0.922857
-0.923517
-0.926159
-0.930438
-0.935843
-0.941794
-0.947779
-0.953388
-0.958362
-0.962569
-0.965986
-0.968627
-0.970571
-0.971922
-0.972791
-0.973291
-0.973546
-0.973643
-0.973694
-0.973793
-0.974038
-0.974523
-0.975301
-0.976422
-0.977893
-0.97967
-0.981664
-0.983747
-0.985731
-0.987439
-0.988667
-0.989209
-0.988848
-0.987357
-0.984478
-0.979956
-0.973587
-0.965341
-0.95557
-0.945259
-0.935978
-0.929477
-0.926762
-0.927507
-0.930123
-0.932605
-0.933348
-0.931686
-0.927885
-0.923059
-0.918916
-0.917244
-0.919298
-0.925251
-0.934142
-0.944301
-0.953986
-0.961885
-0.967234
-0.969871
-0.970084
-0.968547
-0.966178
-0.963986
-0.962879
-0.963502
-0.966062
-0.970356
-0.97583
-0.98182
-0.987699
-0.99298
-0.997348
-1.00068
-1.003
-1.00442
-1.00512
-1.00535
-1.0054
-1.00555
-1.00604
-1.00704
-1.00855
-1.01049
-1.01264
-1.01473
-1.01652
-1.01786
-1.01869
-1.01906
-1.01911
-1.01904
-1.01904
-1.01931
-1.02002
-1.02128
-1.02317
-1.02564
-1.0286
-1.03187
-1.03521
-1.03839
-1.04122
-1.04354
-1.04529
-1.04646
-1.0471
-1.04732
-1.04723
-1.04695
-1.04661
-1.04625
-1.04593
-1.04561
-1.04524
-1.04474
-1.04406
-1.04323
-1.04239
-1.04168
-1.04136
-1.04161
-1.04258
-1.04433
-1.04679
-1.04978
-1.05309
-1.05643
-1.05954
-1.0622
-1.06423
-1.06557
-1.06617
-1.06608
-1.06537
-1.06416
-1.06257
-1.06075
-1.05884
-1.05701
-1.05542
-1.05427
-1.05374
-1.05399
-1.05517
-1.05728
-1.06028
-1.064
-1.06824
-1.07274
-1.07726
-1.08153
-1.08536
-1.08856
-1.091
-1.09249
-1.09292
-1.09216
-1.09011
-1.08679
-1.08233
-1.07703
-1.07141
-1.06611
-1.06185
-1.05922
-1.05864
-1.06014
-1.06349
-1.06813
-1.0734
-1.07859
-1.08304
-1.08629
-1.088
-1.0881
-1.08665
-1.08385
-1.08001
-1.07546
-1.07052
-1.06548
-1.06058
-1.05597
-1.05174
-1.04794
-1.04455
-1.04155
-1.03885
-1.03643
-1.03422
-1.03224
-1.03057
-1.02936
-1.02878
-1.02903
-1.03028
-1.03253
-1.03564
-1.03929
-1.04302
-1.04637
-1.04895
-1.05064
-1.05149
-1.05175
-1.0517
-1.05153
-1.05121
-1.05056
-1.04927
-1.04708
-1.04386
-1.03982
-1.03556
-1.03211
-1.0307
-1.03224
-1.03688
-1.04393
-1.05212
-1.06025
-1.06741
-1.07313
-1.07731
-1.08005
-1.08154
-1.08196
-1.08149
-1.08033
-1.07866
-1.07665
-1.07455
-1.07257
-1.07096
-1.06989
-1.06951
-1.06984
-1.07085
-1.07242
-1.07435
-1.07647
-1.07857
-1.08045
-1.08196
-1.08301
-1.08345
-1.0832
-1.08217
-1.08024
-1.07734
-1.07339
-1.06845
-1.06264
-1.05628
-1.04982
-1.04387
-1.03917
-1.03641
-1.03616
-1.03867
-1.04384
-1.05117
-1.05998
-1.06947
-1.07892
-1.08777
-1.09563
-1.10228
-1.10762
-1.11163
-1.11434
-1.11574
-1.11583
-1.11454
-1.11174
-1.10728
-1.10093
-1.09251
-1.08186
-1.069
-1.05429
-1.0386
-1.02342
-1.01069
-1.0022
-0.998786
-1.00002
-1.00463
-1.01123
-1.01887
-1.02707
-1.03557
-1.0441
-1.05226
-1.05952
-1.06533
-1.06922
-1.07091
-1.07051
-1.06852
-1.06578
-1.06331
-1.06208
-1.06274
-1.06555
-1.07034
-1.07661
-1.08373
-1.09096
-1.09768
-1.10334
-1.10754
-1.11002
-1.11065
-1.10946
-1.1066
-1.10232
-1.09701
-1.09103
-1.08483
-1.07877
-1.07315
-1.06813
-1.0638
-1.06016
-1.05717
-1.05476
-1.05281
-1.05115
-1.04961
-1.04799
-1.04617
-1.04405
-1.04159
-1.03882
-1.03581
-1.03271
-1.02982
-1.02751
-1.0262
-1.02631
-1.02819
-1.03207
-1.03802
-1.04591
-1.0553
-1.06548
-1.07556
-1.08465
-1.092
-1.09711
-1.0998
-1.10017
-1.09862
-1.09576
-1.09233
-1.08915
-1.0869
-1.08602
-1.08666
-1.08867
-1.09163
-1.09511
-1.0986
-1.10176
-1.10434
-1.10618
-1.10723
-1.1074
-1.10661
-1.10479
-1.10191
-1.09802
-1.09338
-1.08839
-1.08352
-1.0792
-1.07559
-1.07254
-1.06967
-1.06662
-1.06323
-1.05965
-1.05628
-1.05356
-1.05185
-1.05121
-1.05151
-1.05249
-1.05393
-1.05569
-1.05778
-1.06025
-1.06316
-1.06658
-1.0705
-1.07493
-1.07983
-1.08512
-1.09062
-1.09609
-1.10119
-1.10558
-1.10895
-1.11107
-1.11185
-1.11148
-1.11035
-1.10911
-1.1085
-1.10916
-1.11145
-1.11536
-1.12052
-1.12637
-1.13234
-1.13793
-1.14276
-1.1466
-1.14927
-1.15063
-1.15057
-1.14901
-1.146
-1.14166
-1.13641
-1.13085
-1.12571
-1.12173
-1.11936
-1.1187
-1.11945
-1.12118
-1.12345
-1.12595
-1.12855
-1.13123
-1.13401
-1.13691
-1.13994
-1.1432
-1.14672
-1.15058
-1.15476
-1.15912
-1.16344
-1.16737
-1.17051
-1.17247
-1.17288
-1.17145
-1.16806
-1.16268
-1.15545
-1.14671
-1.13691
-1.12668
-1.11671
-1.10771
-1.10026
-1.09452
-1.09024
-1.08674
-1.08338
-1.07981
-1.07618
-1.07305
-1.07111
-1.07103
-1.07323
-1.07781
-1.0845
-1.09269
-1.10156
-1.11025
-1.11802
-1.12432
-1.12884
-1.1315
-1.1324
-1.13173
-1.12974
-1.12667
-1.12276
-1.11821
-1.11315
-1.10766
-1.10172
-1.09529
-1.08847
-1.08164
-1.07574
-1.07213
-1.07224
-1.07678
-1.08523
-1.09601
-1.10722
-1.11728
-1.12526
-1.13078
-1.13386
-1.13477
-1.13389
-1.13179
-1.12912
-1.12659
-1.12476
-1.124
-1.12433
-1.12554
-1.12737
-1.12967
-1.13238
-1.1354
-1.13843
-1.14092
-1.14215
-1.14141
-1.13828
-1.13289
-1.12611
-1.11948
-1.1149
-1.11387
-1.11685
-1.12305
-1.13095
-1.13894
-1.14585
-1.15103
-1.15427
-1.15567
-1.15553
-1.1542
-1.15207
-1.14952
-1.14687
-1.1443
-1.14193
-1.13973
-1.13756
-1.13523
-1.1325
-1.12931
-1.12586
-1.12288
-1.12148
-1.12288
-1.1276
-1.13503
-1.14365
-1.15165
-1.15768
-1.16109
-1.16181
-1.16018
-1.15675
-1.15206
-1.14664
-1.14095
-1.13535
-1.13015
-1.12557
-1.12187
-1.11933
-1.11819
-1.11866
-1.12072
-1.12412
-1.12835
-1.13276
-1.13675
-1.13996
-1.14239
-1.14442
-1.1467
-1.14991
-1.15449
-1.16051
-1.16764
-1.1753
-1.18284
-1.18966
-1.19527
-1.19935
-1.20164
-1.20194
-1.20009
-1.19597
-1.18957
-1.1811
-1.1711
-1.16056
-1.15073
-1.14274
-1.13716
-1.13381
-1.13185
-1.13033
-1.12852
-1.12632
-1.12414
-1.12272
-1.12265
-1.12402
-1.12633
-1.12851
-1.12945
-1.12821
-1.12429
-1.1176
-1.10856
-1.09795
-1.08693
-1.07685
-1.06902
-1.06434
-1.06316
-1.06507
-1.06912
-1.07402
-1.07848
-1.08144
-1.08229
-1.08087
-1.07751
-1.07295
-1.06819
-1.06424
-1.06177
-1.06098
-1.06158
-1.06308
-1.06502
-1.06716
-1.06935
-1.07152
-1.07359
-1.0754
-1.07677
-1.0775
-1.07745
-1.07656
-1.07489
-1.07253
-1.0697
-1.06668
-1.06374
-1.06118
-1.05922
-1.05797
-1.05741
-1.05737
-1.05761
-1.0578
-1.05761
-1.05675
-1.05494
-1.052
-1.04782
-1.04242
-1.03595
-1.02878
-1.02147
-1.01472
-1.00922
-1.00547
-1.0036
-1.00336
-1.00425
-1.00567
-1.00703
-1.00779
-1.00754
-1.0059
-1.00258
-0.9974
-0.990355
-0.981702
-0.971948
-0.961853
-0.952353
-0.9444
-0.938846
-0.936251
-0.936764
-0.94011
-0.945615
-0.952407
-0.959607
-0.96658
-0.973024
-0.97896
-0.984565
-0.990026
-0.995436
-1.00083
-1.00617
-1.01146
-1.01669
-1.02184
-1.02688
-1.03173
-1.03629
-1.04045
-1.04408
-1.04708
-1.04938
-1.05088
-1.0515
-1.0512
-1.04991
-1.04763
-1.04443
-1.04042
-1.03585
-1.03101
-1.02623
-1.02187
-1.01824
-1.01555
-1.01389
-1.01324
-1.01347
-1.01438
-1.01568
-1.01716
-1.01853
-1.01954
-1.02
-1.01968
-1.01847
-1.01629
-1.01317
-1.00919
-1.00455
-0.999495
-0.994342
-0.989417
-0.985091
-0.981655
-0.979382
-0.978443
-0.97886
-0.980544
-0.983278
-0.986781
-0.990752
-0.994931
-0.999143
-1.00329
-1.00731
-1.01116
-1.01478
-1.0181
-1.02101
-1.02337
-1.02504
-1.0259
-1.02586
-1.02488
-1.02295
-1.02019
-1.01678
-1.01297
-1.0091
-1.00552
-1.00255
-1.00041
-0.999149
-0.998682
-0.998762
-0.999069
-0.999271
-0.999107
-0.998413
-0.997143
-0.995357
-0.993195
-0.990852
-0.988528
-0.986396
-0.98459
-0.983155
-0.982074
-0.98126
-0.980533
-0.979737
-0.97865
-0.977075
-0.974872
-0.971921
-0.968178
-0.96369
-0.958595
-0.953121
-0.947601
-0.942424
-0.937991
-0.934674
-0.932713
-0.932254
-0.933203
-0.935359
-0.938371
-0.941872
-0.945515
-0.949009
-0.952123
-0.954724
-0.956717
-0.958071
-0.958803
-0.958918
-0.958457
-0.957512
-0.956169
-0.954556
-0.952805
-0.951062
-0.949464
-0.948131
-0.947133
-0.946498
-0.946205
-0.946185
-0.946336
-0.946564
-0.946759
-0.946846
-0.946769
-0.946523
-0.946151
-0.945717
-0.94531
-0.945011
-0.944855
-0.944875
-0.945047
-0.945312
-0.945617
-0.945887
-0.946044
-0.946034
-0.945816
-0.945414
-0.944904
-0.944442
-0.944235
-0.944527
-0.945504
-0.947287
-0.949904
-0.953259
-0.957207
-0.961491
-0.965876
-0.97009
-0.97389
-0.977036
-0.979315
-0.980551
-0.980577
-0.979325
-0.976851
-0.973333
-0.969191
-0.965035
-0.96161
-0.959611
-0.95947
-0.961236
-0.964551
-0.96885
-0.973518
-0.978059
-0.98214
-0.985597
-0.988339
-0.990366
-0.991638
-0.99218
-0.99194
-0.990856
-0.988869
-0.985903
-0.981908
-0.976876
-0.970909
-0.964166
-0.956932
-0.94963
-0.942706
-0.936639
-0.931823
-0.928474
-0.926613
-0.926137
-0.926809
-0.928443
-0.930906
-0.934134
-0.938079
-0.942675
-0.947751
-0.953089
-0.958431
-0.963541
-0.968203
-0.972231
-0.975505
-0.977902
-0.979319
-0.979623
-0.978695
-0.976434
-0.972735
-0.967557
-0.960937
-0.953048
-0.944218
-0.934954
-0.92589
-0.917688
-0.910971
-0.906188
-0.903654
-0.903554
-0.905913
-0.910511
-0.916875
-0.924324
-0.932095
-0.939474
-0.945908
-0.951031
-0.954691
-0.956864
-0.957615
-0.957102
-0.9555
-0.95301
-0.949877
-0.946334
-0.942659
-0.939121
-0.935968
-0.933412
-0.931613
-0.930658
-0.930558
-0.931231
-0.932509
-0.934174
-0.935886
-0.937319
-0.938074
-0.937816
-0.936329
-0.933566
-0.92977
-0.92551
-0.921652
-0.919092
-0.918437
-0.919794
-0.922735
-0.926522
-0.930373
-0.933717
-0.93618
-0.937583
-0.937906
-0.937262
-0.935852
-0.934037
-0.932227
-0.930751
-0.929768
-0.929223
-0.928859
-0.92841
-0.927795
-0.927219
-0.927118
-0.927962
-0.930033
-0.933304
-0.937479
-0.942108
-0.946734
-0.950987
-0.954589
-0.957382
-0.959303
-0.960349
-0.9606
-0.960108
-0.958903
-0.957003
-0.954399
-0.951061
-0.946987
-0.942228
-0.936937
-0.931388
-0.925988
-0.921325
-0.91804
-0.916751
-0.917928
-0.921736
-0.927939
-0.935995
-0.945132
-0.954546
-0.963501
-0.971441
-0.977946
-0.982794
-0.985809
-0.986927
-0.986127
-0.983446
-0.979043
-0.973228
-0.966501
-0.959561
-0.953271
-0.948462
-0.945785
-0.945601
-0.947825
-0.951995
-0.957357
-0.962968
-0.967836
-0.971076
-0.97201
-0.970273
-0.965899
-0.95945
-0.952009
-0.945051
-0.940043
-0.937744
-0.937951
-0.939544
-0.94115
-0.941765
-0.941242
-0.940153
-0.939564
-0.940517
-0.943667
-0.949055
-0.956282
-0.96471
-0.973742
-0.982945
-0.992083
-1.00106
-1.00981
-1.01827
-1.02629
-1.03371
-1.04033
-1.04594
-1.05035
-1.05339
-1.05496
-1.05489
-1.05307
-1.0494
-1.04376
-1.03616
-1.02669
-1.01573
-1.00396
-0.992475
-0.982661
-0.975922
-0.973212
-0.974695
-0.979643
-0.986739
-0.994619
-1.00225
-1.00904
-1.01476
-1.01947
-1.02327
-1.0263
-1.02865
-1.03039
-1.03159
-1.03228
-1.03258
-1.03257
-1.03238
-1.03215
-1.03201
-1.03204
-1.03231
-1.0328
-1.0334
-1.03397
-1.03428
-1.03415
-1.03344
-1.03212
-1.03036
-1.02847
-1.02688
-1.02593
-1.02582
-1.02643
-1.02743
-1.02838
-1.02887
-1.02862
-1.0275
-1.02548
-1.0226
-1.01898
-1.01475
-1.01009
-1.00522
-1.00038
-0.995807
-0.991705
-0.988233
-0.985472
-0.983424
-0.982029
-0.981222
-0.980885
-0.980928
-0.981289
-0.98197
-0.983069
-0.984819
-0.987525
-0.991424
-0.996535
-1.00258
-1.00903
-1.01531
-1.02094
-1.02564
-1.02928
-1.03188
-1.03335
-1.03356
-1.03222
-1.02902
-1.02368
-1.01621
-1.00709
-0.997462
-0.989103
-0.984036
-0.983831
-0.988902
-0.998316
-1.01028
-1.02291
-1.03471
-1.04477
-1.05267
-1.0583
-1.06173
-1.06312
-1.06269
-1.06075
-1.05763
-1.05377
-1.04959
-1.04545
-1.04158
-1.03803
-1.03466
-1.03128
-1.02775
-1.02402
-1.0202
-1.01651
-1.01318
-1.01039
-1.0082
-1.00652
-1.00521
-1.00405
-1.00282
-1.00135
-0.999537
-0.997371
-0.994904
-0.992291
-0.989698
-0.987312
-0.9853
-0.983783
-0.982848
-0.982572
-0.982976
-0.984135
-0.986087
-0.988858
-0.99242
-0.996634
-1.00124
-1.00598
-1.01056
-1.01475
-1.0184
-1.02148
-1.02398
-1.02586
-1.0271
-1.02757
-1.02708
-1.02546
-1.02256
-1.0183
-1.01273
-1.00604
-0.998607
-0.990897
-0.983496
-0.976998
-0.971893
-0.968507
-0.966916
-0.966922
-0.968126
-0.970026
-0.972126
-0.974036
-0.975477
-0.976258
-0.976268
-0.975453
-0.973781
-0.971296
-0.96809
-0.964309
-0.960101
-0.955591
-0.950809
-0.945731
-0.940355
-0.93467
-0.928821
-0.923061
-0.917688
-0.913024
-0.90945
-0.907494
-0.907709
-0.91033
-0.915035
-0.920942
-0.926828
-0.931636
-0.934652
-0.935557
-0.934313
-0.931133
-0.926343
-0.920368
-0.913728
-0.906986
-0.900745
-0.895622
-0.892113
-0.890473
-0.89061
-0.892115
-0.894397
-0.89683
-0.898934
-0.900402
-0.901101
-0.901015
-0.900245
-0.898936
-0.897271
-0.895463
-0.893725
-0.892271
-0.891268
-0.890811
-0.890919
-0.891513
-0.892414
-0.893425
-0.894321
-0.894908
-0.895069
-0.894782
-0.894126
-0.893258
-0.892396
-0.891767
-0.891531
-0.89176
-0.89243
-0.89344
-0.894651
-0.895934
-0.897173
-0.898291
-0.899251
-0.900004
-0.900496
-0.900685
-0.900495
-0.899831
-0.898622
-0.896789
-0.894301
-0.891155
-0.887428
-0.88327
-0.878938
-0.874777
-0.87122
-0.868695
-0.867539
-0.867886
-0.869582
-0.872226
-0.8753
-0.878272
-0.880692
-0.882243
-0.882705
-0.881964
-0.880009
-0.877037
-0.873449
-0.869916
-0.867164
-0.865822
-0.866109
-0.8678
-0.87037
-0.873279
-0.876159
-0.878891
-0.881521
-0.884141
-0.886827
-0.889539
-0.892164
-0.894467
-0.896268
-0.897389
-0.89777
-0.897472
-0.896693
-0.895715
-0.894871
-0.894459
-0.894682
-0.895627
-0.897225
-0.899318
-0.901677
-0.904071
-0.906301
-0.908217
-0.909764
-0.910928
-0.911755
-0.91229
-0.912588
-0.91269
-0.912577
-0.912246
-0.91166
-0.910814
-0.909739
-0.9085
-0.907194
-0.905896
-0.904626
-0.903311
-0.901716
-0.899535
-0.896464
-0.892349
-0.887304
-0.881846
-0.87689
-0.873511
-0.872555
-0.874247
-0.878101
-0.88318
-0.888516
-0.893438
-0.897607
-0.901004
-0.903728
-0.905929
-0.907738
-0.909214
-0.910374
-0.911186
-0.911623
-0.91163
-0.911185
-0.910297
-0.908985
-0.907294
-0.905295
-0.903055
-0.90062
-0.898087
-0.895506
-0.892946
-0.890441
-0.888038
-0.885709
-0.883414
-0.881079
-0.878621
-0.876018
-0.873339
-0.870773
-0.868618
-0.867206
-0.866778
-0.867446
-0.869148
-0.87168
-0.874783
-0.878226
-0.881904
-0.88579
-0.889903
-0.894248
-0.898791
-0.903409
-0.907952
-0.912237
-0.916081
-0.919352
-0.921949
-0.923811
-0.924933
-0.925314
-0.924985
-0.923995
-0.922387
-0.920212
-0.91749
-0.914208
-0.910332
-0.905804
-0.900582
-0.894636
-0.888059
-0.881027
-0.873818
-0.866789
-0.860338
-0.854813
-0.850477
-0.847477
-0.845911
-0.845797
-0.847092
-0.849706
-0.853452
-0.85807
-0.863225
-0.86861
-0.873942
-0.879053
-0.88384
-0.888265
-0.89233
-0.896052
-0.899425
-0.902442
-0.905093
-0.907379
-0.909293
-0.910834
-0.912026
-0.912889
-0.913479
-0.913846
-0.914056
-0.914199
-0.914329
-0.91452
-0.914808
-0.915218
-0.915697
-0.916151
-0.916426
-0.916273
-0.915391
-0.913406
-0.909923
-0.904607
-0.89737
-0.888578
-0.879236
-0.870935
-0.865384
-0.863567
-0.865295
-0.869425
-0.874543
-0.879574
-0.883923
-0.88733
-0.889686
-0.890884
-0.890825
-0.889439
-0.886766
-0.883001
-0.878462
-0.873651
-0.869142
-0.865535
-0.86336
-0.862998
-0.864616
-0.868191
-0.873451
-0.879999
-0.887327
-0.894866
-0.90208
-0.908528
-0.913857
-0.917878
-0.92054
-0.921957
-0.922389
-0.922227
-0.921949
-0.922039
-0.922942
-0.924921
-0.928025
-0.93208
-0.93675
-0.941646
-0.946416
-0.950814
-0.954693
-0.958025
-0.960869
-0.963295
-0.965386
-0.967209
-0.968815
-0.970206
-0.971373
-0.972287
-0.972929
-0.973293
-0.973373
-0.973216
-0.972893
-0.9725
-0.97216
-0.972003
-0.972162
-0.972746
-0.973849
-0.975531
-0.977801
-0.980634
-0.983953
-0.987638
-0.991528
-0.995386
-0.998969
-1.00198
-1.00416
-1.00526
-1.00514
-1.00374
-1.00122
-0.997869
-0.994135
-0.99051
-0.987413
-0.985039
-0.98334
-0.981953
-0.980421
-0.978302
-0.97535
-0.971637
-0.967519
-0.963608
-0.960548
-0.958841
-0.958679
-0.959999
-0.96248
-0.965756
-0.969504
-0.973487
-0.977609
-0.981813
-0.986079
-0.990344
-0.994523
-0.998538
-1.00232
-1.00587
-1.0092
-1.01235
-1.01539
-1.01833
-1.02116
-1.02385
-1.0263
-1.02843
-1.03009
-1.03113
-1.03142
-1.0308
-1.02914
-1.02631
-1.02223
-1.01689
-1.01036
-1.00296
-0.995292
-0.988235
-0.982865
-0.980195
-0.980906
-0.985078
-0.99212
-1.00086
-1.00986
-1.01775
-1.02344
-1.02635
-1.02644
-1.02412
-1.02017
-1.01555
-1.0112
-1.00781
-1.00565
-1.00461
-1.00421
-1.00388
-1.00309
-1.00145
-0.998882
-0.995552
-0.991807
-0.988083
-0.984822
-0.982389
-0.980975
-0.980616
-0.981206
-0.982574
-0.984474
-0.986656
-0.988804
-0.990525
-0.99134
-0.990798
-0.98857
-0.984532
-0.978828
-0.971758
-0.963824
-0.955638
-0.947827
-0.940997
-0.935584
-0.931895
-0.930006
-0.92983
-0.93109
-0.933442
-0.93649
-0.939881
-0.94332
-0.946571
-0.949486
-0.951962
-0.953935
-0.955372
-0.95624
-0.956549
-0.956327
-0.955669
-0.954713
-0.953646
-0.952684
-0.95202
-0.951807
-0.952059
-0.952728
-0.953643
-0.954592
-0.955363
-0.955776
-0.955713
-0.95514
-0.954079
-0.952643
-0.950955
-0.949177
-0.947464
-0.945994
-0.944877
-0.944207
-0.944037
-0.944372
-0.945142
-0.946242
-0.947526
-0.948823
-0.949976
-0.950839
-0.951313
-0.951317
-0.950836
-0.949832
-0.948305
-0.946221
-0.943541
-0.940229
-0.936212
-0.931417
-0.925796
-0.919351
-0.9121
-0.904194
-0.895851
-0.887437
-0.879388
-0.872241
-0.866507
-0.862635
-0.860869
-0.861272
-0.86367
-0.867695
-0.872838
-0.878511
-0.884065
-0.888908
-0.892526
-0.894572
-0.894892
-0.893556
-0.890852
-0.887277
-0.88348
-0.880152
-0.877906
-0.87719
-0.878137
-0.880619
-0.884262
-0.888538
-0.892877
-0.896761
-0.899798
-0.901702
-0.902374
-0.901838
-0.900255
-0.897899
-0.895051
-0.892039
-0.889187
-0.886787
-0.885068
-0.884211
-0.884305
-0.885308
-0.887076
-0.889359
-0.891812
-0.894058
-0.895699
-0.896383
-0.895867
-0.893958
-0.890574
-0.885739
-0.879583
-0.872292
-0.864142
-0.855473
-0.846687
-0.838222
-0.830608
-0.824388
-0.820089
-0.818194
-0.819047
-0.822731
-0.829004
-0.837296
-0.84682
-0.856745
-0.866399
-0.87533
-0.883377
-0.890534
-0.896884
-0.902511
-0.907456
-0.911694
-0.915188
-0.917862
-0.919703
-0.920727
-0.921002
-0.920614
-0.919633
-0.918092
-0.915976
-0.913185
-0.909613
-0.905114
-0.89958
-0.892959
-0.885276
-0.876687
-0.867527
-0.858325
-0.849832
-0.842834
-0.837949
-0.835377
-0.834789
-0.835531
-0.836971
-0.838742
-0.840908
-0.843841
-0.84796
-0.853517
-0.860453
-0.868388
-0.87676
-0.884967
-0.892517
-0.899062
-0.904421
-0.908518
-0.911386
-0.913038
-0.91357
-0.913047
-0.91157
