0 -0.46784 0.00851962
1 -0.480458 0.00820169
2 -0.492657 0.00766736
3 -0.502903 0.00774503
4 -0.513549 0.00771486
5 -0.524032 0.00763911
6 -0.532357 0.00752595
7 -0.541391 0.00748439
8 -0.548683 0.00737994
9 -0.556897 0.00726385
10 -0.563734 0.00727071
11 -0.571407 0.007236
12 -0.57894 0.00750466
13 -0.585303 0.00708617
14 -0.592956 0.00660725
15 -0.600934 0.00613063
16 -0.606001 0.00651356
17 -0.612674 0.00652734
18 -0.61773 0.00644949
19 -0.621161 0.00622299
20 -0.625582 0.00631608
21 -0.629127 0.00583115
22 -0.632735 0.00535643
23 -0.638259 0.00523335
24 -0.644928 0.00500787
25 -0.650588 0.00508308
26 -0.654145 0.00515112
27 -0.65849 0.0049424
28 -0.660532 0.00473591
29 -0.663664 0.00441196
30 -0.66797 0.00458976
31 -0.670711 0.00447782
32 -0.673075 0.00445964
33 -0.676988 0.00452159
34 -0.682257 0.0045059
35 -0.687604 0.00456607
36 -0.692648 0.00427308
37 -0.696223 0.00432394
38 -0.699899 0.00408531
39 -0.702026 0.00392818
40 -0.702976 0.00385853
41 -0.70576 0.0037118
42 -0.709425 0.00370827
43 -0.711498 0.00371775
44 -0.713212 0.00391519
45 -0.716992 0.00364142
46 -0.719868 0.00360713
47 -0.721546 0.00337587
48 -0.724614 0.00305634
49 -0.724929 0.00293614
50 -0.727657 0.0033418
51 -0.729249 0.00311746
52 -0.730212 0.0026517
53 -0.732812 0.00287214
54 -0.733973 0.00285432
55 -0.735871 0.00276982
56 -0.736713 0.00262107
57 -0.738901 0.00263747
58 -0.740074 0.00258888
59 -0.740657 0.00275128
60 -0.743498 0.00275174
61 -0.744139 0.00291987
62 -0.745987 0.00285185
63 -0.74751 0.0029036
64 -0.748789 0.00319455
65 -0.750445 0.00343185
66 -0.751046 0.00342195
67 -0.752715 0.00337201
68 -0.753738 0.00350919
69 -0.753885 0.0033889
70 -0.756083 0.00329547
71 -0.757657 0.00315541
72 -0.760041 0.00322423
73 -0.761107 0.00339001
74 -0.76251 0.00320497
75 -0.763282 0.00333848
76 -0.763334 0.00341393
77 -0.765226 0.00367409
78 -0.767201 0.00359352
79 -0.767916 0.00346853
80 -0.767986 0.00362051
81 -0.767992 0.00362178
82 -0.767936 0.00340912
83 -0.769718 0.00310136
84 -0.77066 0.00321863
85 -0.773034 0.00336559
86 -0.775016 0.0036038
87 -0.776186 0.00380989
88 -0.777214 0.00376911
89 -0.778561 0.00380686
90 -0.778322 0.00409688
91 -0.779195 0.00379917
92 -0.778942 0.00382375
93 -0.778543 0.00387661
94 -0.778579 0.00385857
95 -0.779198 0.00388154
96 -0.779906 0.0036919
97 -0.78103 0.0036262
98 -0.781981 0.00360705
99 -0.782197 0.00399955
100 -0.781455 0.00417981
101 -0.781305 0.0043422
102 -0.782027 0.0045888
103 -0.782347 0.00439757
104 -0.782176 0.00448804
105 -0.781678 0.00450755
106 -0.781073 0.00454479
107 -0.7816 0.00429028
108 -0.783312 0.00430459
109 -0.783793 0.00427919
110 -0.784464 0.00414381
111 -0.785479 0.00402614
112 -0.785433 0.00398872
113 -0.786851 0.00390972
114 -0.787082 0.00391064
115 -0.7862 0.0039361
116 -0.786697 0.00381431
117 -0.788106 0.00357167
118 -0.788443 0.00353681
119 -0.787869 0.00357307
120 -0.787852 0.00358968
121 -0.787555 0.00357296
122 -0.788562 0.00354077
123 -0.788069 0.00329448
124 -0.789184 0.00324146
125 -0.789847 0.00327755
126 -0.790434 0.0036298
127 -0.790453 0.00366011
128 -0.790534 0.00401082
129 -0.790837 0.0040394
130 -0.789833 0.00433734
131 -0.788964 0.00391818
132 -0.788664 0.00398855
133 -0.788037 0.003763
134 -0.788617 0.00382274
135 -0.789267 0.00364899
136 -0.790501 0.00363249
137 -0.791333 0.00371705
138 -0.791511 0.00362228
139 -0.792694 0.00368534
140 -0.791985 0.00354121
141 -0.792382 0.00349879
142 -0.792015 0.00357297
143 -0.792061 0.00359486
144 -0.791121 0.00341322
145 -0.791347 0.0035822
146 -0.790631 0.0035265
147 -0.791706 0.00356825
148 -0.791558 0.00363498
149 -0.7918 0.00378472
150 -0.791646 0.00360753
151 -0.79162 0.00384516
152 -0.790805 0.0038969
153 -0.789323 0.00347118
154 -0.788183 0.00362067
155 -0.787566 0.00360287
156 -0.787384 0.00341636
157 -0.786994 0.00332138
158 -0.786741 0.00339808
159 -0.787157 0.00324514
160 -0.78791 0.00336705
161 -0.788575 0.00331007
162 -0.788316 0.00318001
163 -0.78779 0.00328356
164 -0.788327 0.00340126
165 -0.78858 0.0034264
166 -0.788655 0.00352806
167 -0.788183 0.00341838
168 -0.788341 0.00341916
169 -0.788363 0.00337819
170 -0.788865 0.00312834
171 -0.789526 0.00302791
172 -0.790247 0.00301026
173 -0.789244 0.0030266
174 -0.788241 0.00305191
175 -0.78696 0.00294331
176 -0.786656 0.00312476
177 -0.785476 0.00348215
178 -0.785636 0.00318065
179 -0.785902 0.00323969
180 -0.785748 0.00343091
181 -0.785137 0.00339384
182 -0.784113 0.00350393
183 -0.784424 0.00341191
184 -0.784548 0.0033534
185 -0.784092 0.00354773
186 -0.784357 0.00345526
187 -0.783844 0.00330037
188 -0.783587 0.0031264
189 -0.783494 0.00305105
190 -0.784442 0.00299342
191 -0.782512 0.00300908
192 -0.781937 0.00329725
193 -0.783207 0.00344759
194 -0.78327 0.0037662
195 -0.782652 0.0036945
196 -0.780886 0.00401167
197 -0.778388 0.00408282
198 -0.77694 0.00414002
199 -0.777784 0.00414174
200 -0.777027 0.00386954
201 -0.775553 0.00386948
202 -0.774075 0.00405445
203 -0.772589 0.00398487
204 -0.771148 0.00413597
205 -0.770335 0.00388453
206 -0.770638 0.00373742
207 -0.771487 0.00364333
208 -0.771747 0.0036144
209 -0.771669 0.00382205
210 -0.771104 0.00377186
211 -0.769241 0.00382184
212 -0.768282 0.00351315
213 -0.768011 0.00351326
214 -0.767671 0.00332839
215 -0.766427 0.00372891
216 -0.765959 0.00332708
217 -0.764536 0.00330614
218 -0.764125 0.00346373
219 -0.764096 0.0034149
220 -0.761742 0.00355618
221 -0.7603 0.00369789
222 -0.759242 0.00366692
223 -0.758852 0.00365331
224 -0.757406 0.00378101
225 -0.75809 0.00355443
226 -0.75689 0.00331421
227 -0.756024 0.00327522
228 -0.753765 0.0033099
229 -0.752451 0.00322422
230 -0.751269 0.00317971
231 -0.748974 0.0030104
232 -0.74804 0.00314905
233 -0.744855 0.00321793
234 -0.743593 0.00295619
235 -0.741945 0.00328338
236 -0.741215 0.00322314
237 -0.740323 0.00308809
238 -0.738365 0.00309672
239 -0.73656 0.00310889
240 -0.735485 0.00318314
241 -0.733437 0.0034681
242 -0.731725 0.003465
243 -0.730387 0.00350222
244 -0.728755 0.0034805
245 -0.728624 0.00362909
246 -0.726138 0.0033549
247 -0.724608 0.00336633
248 -0.723535 0.0036374
249 -0.721067 0.00360101
250 -0.718782 0.00398175
251 -0.716686 0.00410552
252 -0.71454 0.00408975
253 -0.710869 0.00419262
254 -0.708868 0.00415088
255 -0.705246 0.00407174
256 -0.702248 0.00435208
257 -0.70007 0.00487589
258 -0.696364 0.00481244
259 -0.694729 0.00506808
260 -0.691054 0.0053872
261 -0.688196 0.00540286
262 -0.685747 0.00557359
263 -0.683508 0.00568606
264 -0.681085 0.00570027
265 -0.679135 0.00605485
266 -0.6756 0.00596177
267 -0.670154 0.00614599
268 -0.665407 0.00640054
269 -0.663433 0.00649437
270 -0.658376 0.00657731
271 -0.654069 0.00678086
272 -0.650256 0.00695742
273 -0.645795 0.00699762
274 -0.641378 0.00684046
275 -0.636151 0.00686103
276 -0.631746 0.00734232
277 -0.627247 0.0074253
278 -0.622246 0.00778288
279 -0.616346 0.00780912
280 -0.610557 0.00755814
281 -0.604008 0.00733651
282 -0.598807 0.00728594
283 -0.594339 0.00730355
284 -0.587987 0.00748849
285 -0.580818 0.00765567
286 -0.574965 0.00789924
287 -0.56857 0.00786647
288 -0.561916 0.0081712
289 -0.554174 0.00829289
290 -0.545754 0.00833161
291 -0.53695 0.00856322
292 -0.528072 0.00881696
293 -0.51959 0.00899324
294 -0.508961 0.00902447
295 -0.49915 0.00949288
296 -0.487673 0.00956178
297 -0.47582 0.00955598
298 -0.464865 0.00922588
299 -0.454401 0.00984537
