0 -0.75694 0.00359592
1 -0.757885 0.00347485
2 -0.757769 0.00361936
3 -0.757334 0.00357668
4 -0.758467 0.00395723
5 -0.759024 0.00380452
6 -0.762948 0.0040172
7 -0.762365 0.00395079
8 -0.762396 0.00397178
9 -0.764722 0.00347769
10 -0.763979 0.00318541
11 -0.766526 0.00337558
12 -0.76881 0.0027017
13 -0.768695 0.00302397
14 -0.769726 0.00320089
15 -0.769061 0.00334158
16 -0.770365 0.00255544
17 -0.770996 0.00214833
18 -0.772094 0.00215216
19 -0.773395 0.00264018
20 -0.775206 0.002574
21 -0.775201 0.00206252
22 -0.776827 0.00200365
23 -0.77731 0.00237917
24 -0.777366 0.00299582
25 -0.776805 0.00314922
26 -0.776671 0.00366984
27 -0.778269 0.00367475
28 -0.777929 0.00341667
29 -0.778835 0.00308717
30 -0.779422 0.00328325
31 -0.779626 0.00367994
32 -0.778158 0.00319363
33 -0.778264 0.00317957
34 -0.779168 0.00264857
35 -0.779539 0.00286104
36 -0.780348 0.00269079
37 -0.779607 0.00250718
38 -0.780077 0.00255649
39 -0.777725 0.00282734
40 -0.779534 0.00308021
41 -0.778921 0.00340149
42 -0.777375 0.00291119
43 -0.778493 0.00304282
44 -0.777992 0.00318975
45 -0.778011 0.00318349
46 -0.778194 0.00310554
47 -0.7789 0.00332691
48 -0.778241 0.0035348
49 -0.778066 0.00340778
50 -0.776988 0.00336203
51 -0.777387 0.00357719
52 -0.778046 0.00349679
53 -0.780062 0.00334592
54 -0.781727 0.00304492
55 -0.782123 0.00298084
56 -0.782412 0.00328739
57 -0.780662 0.00330468
58 -0.780388 0.00353594
59 -0.781249 0.00328604
60 -0.781642 0.00351866
61 -0.780749 0.00323146
62 -0.780521 0.00320129
63 -0.778306 0.00295964
64 -0.778601 0.00287235
65 -0.779131 0.00282003
66 -0.778128 0.00287216
67 -0.777801 0.00268797
68 -0.77848 0.00252433
69 -0.778596 0.00236208
70 -0.778493 0.00288308
71 -0.778758 0.00280133
72 -0.777326 0.0030154
73 -0.776014 0.00326275
74 -0.774649 0.00310709
75 -0.773512 0.00317283
76 -0.773708 0.00336088
77 -0.774069 0.00290983
78 -0.774966 0.00243234
79 -0.775135 0.00220174
80 -0.77591 0.00194995
81 -0.777731 0.00151888
82 -0.77851 0.00196217
83 -0.77956 0.00233921
84 -0.779509 0.00223429
85 -0.778029 0.00241843
86 -0.778359 0.00253169
87 -0.77652 0.00276641
88 -0.779708 0.00278611
89 -0.780358 0.00295707
90 -0.779568 0.00320104
91 -0.781928 0.00311271
92 -0.779854 0.00319047
93 -0.781074 0.00301647
94 -0.782099 0.0028147
95 -0.78529 0.00253368
96 -0.784565 0.00328418
97 -0.782727 0.00315838
98 -0.783587 0.00283834
99 -0.78392 0.0030174
100 -0.783782 0.00261327
101 -0.781859 0.00298709
102 -0.781052 0.00308274
103 -0.77925 0.00313835
104 -0.780617 0.00278685
105 -0.779699 0.00311724
106 -0.781309 0.00306984
107 -0.781239 0.00304157
108 -0.782571 0.00275459
109 -0.782362 0.00311111
110 -0.782597 0.00309978
111 -0.781697 0.0024617
112 -0.781656 0.00229587
113 -0.780747 0.00247083
114 -0.781017 0.00281471
115 -0.778536 0.0029589
116 -0.777252 0.00276543
117 -0.778142 0.0026235
118 -0.777574 0.00258692
119 -0.778235 0.00241158
120 -0.779165 0.00213561
121 -0.782531 0.00212931
122 -0.782702 0.00258102
123 -0.783906 0.00204411
124 -0.783384 0.00182996
125 -0.782971 0.00171009
126 -0.781668 0.00177509
127 -0.783388 0.00211594
128 -0.782848 0.00204634
129 -0.783569 0.00218475
130 -0.782152 0.00228649
131 -0.781557 0.00229927
132 -0.781439 0.00255591
133 -0.780264 0.00261298
134 -0.778628 0.0028972
135 -0.777987 0.00273404
136 -0.77823 0.00252272
137 -0.77844 0.00240504
138 -0.777524 0.00224626
139 -0.776064 0.00252101
140 -0.775711 0.0025939
141 -0.775351 0.00288646
142 -0.776775 0.00261234
143 -0.775983 0.00208277
144 -0.776028 0.00202886
145 -0.777265 0.00199554
146 -0.777564 0.00249672
147 -0.777939 0.00263224
148 -0.777967 0.00276087
149 -0.778544 0.00277261
150 -0.778436 0.00304623
151 -0.779134 0.00296576
152 -0.779015 0.00286782
153 -0.780449 0.00310884
154 -0.782665 0.00275644
155 -0.78188 0.00315249
156 -0.782007 0.00321396
157 -0.783056 0.00297493
158 -0.78261 0.00298087
159 -0.782821 0.00275491
160 -0.782385 0.00271498
161 -0.781846 0.00302426
162 -0.782264 0.00286949
163 -0.779995 0.00272434
164 -0.78076 0.00238761
165 -0.781818 0.00228665
166 -0.781382 0.00268783
167 -0.781141 0.0030103
168 -0.78109 0.00307115
169 -0.781196 0.00244615
170 -0.780833 0.00250396
171 -0.782409 0.00261309
172 -0.781658 0.00292931
173 -0.783009 0.00275614
174 -0.782823 0.00312324
175 -0.781299 0.00308787
176 -0.779905 0.00304231
177 -0.779721 0.0031612
178 -0.780522 0.00311168
179 -0.781006 0.00318001
180 -0.781111 0.00352974
181 -0.780791 0.00370749
182 -0.78045 0.00303378
183 -0.782535 0.00346491
184 -0.781019 0.00348212
185 -0.781019 0.00329477
186 -0.782368 0.00369929
187 -0.782271 0.00323775
188 -0.782842 0.00343999
189 -0.782793 0.00290729
190 -0.783478 0.00299085
191 -0.782873 0.00310922
192 -0.782805 0.00306651
193 -0.783694 0.00293278
194 -0.784525 0.00294984
195 -0.783555 0.00275836
196 -0.782498 0.00243847
197 -0.783873 0.00258974
198 -0.782212 0.00282805
199 -0.782691 0.00323643
200 -0.781439 0.00324747
201 -0.783621 0.00300763
202 -0.78221 0.00334778
203 -0.781272 0.00334241
204 -0.782152 0.00287038
205 -0.781943 0.00269835
206 -0.780193 0.00255223
207 -0.779711 0.00247043
208 -0.781836 0.00281629
209 -0.782935 0.00269425
210 -0.782001 0.00257114
211 -0.782747 0.00297649
212 -0.783915 0.00258196
213 -0.781516 0.00259388
214 -0.781749 0.00295379
215 -0.782007 0.00288653
216 -0.781634 0.00308315
217 -0.780554 0.00326793
218 -0.780327 0.00280001
219 -0.779772 0.00298538
220 -0.779683 0.00283536
221 -0.77961 0.0029
222 -0.7805 0.0031816
223 -0.780322 0.00324664
224 -0.780162 0.00308952
225 -0.779806 0.00272203
226 -0.78015 0.00269066
227 -0.78162 0.00263496
228 -0.781477 0.00282004
229 -0.782163 0.00260944
230 -0.781304 0.00291178
231 -0.77919 0.00285698
232 -0.778076 0.00278682
233 -0.776965 0.00297872
234 -0.776769 0.00315043
235 -0.777622 0.00308896
236 -0.774821 0.00327139
237 -0.774807 0.00306723
238 -0.773332 0.0028733
239 -0.77296 0.00321815
240 -0.7717 0.00308809
241 -0.771929 0.00306093
242 -0.77375 0.00245252
243 -0.772477 0.00257766
244 -0.773521 0.00272323
245 -0.773379 0.00274842
246 -0.773893 0.00267549
247 -0.775272 0.00295506
248 -0.775663 0.00317494
249 -0.776422 0.0032739
250 -0.777006 0.00313513
251 -0.777399 0.0026823
252 -0.777884 0.00246129
253 -0.777773 0.00252625
254 -0.777003 0.00272453
255 -0.776353 0.00240953
256 -0.77941 0.00256166
257 -0.781235 0.0022672
258 -0.77985 0.00250303
259 -0.779348 0.00273909
260 -0.779633 0.00292954
261 -0.779753 0.00321504
262 -0.780852 0.00283922
263 -0.780306 0.00302564
264 -0.780491 0.00299615
265 -0.778604 0.00268099
266 -0.779069 0.00288429
267 -0.779755 0.00338268
268 -0.779851 0.00312867
269 -0.780139 0.00309301
270 -0.781073 0.00292733
271 -0.778765 0.00253147
272 -0.780106 0.00251766
273 -0.780082 0.00215222
274 -0.779295 0.00213938
275 -0.77715 0.00226546
276 -0.776645 0.00246182
277 -0.775744 0.00261067
278 -0.774041 0.00293905
279 -0.773619 0.00294459
280 -0.773381 0.00264773
281 -0.77414 0.00277681
282 -0.774125 0.00295814
283 -0.775163 0.00270088
284 -0.776001 0.00266153
285 -0.775888 0.00292425
286 -0.778781 0.00299079
287 -0.775443 0.00287369
288 -0.77435 0.00310816
289 -0.7737 0.00341297
290 -0.773508 0.00310305
291 -0.773542 0.00333286
292 -0.774984 0.00365827
293 -0.772399 0.00372642
294 -0.771027 0.00363909
295 -0.769853 0.00404943
296 -0.767637 0.00441427
297 -0.765431 0.00408742
298 -0.763921 0.00433681
299 -0.76037 0.00415185
