           1    -6.68593    -6.68593           0
           2    -6.68758    -6.68675 0.000823858
           3    -6.68541    -6.68631 0.000653871
           4    -6.67987     -6.6847  0.00167342
           5    -6.68869     -6.6855  0.00152257
           6    -6.68035    -6.68464  0.00151004
           7    -6.69498    -6.68612   0.0019519
           8    -6.67844    -6.68516  0.00194341
           9    -6.68233    -6.68484   0.0017425
          10    -6.68753    -6.68511  0.00158162
          11    -6.67819    -6.68448  0.00156306
          12     -6.6889    -6.68485  0.00147351
          13    -6.68672    -6.68499  0.00136303
          14    -6.68178    -6.68476  0.00128264
          15    -6.68676     -6.6849   0.0012015
          16    -6.67737    -6.68443  0.00121847
          17    -6.68367    -6.68438  0.00114541
          18    -6.67389     -6.6838  0.00122714
          19    -6.67931    -6.68356  0.00118455
          20    -6.68536    -6.68365  0.00112734
          21    -6.68259     -6.6836  0.00107351
          22    -6.67866    -6.68338  0.00104794
          23    -6.67975    -6.68322  0.00101367
          24    -6.67945    -6.68306 0.000983177
          25    -6.68354    -6.68308 0.000943226
          26    -6.67563     -6.6828 0.000950479
          27    -6.68134    -6.68274 0.000916194
          28    -6.67845    -6.68259  0.00089604
          29     -6.6762    -6.68237 0.000892228
          30    -6.68364    -6.68241 0.000863013
          31     -6.6914     -6.6827 0.000883636
          32    -6.69017    -6.68293 0.000886824
          33    -6.68541    -6.68301 0.000862812
          34    -6.67137    -6.68267 0.000904376
          35    -6.68247    -6.68266 0.000878175
          36    -6.68677    -6.68277  0.00086105
          37    -6.68938    -6.68295 0.000856297
          38    -6.66768    -6.68255 0.000925286
          39    -6.67508    -6.68236 0.000921384
          40    -6.69516    -6.68268 0.000953351
          41    -6.67861    -6.68258 0.000935095
          42    -6.67598    -6.68242 0.000926001
          43    -6.67922    -6.68235 0.000907269
          44    -6.68017     -6.6823 0.000887787
          45    -6.68115    -6.68227  0.00086821
          46    -6.68646    -6.68236 0.000853988
          47    -6.68796    -6.68248 0.000844053
          48    -6.68084    -6.68245 0.000826991
          49    -6.69354    -6.68268 0.000840995
          50    -6.68902     -6.6828  0.00083371
          51    -6.68824    -6.68291 0.000824127
          52    -6.68897    -6.68303 0.000816474
          53    -6.68521    -6.68307 0.000801984
          54     -6.6866    -6.68313 0.000789706
          55    -6.68387    -6.68315  0.00077533
          56     -6.6806     -6.6831 0.000762717
          57    -6.68002    -6.68305 0.000751163
          58    -6.67814    -6.68296 0.000742929
          59    -6.68246    -6.68295 0.000730277
          60    -6.67156    -6.68276 0.000742687
          61    -6.67952    -6.68271 0.000732344
          62    -6.68693    -6.68278 0.000723646
          63    -6.68829    -6.68287 0.000717412
          64    -6.68447    -6.68289 0.000706558
          65    -6.68188    -6.68288 0.000695778
          66    -6.69591    -6.68307 0.000713051
          67    -6.68307    -6.68307 0.000702328
          68    -6.68289    -6.68307 0.000691928
          69    -6.67695    -6.68298 0.000687563
          70    -6.68259    -6.68298 0.000677693
          71    -6.67739     -6.6829 0.000672704
          72    -6.68198    -6.68288 0.000663418
          73       -6.68    -6.68284 0.000655458
          74    -6.68653    -6.68289 0.000648459
          75    -6.68448    -6.68292 0.000640103
          76    -6.67499    -6.68281 0.000640169
          77    -6.68285    -6.68281 0.000631801
          78    -6.68351    -6.68282 0.000623713
          79    -6.68659    -6.68287 0.000617613
          80    -6.68713    -6.68292  0.00061217
          81    -6.68685    -6.68297 0.000606509
          82    -6.68835    -6.68304 0.000602645
          83    -6.68131    -6.68302 0.000595704
          84    -6.67383    -6.68291 0.000598644
          85    -6.68517    -6.68293 0.000592161
          86    -6.68238    -6.68293 0.000585271
          87    -6.68875    -6.68299 0.000582363
          88    -6.67434    -6.68289 0.000584038
          89    -6.69073    -6.68298 0.000584109
          90    -6.67814    -6.68293 0.000580088
          91    -6.67978    -6.68289 0.000574721
          92    -6.67859    -6.68285 0.000570365
          93    -6.68012    -6.68282 0.000564961
          94    -6.67891    -6.68278 0.000560465
          95    -6.68091    -6.68276 0.000554881
          96    -6.68777    -6.68281 0.000551549
          97      -6.679    -6.68277 0.000547242
          98    -6.68352    -6.68278 0.000541683
          99     -6.6699    -6.68265 0.000551732
         100    -6.68301    -6.68265 0.000546199
