   0.0115332           0           0
   0.0345996           0           0
   0.0576661           0           0
   0.0807325           0           0
    0.103799           0           0
    0.126865           0           0
    0.149932           0           0
    0.172998           0           0
    0.196065           0           0
    0.219131           0           0
    0.242198           0           0
    0.265264           0           0
     0.28833           0           0
    0.311397           0           0
    0.334463           0           0
     0.35753           0           0
    0.380596           0           0
    0.403663           0           0
    0.426729           0           0
    0.449795           0           0
    0.472862           0           0
    0.495928           0           0
    0.518995           0           0
    0.542061           0           0
    0.565128           0           0
    0.588194           0           0
     0.61126           0           0
    0.634327           0           0
    0.657393           0           0
     0.68046           0           0
    0.703526           0           0
    0.726593           0           0
    0.749659           0           0
    0.772725           0           0
    0.795792           0           0
    0.818858           0           0
    0.841925           0           0
    0.864991 4.65721e-07 4.65721e-07
    0.888058 8.14464e-05 5.54822e-06
    0.911124  0.00341317 3.69108e-05
     0.93419   0.0475254 0.000151052
    0.957257    0.293776 0.000474913
    0.980323     1.00837 0.000918556
     1.00339     2.24188   0.0011336
     1.02646     3.62631 0.000932903
     1.04952     4.61704  0.00110606
     1.07259     4.89469  0.00153142
     1.09566      4.4901  0.00155968
     1.11872     3.65641  0.00136274
     1.14179     2.69347 0.000948686
     1.16485     1.81631 0.000629996
     1.18792     1.13126 0.000563679
     1.21099     0.65449 0.000490048
     1.23405    0.353945 0.000483633
     1.25712    0.180057 0.000384543
     1.28019   0.0893912 0.000302823
     1.30325   0.0495553 0.000214516
     1.32632   0.0423623  0.00020424
     1.34939   0.0608704 0.000217936
     1.37245    0.106265 0.000261257
     1.39552    0.184522 0.000303074
     1.41859    0.300647 0.000277688
     1.44165    0.453582 0.000308216
     1.46472    0.627864  0.00029093
     1.48778    0.796038 0.000425773
     1.51085    0.921287  0.00054693
     1.53392    0.969981 0.000597719
     1.55698    0.928449 0.000528971
     1.58005    0.809262 0.000465566
     1.60312    0.641241  0.00028823
     1.62618    0.465788 0.000239617
     1.64925    0.317103 0.000300754
     1.67232    0.219661 0.000348899
     1.69538    0.192601 0.000414901
     1.71845    0.255447 0.000497797
     1.74152    0.434193 0.000544847
     1.76458    0.750109 0.000586136
     1.78765     1.19867  0.00047902
     1.81071     1.72789 0.000445093
     1.83378     2.23536 0.000595287
     1.85685     2.59527 0.000942965
     1.87991     2.71211  0.00106545
     1.90298     2.55508  0.00100088
     1.92605     2.17983 0.000762663
     1.94911      1.6903 0.000431766
     1.97218     1.20137 0.000371246
     1.99525    0.802556 0.000521321
     2.01831    0.543374  0.00059893
     2.04138    0.435047 0.000573948
     2.06445    0.461795 0.000488362
     2.08751    0.587372 0.000347318
     2.11058    0.758158 0.000250623
     2.13364    0.917047 0.000302149
     2.15671     1.01381 0.000402654
     2.17978     1.02132 0.000418029
     2.20284    0.918865 0.000341661
     2.22591    0.780775 0.000220487
     2.24898    0.653918 0.000303762
     2.27204    0.572416 0.000471799
     2.29511    0.573931 0.000541841
