           1     9.47192     9.47192           0
           2     9.46517     9.46854  0.00337596
           3     9.47859     9.47189  0.00387504
           4     9.50552      9.4803  0.00884178
           5     9.45624     9.47549  0.00837004
           6     9.50617      9.4806  0.00853537
           7     9.42404     9.47252   0.0108313
           8     9.51408     9.47772   0.0107226
           9     9.49579     9.47972  0.00966737
          10     9.46549      9.4783  0.00876307
          11     9.51739     9.48185  0.00868639
          12     9.45666     9.47976   0.0082028
          13     9.46784     9.47884  0.00760096
          14     9.49792      9.4802  0.00716786
          15     9.46959     9.47949  0.00671028
          16     9.51969     9.48201  0.00676098
          17     9.48615     9.48225   0.0063555
          18     9.54124     9.48553   0.0068297
          19     9.51034     9.48683  0.00659096
          20     9.47549     9.48627  0.00627842
          21     9.49288     9.48658  0.00598027
          22     9.51389     9.48782  0.00583554
          23     9.50599     9.48861  0.00563175
          24     9.50725     9.48939  0.00544761
          25     9.48725      9.4893  0.00522586
          26     9.53133     9.49092   0.0052746
          27     9.49849      9.4912  0.00508323
          28     9.51424     9.49202  0.00496693
          29     9.52594     9.49319  0.00493328
          30     9.48543     9.49293  0.00477302
          31     9.44018     9.49123  0.00492019
          32     9.45121     9.48998  0.00492541
          33     9.47629     9.48957  0.00479181
          34     9.55603     9.49152  0.00504307
          35     9.49256     9.49155  0.00489695
          36     9.46801      9.4909  0.00480371
          37     9.45756        9.49  0.00475815
          38     9.57487     9.49223  0.00514173
          39     9.53429     9.49331  0.00512298
          40     9.42264     9.49154   0.0052966
          41     9.51515     9.49212  0.00519779
          42     9.52983     9.49302  0.00515137
          43     9.51103     9.49343  0.00504756
          44     9.50539     9.49371  0.00493898
          45     9.49885     9.49382  0.00482934
          46     9.47196     9.49335  0.00474702
          47     9.46153     9.49267  0.00469398
          48     9.50124     9.49285  0.00459861
          49      9.4303     9.49157  0.00468118
          50     9.45644     9.49087  0.00464011
          51     9.46274     9.49032  0.00458153
          52     9.45655     9.48967  0.00453924
          53     9.47854     9.48946  0.00445772
          54     9.47139     9.48912  0.00438717
          55     9.48426     9.48903  0.00430757
          56     9.50508     9.48932  0.00423964
          57     9.50618     9.48962  0.00417508
          58      9.5151     9.49006  0.00412593
          59     9.49148     9.49008  0.00405546
          60      9.5535     9.49114  0.00412501
          61     9.50927     9.49143  0.00406769
          62     9.46961     9.49108    0.004017
          63     9.46342     9.49064  0.00397704
          64      9.4819     9.49051  0.00391679
          65     9.49695     9.49061  0.00385734
          66     9.41966     9.48953  0.00394762
          67     9.48862     9.48952  0.00388828
          68     9.48898     9.48951  0.00383068
          69     9.52357        9.49  0.00380689
          70     9.49295     9.49004  0.00375235
          71     9.52249      9.4905  0.00372725
          72     9.49516     9.49057  0.00367568
          73     9.50613     9.49078  0.00363124
          74     9.47102     9.49051  0.00359177
          75     9.48159     9.49039  0.00354556
          76     9.53587     9.49099  0.00354939
          77     9.49124     9.49099  0.00350299
          78     9.48635     9.49094  0.00345831
          79      9.4676     9.49064    0.003427
          80     9.46501     9.49032  0.00339902
          81     9.46888     9.49006  0.00336722
          82     9.46038     9.48969  0.00334553
          83     9.49853      9.4898  0.00330669
          84     9.54049      9.4904  0.00332236
          85     9.47692     9.49024  0.00328687
          86     9.49162     9.49026  0.00324847
          87     9.46146     9.48993  0.00322793
          88     9.53441     9.49043  0.00323081
          89     9.44878     9.48997  0.00322841
          90      9.5183     9.49028  0.00320782
          91      9.5058     9.49045  0.00317696
          92     9.51518     9.49072  0.00315371
          93     9.50529     9.49088  0.00312355
          94     9.51043     9.49109  0.00309713
          95     9.50358     9.49122  0.00306717
          96     9.46409     9.49093  0.00304818
          97     9.51035     9.49113  0.00302323
          98     9.48617     9.49108  0.00299265
          99      9.5632     9.49181  0.00305052
         100      9.4905      9.4918  0.00301989
