15.8236 9.7087 13.8661
15.2575 9.2403 12.3586
14.5098 8.3824 11.475
13.7662 7.61569 11.475
13.0358 6.90948 11.3182
12.6734 6.5314 11.3182
12.5713 6.41495 11.3182
12.4206 6.25906 11.0619
12.1899 6.06061 10.8138
12.1143 6.0086 10.8138
12.0754 5.97581 10.8138
11.9076 5.79511 10.8138
11.7356 5.61082 10.6825
11.558 5.41365 10.2321
11.4694 5.36855 9.48203
11.3625 5.24778 9.48203
11.4227 5.27586 9.48203
11.4439 5.27011 9.48203
11.3815 5.17071 9.48203
11.3779 5.18282 9.48203
11.2639 5.08361 9.48203
11.0122 4.89027 9.48203
10.9896 4.85894 9.48203
11.0108 4.82669 9.3635
10.9561 4.78039 9.3635
10.7105 4.53208 9.3635
10.7263 4.56086 9.3635
10.6614 4.50367 9.3635
10.5629 4.43203 8.53235
10.4121 4.31566 8.53235
10.4326 4.34652 8.53235
10.3765 4.3049 8.53235
10.3255 4.20149 8.53235
10.1973 4.10265 8.53235
10.1102 4.02655 8.53235
9.96183 3.90562 8.53235
9.66073 3.68605 8.53235
9.42298 3.51444 8.5286
8.89575 3.19124 8.31522
8.90586 3.21042 8.16852
8.89382 3.2381 8.16852
8.7396 3.09251 8.16852
8.62003 2.98719 8.03667
8.6347 2.99202 8.03667
8.57085 2.95129 8.03667
8.61819 2.99103 8.03667
8.69981 3.07237 7.99816
8.76161 3.12355 7.99816
8.82462 3.18708 7.99816
8.87699 3.2555 7.99816
8.72213 3.12243 7.99816
8.72331 3.10047 7.99816
8.67154 3.06132 7.99816
8.66562 3.03919 7.99816
8.64007 3.0364 7.99816
8.62416 3.03823 7.99816
8.61127 3.02753 7.99816
8.57995 2.99577 7.99816
8.59079 3.00761 7.99816
8.62377 3.03713 7.99816
8.69814 3.08862 7.99816
8.65008 3.05146 7.99816
8.6883 3.07649 7.99816
8.60704 3.01751 7.99816
8.65266 3.04112 7.99816
8.64824 3.01925 7.99816
8.65203 3.02677 7.99816
8.5612 2.96894 7.59469
8.55838 2.97428 7.59469
8.49607 2.92192 7.59469
8.48423 2.91765 7.59469
8.47331 2.91012 7.59469
8.46497 2.91291 7.59469
8.40511 2.88548 7.50102
8.42356 2.91004 7.50102
8.45196 2.93607 7.39013
8.35698 2.85669 7.39013
8.31999 2.83949 7.39013
8.29564 2.82742 7.39013
8.23586 2.79293 7.39013
8.15543 2.74946 7.3522
8.10261 2.71992 7.3522
7.87584 2.55973 7.24737
7.78547 2.48994 7.24737
7.7253 2.44258 7.24737
7.64933 2.39016 7.24737
7.6254 2.37572 7.24737
7.58539 2.33076 7.24737
7.58169 2.32633 7.24737
7.56698 2.31233 7.24737
7.56787 2.30824 7.22188
7.58953 2.31762 7.22188
7.57645 2.30408 7.22188
7.62328 2.3364 7.22188
7.65587 2.37126 7.22188
7.72431 2.41718 7.22188
7.71323 2.40408 7.22188
7.65751 2.37091 7.22188
7.63496 2.36158 7.22188
7.69385 2.41166 7.22188
7.65528 2.3819 7.22188
7.66501 2.3935 7.22188
7.64192 2.37194 7.22188
7.57985 2.32523 7.22188
7.57098 2.31846 7.22188
7.59375 2.33991 7.22188
7.57421 2.32592 7.22188
7.59474 2.32711 7.22188
7.64718 2.34679 7.22188
7.6633 2.35285 7.22188
7.67052 2.35462 7.22188
7.68888 2.38294 7.22188
7.6909 2.38874 7.22188
7.70218 2.3896 7.22188
7.66654 2.37427 7.22188
7.66354 2.37793 7.22188
7.60963 2.34559 7.22188
7.56385 2.29946 7.22188
7.5355 2.25912 7.22188
7.47007 2.22158 6.6918
7.51857 2.26434 6.6918
7.46383 2.23076 6.6918
7.50651 2.26061 6.52163
7.52989 2.27996 6.52163
7.56833 2.3079 6.52163
7.39677 2.19601 6.52163
7.36416 2.17718 6.52163
7.32154 2.15604 6.52163
7.31586 2.14898 6.52163
7.33939 2.17231 6.52163
7.27339 2.14976 6.52163
7.271 2.14361 6.52163
7.24492 2.11991 6.52163
7.17424 2.07179 6.52163
7.17441 2.07449 6.52163
7.00531 1.99409 6.50296
6.99683 1.99444 6.50296
6.95944 1.99488 6.50296
6.87556 1.94335 6.50296
6.92508 1.97071 6.50296
6.89324 1.9446 6.50296
6.84363 1.91701 6.50296
6.79591 1.88019 6.42983
6.71562 1.81516 6.42983
6.70563 1.81325 6.42983
6.7124 1.81527 6.42983
6.67919 1.79545 6.42983
6.67808 1.79624 6.42983
6.68544 1.80021 6.42983
6.69493 1.80434 6.42983
6.69095 1.80279 6.42983
6.68653 1.80124 6.42983
6.68333 1.79949 6.42983
6.67671 1.79609 6.42983
6.67279 1.79398 6.42983
6.67893 1.79471 6.42983
6.68336 1.79583 6.42983
6.67691 1.79302 6.42983
6.6823 1.79471 6.42983
6.71108 1.81551 6.42983
6.69523 1.80004 6.42983
6.69443 1.79827 6.42983
6.69915 1.80432 6.42983
6.70826 1.80829 6.42983
6.6747 1.78922 6.42921
6.65843 1.78108 6.42921
6.6434 1.77428 6.42921
6.66205 1.78437 6.42921
6.66578 1.78486 6.42921
6.72426 1.82348 6.42921
6.76625 1.84879 6.42921
6.69674 1.80145 6.42921
6.70226 1.803 6.42921
6.69754 1.79663 6.42921
6.64562 1.77634 6.42921
6.63304 1.77361 6.42921
6.61964 1.76913 6.42921
6.63737 1.77573 6.42921
6.64593 1.77848 6.42921
6.68166 1.80347 6.42921
6.64848 1.77661 6.42921
6.60882 1.75806 6.42921
6.62794 1.76819 6.42921
6.64304 1.77696 6.42921
6.64371 1.77465 6.42921
6.65188 1.78114 6.42921
6.6823 1.80493 6.42921
6.69965 1.81239 6.42921
6.66601 1.79188 6.42921
6.69596 1.80967 6.42921
6.64406 1.7746 6.42921
6.65433 1.77686 6.42921
6.66794 1.78836 6.42921
6.67268 1.78789 6.26209
6.65836 1.77825 6.26209
6.66447 1.78084 6.26209
6.64375 1.77302 6.26209
6.63848 1.77454 6.26209
6.63913 1.77661 6.26209
6.63891 1.77331 6.26209
6.62712 1.76404 6.26209
6.61142 1.75877 6.26209
6.62981 1.76797 6.26209
6.60952 1.75881 6.26209
6.62449 1.76412 6.26209
6.63007 1.76338 6.26209
6.67801 1.79099 6.26209
6.62891 1.76222 6.26209
6.61407 1.75417 6.26209
6.63525 1.76685 6.26209
6.6785 1.79282 6.26209
6.6524 1.77538 6.26209
6.63442 1.76293 6.26209
6.63912 1.76861 6.26209
6.61665 1.75216 6.26209
6.61259 1.75008 6.26209
6.62135 1.75256 6.26209
6.61778 1.75154 6.26209
6.6066 1.74251 6.26209
6.61016 1.74566 6.26209
6.60549 1.73982 6.26209
6.61185 1.74276 6.26209
6.62911 1.75036 6.26209
6.62944 1.75241 6.26209
6.64895 1.76627 6.26209
6.6528 1.76712 6.26209
6.61889 1.74419 6.26209
6.63944 1.75844 6.26209
6.63773 1.75616 6.26209
6.64158 1.75683 6.26209
6.64529 1.7565 6.26209
6.67878 1.77665 6.26209
6.63297 1.75232 6.26209
6.63739 1.7571 6.26209
6.62242 1.75533 6.26209
6.6831 1.78577 6.26209
6.66923 1.77352 6.26209
6.6807 1.78476 6.1678
6.63542 1.74917 6.1678
6.61657 1.73549 6.1678
6.59509 1.71678 6.1678
6.58072 1.70592 6.1678
6.54122 1.68232 6.1678
6.47622 1.63803 6.1678
6.50045 1.65308 6.1678
6.47889 1.63667 6.1678
6.44554 1.61848 6.1678
6.45738 1.62875 6.1678
6.45798 1.62967 6.1678
6.51762 1.66153 6.1678
6.50627 1.65207 6.1678
6.50174 1.64116 6.1678
6.49319 1.63313 6.1678
6.49483 1.6421 6.1678
6.49639 1.6541 6.1678
6.52896 1.67486 6.1678
6.53762 1.67441 6.1678
6.57829 1.69162 6.1678
6.53306 1.65904 6.1678
6.59531 1.71939 6.1678
6.52448 1.66146 6.1678
6.51477 1.66082 6.1678
6.49428 1.64549 6.1678
6.55015 1.68827 6.1678
6.56133 1.68281 6.1678
6.61888 1.75292 6.1678
6.4544 1.62378 6.1678
6.49114 1.6526 6.1678
6.38812 1.58409 6.1678
6.3306 1.55213 6.1678
6.34235 1.55847 6.1678
6.31551 1.54227 6.1678
6.30694 1.53746 6.1678
6.31766 1.54387 6.1678
6.29776 1.53223 6.08365
6.30805 1.538 6.08365
6.38716 1.58837 6.08365
6.3696 1.58059 6.08365
6.33895 1.56204 6.08365
6.4055 1.60858 6.08365
6.41788 1.61165 6.08365
6.37438 1.57999 6.08365
6.35473 1.56863 6.08365
6.37562 1.5814 6.08365
6.42387 1.60946 6.08365
6.35104 1.56339 6.08365
6.45164 1.6364 6.08365
6.46328 1.64265 6.08365
6.32362 1.54647 6.08365
6.30363 1.52648 6.08365
6.26816 1.50723 6.08365
6.27425 1.50982 6.08365
6.26031 1.50369 6.08365
6.27525 1.50882 5.97989
6.26933 1.50575 5.97989
6.27199 1.50604 5.97989
6.26148 1.49969 5.97989
6.27104 1.5049 5.97989
6.31272 1.52833 5.97989
6.35703 1.55441 5.97989
6.35068 1.55409 5.97989
6.25657 1.49902 5.97989
6.25236 1.49492 5.97989
6.27314 1.50892 5.97989
6.29078 1.51793 5.97989
6.30438 1.52438 5.97989
6.28589 1.51227 5.97989
6.27263 1.50415 5.97989
6.26504 1.50174 5.97989
6.28783 1.51448 5.97989
6.27724 1.50831 5.97989
6.26227 1.502 5.97989
6.36573 1.56023 5.97989
6.37638 1.5701 5.97989
6.40671 1.57905 5.97989
6.39442 1.57317 5.97989
6.38802 1.5763 5.97989
6.35236 1.5525 5.97989
6.3663 1.55817 5.97989
6.36999 1.55619 5.97989
6.33286 1.53145 5.97989
6.31189 1.52087 5.97989
6.30931 1.52014 5.97989
6.38248 1.56343 5.97989
6.46605 1.6278 5.97989
6.40827 1.57165 5.97989
6.4083 1.56842 5.97989
6.37796 1.55595 5.97989
6.42814 1.5833 5.97989
6.43469 1.58733 5.97989
6.39608 1.55588 5.97989
6.43585 1.58202 5.97989
6.39938 1.57587 5.97989
6.32667 1.52639 5.97989
6.36078 1.53875 5.97989
6.3404 1.52969 5.97989
6.43239 1.58837 5.97989
6.36262 1.54724 5.97989
6.42077 1.58487 5.97989
6.43488 1.59154 5.97989
6.38652 1.55713 5.97989
6.36752 1.54659 5.97989
6.3401 1.5336 5.97989
6.33229 1.53223 5.97989
6.32878 1.53171 5.97989
6.33853 1.54189 5.97989
6.33371 1.53796 5.97989
6.31999 1.52933 5.97989
6.30113 1.52032 5.97989
6.29514 1.5203 5.97989
6.35292 1.55581 5.97989
6.29586 1.51464 5.97989
6.33865 1.54149 5.94603
6.33838 1.54281 5.94603
6.33436 1.54165 5.94603
6.29422 1.51284 5.94603
6.34314 1.54525 5.94603
6.30877 1.52179 5.94603
6.28689 1.50867 5.94603
6.30274 1.51688 5.94603
6.31069 1.5218 5.94603
6.32808 1.53533 5.94603
6.33208 1.54018 5.94603
6.35682 1.55988 5.94603
6.4234 1.61451 5.94603
6.53642 1.69333 5.94603
6.44935 1.63341 5.94603
6.40064 1.59715 5.94603
6.38301 1.58312 5.94603
6.42237 1.61306 5.94603
6.38819 1.58477 5.94603
6.36715 1.56577 5.94603
6.3205 1.53073 5.94603
6.3344 1.54207 5.94603
6.29735 1.52434 5.94603
6.31564 1.53558 5.94603
6.33352 1.54499 5.94603
6.31117 1.52567 5.94603
6.38017 1.58337 5.94603
6.31206 1.53964 5.94603
6.29297 1.52219 5.94603
6.28181 1.51797 5.94603
6.28797 1.51246 5.94603
6.30384 1.52232 5.94603
6.30411 1.52549 5.94603
6.32564 1.54328 5.94603
6.29876 1.51854 5.94603
6.30382 1.53075 5.94603
6.30752 1.53756 5.94603
6.32537 1.53816 5.94603
6.30552 1.52235 5.94603
6.37085 1.57134 5.94603
6.32313 1.54812 5.94603
6.32283 1.53685 5.94603
6.39834 1.60538 5.94603
6.41053 1.62111 5.94603
6.37829 1.5998 5.94603
6.36522 1.6073 5.94603
6.34821 1.59821 5.94603
6.35849 1.6161 5.94603
6.39268 1.61394 5.94603
6.39026 1.59526 5.94603
6.39132 1.59422 5.94603
6.3723 1.58828 5.94603
6.34164 1.55963 5.94603
6.35574 1.56439 5.94603
6.32886 1.53738 5.94603
6.33684 1.5442 5.94603
6.33666 1.5411 5.94603
6.36441 1.55771 5.94603
6.37528 1.57551 5.94603
6.38238 1.57573 5.94603
6.36526 1.5626 5.94603
6.42069 1.59103 5.94603
6.37022 1.56158 5.94603
6.36432 1.55677 5.94603
6.35585 1.55349 5.94603
6.37669 1.56658 5.94603
6.39454 1.5776 5.94603
6.56475 1.69835 5.94603
6.44271 1.60951 5.94603
6.40312 1.5819 5.94603
6.42146 1.59522 5.94603
6.42096 1.59288 5.94603
6.43461 1.60382 5.94603
6.38837 1.57365 5.94603
6.35149 1.55369 5.94603
6.32545 1.53878 5.94603
6.31153 1.53241 5.94603
6.39344 1.58455 5.94603
6.37204 1.57349 5.94603
6.34245 1.55104 5.94603
6.33535 1.55003 5.94603
6.2935 1.51214 5.94603
6.29881 1.51705 5.94603
6.28551 1.50668 5.94603
6.2698 1.49825 5.94603
6.27129 1.50021 5.94603
6.28159 1.51006 5.94603
6.27347 1.5027 5.94603
6.27246 1.50264 5.94603
6.2884 1.52283 5.94603
6.32456 1.55227 5.94603
6.28128 1.51335 5.94603
6.28108 1.51526 5.94603
6.27604 1.50864 5.94603
6.28336 1.51253 5.94603
6.27949 1.50778 5.94603
6.27698 1.50478 5.94603
6.3006 1.52328 5.94603
6.30652 1.52882 5.94603
6.30755 1.53377 5.94603
6.31648 1.52857 5.94603
6.29247 1.51386 5.94603
6.28773 1.5097 5.94603
6.29541 1.5152 5.94603
6.31446 1.52497 5.94603
6.32721 1.53221 5.94603
6.3194 1.52818 5.94603
6.32997 1.53321 5.94603
6.33137 1.5331 5.94603
6.32334 1.52635 5.94603
6.31874 1.52379 5.94603
6.31696 1.52349 5.94603
6.29088 1.51059 5.94603
6.31021 1.5251 5.94603
6.275 1.50173 5.94603
6.29669 1.51278 5.94603
6.2955 1.5127 5.94603
6.3355 1.53534 5.94603
6.33047 1.52898 5.94603
6.32342 1.52214 5.94603
6.31744 1.52062 5.94603
6.31587 1.5198 5.94603
6.32895 1.52599 5.94603
6.35894 1.54359 5.94603
6.32541 1.52375 5.94603
6.34586 1.53612 5.94603
6.3551 1.54039 5.94603
6.33672 1.53048 5.94603
6.32666 1.52549 5.94603
6.33395 1.52914 5.94603
6.32299 1.5224 5.94603
6.33413 1.53276 5.94603
6.33173 1.52933 5.94603
6.34812 1.53874 5.94603
6.34894 1.53937 5.94603
6.34741 1.53803 5.94603
6.33144 1.53009 5.94603
6.38714 1.56441 5.94603
6.3676 1.55579 5.94603
6.38756 1.57544 5.94603
6.37559 1.56548 5.94603
6.42728 1.59846 5.94603
6.45856 1.61995 5.94603
6.39524 1.57108 5.94603
6.35796 1.54342 5.94603
6.36301 1.54705 5.94603
6.36864 1.54782 5.94603
6.36792 1.54743 5.94603
6.32493 1.52218 5.94603
6.36144 1.54681 5.94603
6.33365 1.52667 5.94603
6.31031 1.51843 5.94603
6.31783 1.51871 5.94603
6.31591 1.51743 5.94603
6.35083 1.53747 5.94603
6.33451 1.52761 5.94603
6.31663 1.51544 5.94603
6.29963 1.50729 5.94603
6.30295 1.50946 5.94603
6.29037 1.50248 5.94603
6.28643 1.49988 5.94603
6.29877 1.50857 5.94603
6.31874 1.51765 5.94603
6.34113 1.53474 5.94603
6.37968 1.56544 5.94603
6.35115 1.54338 5.94603
6.31252 1.51751 5.94603
6.35464 1.55029 5.94603
6.40661 1.58604 5.94603
6.43044 1.59752 5.94603
6.36688 1.54607 5.94603
6.35379 1.53552 5.94603
6.36699 1.54298 5.94603
6.35171 1.53141 5.94603
6.35544 1.53226 5.94603
6.34432 1.52497 5.94603
6.34983 1.53149 5.94603
6.32734 1.51894 5.94603
6.33718 1.52409 5.94603
6.33142 1.52209 5.94603
6.39182 1.55483 5.94603
6.40006 1.55821 5.94603
6.37518 1.54362 5.94603
6.38967 1.55836 5.94603
6.33956 1.53511 5.94603
6.35397 1.54233 5.94603
6.36825 1.54957 5.94603
6.36341 1.54855 5.94603
6.34016 1.53279 5.94603
6.31066 1.51304 5.94603
6.32627 1.52342 5.94603
6.31628 1.51585 5.94603
6.32863 1.52617 5.94603
6.34458 1.53511 5.94603
6.35627 1.54067 5.94603
6.34971 1.53686 5.94603
6.36455 1.5457 5.94603
6.36838 1.54638 5.94603
6.36728 1.54573 5.94603
6.35465 1.53876 5.94603
6.35718 1.53868 5.94603
6.35827 1.54452 5.94603
6.37562 1.55908 5.94603
6.41546 1.58083 5.94603
6.41309 1.5827 5.94603
6.40899 1.58022 5.94603
6.43117 1.58821 5.94603
6.43406 1.59194 5.94603
6.48242 1.63071 5.94603
6.51276 1.65554 5.94603
6.507 1.64978 5.94603
6.55941 1.68393 5.94603
6.57115 1.6933 5.94603
6.51987 1.65431 5.94603
6.52388 1.65734 5.94603
6.51479 1.64604 5.94603
6.48434 1.62268 5.94603
6.43234 1.58959 5.94603
6.38499 1.55745 5.94603
6.36867 1.541 5.94603
6.36675 1.54521 5.94603
6.35942 1.54193 5.94603
6.39344 1.56947 5.94603
6.44723 1.60369 5.94603
6.40239 1.57306 5.94603
6.39801 1.56636 5.94603
6.41328 1.58029 5.94603
6.37663 1.55124 5.94603
6.38836 1.56585 5.94603
6.39082 1.56403 5.94603
6.36831 1.54738 5.94603
6.38266 1.55456 5.94603
6.38987 1.56842 5.94603
6.36595 1.55074 5.94603
6.38074 1.5664 5.94603
6.36635 1.55008 5.94603
6.37225 1.5475 5.94603
6.40878 1.56934 5.94603
6.34961 1.53012 5.94603
6.33238 1.51854 5.94603
6.32988 1.52032 5.94603
6.38295 1.55217 5.94603
6.33719 1.52371 5.94603
6.37942 1.54844 5.94603
6.37553 1.54762 5.94603
6.33202 1.52403 5.94603
6.27539 1.494 5.94603
6.28829 1.50097 5.94603
6.2955 1.50138 5.94603
6.29904 1.50333 5.94603
6.32034 1.51688 5.94603
6.35253 1.53146 5.94603
6.35315 1.53416 5.94603
6.34494 1.52892 5.94603
6.37119 1.5381 5.94603
6.35837 1.52914 5.94603
6.36244 1.52957 5.94603
6.35834 1.53213 5.94603
6.36563 1.54072 5.94603
6.39713 1.5632 5.94603
6.40751 1.58521 5.94603
6.31242 1.52286 5.94603
6.29984 1.52161 5.94603
6.28536 1.51607 5.94603
6.30728 1.5263 5.94603
6.27805 1.51285 5.94603
6.36222 1.56157 5.94603
6.42913 1.60923 5.94603
6.45915 1.617 5.94603
6.43597 1.5983 5.94603
6.39296 1.55695 5.94603
6.40518 1.56575 5.94603
6.43847 1.58815 5.94603
6.4662 1.61671 5.94603
6.41935 1.59009 5.94603
6.51601 1.6452 5.94603
6.57358 1.68145 5.94603
6.48836 1.61642 5.94603
6.45123 1.59143 5.94603
6.44673 1.58573 5.94603
6.40164 1.56258 5.94603
6.3447 1.5384 5.94603
6.32677 1.53 5.94603
6.33511 1.5304 5.94603
6.3045 1.51601 5.94603
6.30785 1.51563 5.94603
6.29676 1.51371 5.94603
6.29208 1.5126 5.94603
6.30063 1.51134 5.94603
6.30169 1.5097 5.94603
6.31112 1.51345 5.94603
6.29006 1.50379 5.94603
6.29249 1.50291 5.94603
6.29532 1.50794 5.94603
6.30528 1.51067 5.94603
6.34761 1.54437 5.94603
6.30929 1.51408 5.94603
6.30861 1.5168 5.94603
6.30064 1.5111 5.94603
6.31029 1.51544 5.94603
6.30169 1.51085 5.94603
6.29234 1.50802 5.94603
6.33256 1.5251 5.94603
6.36284 1.54157 5.94603
6.4092 1.56922 5.94603
6.34262 1.5252 5.94603
6.34723 1.52936 5.94603
6.35028 1.5378 5.94603
6.35208 1.54354 5.94603
6.3202 1.51816 5.94603
6.31441 1.51736 5.94603
6.32243 1.52018 5.94603
6.31206 1.51088 5.94603
6.32479 1.52096 5.94603
6.3152 1.51319 5.94603
6.33506 1.52659 5.94603
6.33039 1.52503 5.94603
6.34158 1.52869 5.94603
6.35445 1.53733 5.94603
6.35775 1.54246 5.94603
6.38756 1.56052 5.94603
6.38009 1.5575 5.94603
6.41887 1.57544 5.94603
6.40806 1.57154 5.94603
6.41155 1.57951 5.94603
6.42933 1.58975 5.94603
6.40591 1.5821 5.94603
6.46071 1.61365 5.94603
6.49279 1.62284 5.94603
6.45977 1.61754 5.94603
6.45648 1.61602 5.94603
6.42048 1.59587 5.94603
6.37429 1.57037 5.94603
6.36404 1.56839 5.94603
6.34487 1.564 5.94603
6.289 1.5336 5.94603
6.25456 1.52177 5.94603
6.2449 1.51883 5.94603
6.23978 1.51343 5.94603
6.23788 1.51553 5.94603
6.23625 1.51552 5.94603
6.24433 1.52007 5.94603
6.23111 1.51312 5.94603
6.24914 1.522 5.94603
6.21653 1.50491 5.94603
6.20469 1.49745 5.94603
6.21285 1.50376 5.94603
6.22921 1.51089 5.94603
6.20874 1.49837 5.94603
6.21981 1.50332 5.94603
6.22633 1.50927 5.94603
6.24047 1.51967 5.94603
6.22692 1.50971 5.94603
6.21996 1.50468 5.94603
6.21478 1.50447 5.94603
6.21389 1.50418 5.94603
6.19745 1.50298 5.94603
6.17508 1.49004 5.94603
6.21608 1.50787 5.94603
6.18661 1.49109 5.94603
6.22214 1.50788 5.94603
6.17474 1.48622 5.94603
6.19163 1.4922 5.94603
6.2496 1.52456 5.94603
6.22863 1.51729 5.94603
6.20732 1.51347 5.94603
6.18252 1.50253 5.94603
6.13148 1.47309 5.94603
6.15115 1.47844 5.94603
6.13771 1.47431 5.94603
6.16594 1.48387 5.94603
6.17838 1.49132 5.94603
6.20721 1.52303 5.94603
6.15482 1.49919 5.94603
6.12783 1.47865 5.94603
6.064 1.45589 5.94603
6.08161 1.46211 5.94603
6.13632 1.49529 5.92595
6.14941 1.50861 5.92595
6.07115 1.45797 5.92595
6.05422 1.45271 5.92595
6.05575 1.45324 5.92595
6.06155 1.45577 5.92595
6.09913 1.47476 5.92595
6.10018 1.47257 5.92595
6.13489 1.49197 5.92595
6.10639 1.47679 5.92595
6.10436 1.47765 5.92595
6.09175 1.46705 5.92595
6.09967 1.46956 5.92595
6.10241 1.47644 5.92595
6.14109 1.50021 5.92595
6.10601 1.47562 5.92595
6.11099 1.48192 5.92595
6.1072 1.47698 5.92595
6.11876 1.48514 5.92595
6.11438 1.48143 5.92595
6.14085 1.49494 5.92595
6.14865 1.50192 5.92595
6.15844 1.50594 5.92595
6.16122 1.51034 5.92595
6.11847 1.49341 5.92595
6.11936 1.49342 5.92595
6.10983 1.49328 5.92595
6.12618 1.49325 5.92595
6.165 1.51174 5.92595
6.16701 1.51269 5.92595
6.22205 1.54319 5.92595
6.27542 1.57416 5.92595
6.22936 1.55115 5.92595
6.2198 1.5371 5.92595
6.19213 1.51576 5.92595
6.21229 1.53195 5.92595
6.21636 1.5277 5.92595
6.22692 1.53535 5.92595
6.26534 1.56124 5.92595
6.24158 1.54916 5.92595
6.16736 1.50051 5.92595
6.20037 1.52451 5.92595
6.17428 1.51293 5.92595
6.17321 1.51229 5.92595
6.17049 1.50758 5.92595
6.1806 1.51109 5.92595
6.22399 1.54332 5.92595
6.21548 1.5302 5.92595
6.24673 1.546 5.92595
6.22394 1.52802 5.92595
6.27843 1.55705 5.92595
6.24064 1.53465 5.92595
6.20897 1.51483 5.92595
6.21862 1.51677 5.92595
6.17855 1.49295 5.92595
6.20854 1.51088 5.92595
6.20947 1.51197 5.92595
6.22446 1.51656 5.92595
6.27068 1.54527 5.92595
6.28058 1.55449 5.92595
6.27009 1.54861 5.92595
6.25613 1.54027 5.92595
6.24147 1.5319 5.92595
6.22729 1.52812 5.92595
6.22941 1.52484 5.92595
6.27095 1.54644 5.92595
6.25837 1.54082 5.92595
6.26861 1.54757 5.92595
6.22857 1.52297 5.92595
6.19975 1.5055 5.92595
6.19648 1.50148 5.92595
6.18792 1.50027 5.92595
6.17645 1.49635 5.92595
6.18522 1.50213 5.92595
6.19493 1.50693 5.92595
6.18094 1.50091 5.92595
6.20845 1.51964 5.92595
6.21109 1.51498 5.92595
6.20635 1.51251 5.92595
6.21942 1.52067 5.92595
6.22094 1.52671 5.92595
6.19212 1.51002 5.92595
6.23326 1.53451 5.92595
6.26423 1.55893 5.92595
6.28355 1.58016 5.92595
6.34875 1.621 5.92595
6.26266 1.56735 5.92595
6.24074 1.55984 5.92595
6.27862 1.57601 5.92595
6.29234 1.57928 5.92595
6.36924 1.63323 5.92595
6.30103 1.58871 5.92595
6.28483 1.58322 5.92595
6.26326 1.56635 5.92595
6.25855 1.56279 5.92595
6.27229 1.57445 5.92595
6.29207 1.59121 5.92595
6.29946 1.58832 5.92595
6.2804 1.57423 5.92595
6.27876 1.56029 5.92595
6.29087 1.56647 5.92595
6.28712 1.56604 5.92595
6.29568 1.58302 5.92595
6.30086 1.60215 5.92595
6.32258 1.61414 5.92595
6.32082 1.61513 5.92595
6.30639 1.60685 5.92595
6.32161 1.60708 5.92595
6.28317 1.56813 5.92595
6.2267 1.52568 5.92595
6.20513 1.51459 5.92595
6.19651 1.51237 5.92595
6.19603 1.51167 5.92595
6.23809 1.53961 5.92595
6.29092 1.57812 5.92595
6.34442 1.61572 5.92595
6.27901 1.56647 5.92595
6.23447 1.53217 5.92595
6.24714 1.53646 5.92595
6.34932 1.60482 5.92595
6.42026 1.65413 5.92595
6.31253 1.57604 5.92595
6.28623 1.5537 5.92595
6.28951 1.55528 5.92595
6.30888 1.56093 5.92595
6.33116 1.57523 5.92595
6.29547 1.55194 5.92595
6.32917 1.5726 5.92595
6.25065 1.53273 5.92595
6.26421 1.54126 5.92595
6.21698 1.52008 5.90453
6.22722 1.52105 5.90453
6.22953 1.5274 5.90453
6.23684 1.5343 5.90453
6.25186 1.53949 5.90453
6.28533 1.5692 5.90453
6.25563 1.54621 5.90453
6.24686 1.53585 5.90453
6.22994 1.52566 5.90453
6.21531 1.51856 5.90453
6.25559 1.54198 5.90453
6.3953 1.64798 5.90453
6.32245 1.57569 5.90453
6.3129 1.566 5.90453
6.35107 1.60156 5.90453
6.392 1.61938 5.90453
6.32096 1.57399 5.90453
6.32686 1.57489 5.90453
6.32123 1.56493 5.90453
6.29205 1.55095 5.90453
6.30018 1.55563 5.84819
6.28742 1.55502 5.84819
6.2781 1.55089 5.84819
6.25474 1.5464 5.84819
6.2569 1.55121 5.84819
6.18314 1.5062 5.748
6.20989 1.53181 5.748
6.14964 1.50127 5.748
6.19691 1.52606 5.748
6.2602 1.56428 5.748
6.1589 1.49326 5.748
6.17043 1.5 5.748
6.18721 1.50667 5.748
6.22304 1.5331 5.748
6.24171 1.54238 5.748
6.16192 1.49562 5.748
6.20601 1.52419 5.748
6.23561 1.54103 5.748
6.24265 1.53471 5.748
6.2391 1.53505 5.748
6.214 1.51604 5.748
6.19859 1.50409 5.748
6.18457 1.49746 5.748
6.17111 1.49089 5.748
6.16397 1.49253 5.748
6.23101 1.54033 5.748
6.16077 1.49109 5.748
6.15592 1.48725 5.748
6.1485 1.48443 5.748
6.1676 1.49426 5.748
6.18027 1.50042 5.748
6.1599 1.48883 5.748
6.18317 1.49993 5.748
6.16933 1.49226 5.748
6.17037 1.49177 5.748
6.18847 1.50213 5.748
6.196 1.50684 5.748
6.16459 1.49152 5.748
6.20112 1.51287 5.748
6.15789 1.48489 5.748
6.14902 1.48176 5.748
6.16235 1.48838 5.748
6.15958 1.48526 5.748
6.23426 1.52571 5.748
6.16365 1.48473 5.748
6.20632 1.5055 5.748
6.21809 1.51194 5.748
6.20461 1.50207 5.748
6.22138 1.50776 5.748
6.20411 1.49651 5.748
6.20957 1.50467 5.748
6.24937 1.51961 5.748
6.22123 1.50316 5.748
6.2586 1.5183 5.748
6.18829 1.48612 5.748
6.21455 1.49648 5.748
6.22435 1.50347 5.748
6.21573 1.49804 5.748
6.27878 1.53487 5.748
6.25828 1.52444 5.748
6.25574 1.51882 5.748
6.26183 1.51921 5.748
6.27643 1.52179 5.748
6.29624 1.5321 5.748
6.27735 1.52057 5.748
6.27237 1.51804 5.748
6.26242 1.51585 5.748
6.25063 1.51187 5.748
6.26932 1.52728 5.748
6.26703 1.52112 5.748
6.26525 1.522 5.748
6.28969 1.53779 5.748
6.2739 1.52769 5.748
6.24301 1.51411 5.748
6.24035 1.51576 5.748
6.30282 1.54681 5.748
6.37443 1.59291 5.748
6.30825 1.55178 5.748
6.28596 1.53763 5.748
6.2326 1.50853 5.748
6.21003 1.49922 5.748
6.24226 1.51536 5.748
6.20306 1.49841 5.748
6.24527 1.51517 5.748
6.25061 1.52057 5.748
6.27944 1.54514 5.748
6.25937 1.53146 5.748
6.23287 1.52329 5.748
6.28652 1.56235 5.748
6.3245 1.58242 5.748
6.43342 1.6856 5.748
6.31481 1.57014 5.748
6.2896 1.55214 5.748
6.30436 1.5629 5.748
6.31665 1.56539 5.748
6.27917 1.53735 5.748
6.2496 1.51741 5.748
6.25489 1.51906 5.748
6.23486 1.50894 5.748
6.22359 1.50529 5.748
6.24344 1.5193 5.748
6.2291 1.50895 5.748
6.21314 1.49984 5.748
6.28117 1.54526 5.748
6.25589 1.52302 5.748
6.27873 1.5435 5.748
6.25186 1.51931 5.748
6.24126 1.51563 5.748
6.25663 1.5213 5.748
6.24152 1.51398 5.748
6.22255 1.50497 5.748
6.25017 1.51623 5.748
6.2349 1.51196 5.748
6.2489 1.52049 5.748
6.25914 1.52916 5.748
6.2496 1.52744 5.748
6.22922 1.51308 5.748
6.24477 1.52435 5.748
6.25378 1.52936 5.748
6.26603 1.53119 5.748
6.25538 1.5285 5.73487
6.267 1.53529 5.73487
6.26846 1.54228 5.73487
6.25925 1.53344 5.73487
6.25856 1.54447 5.73487
6.28464 1.56715 5.73487
6.32759 1.58537 5.73487
6.32134 1.58426 5.73487
6.29106 1.5603 5.73487
6.25371 1.53415 5.73487
6.27061 1.54483 5.73487
6.28459 1.55582 5.73487
6.30903 1.578 5.73487
6.27601 1.54682 5.73487
6.30819 1.57095 5.73487
6.29844 1.57166 5.73487
6.19661 1.50792 5.73487
6.18615 1.50663 5.73487
6.17011 1.51049 5.73487
6.12526 1.47877 5.73487
6.13903 1.50243 5.73487
6.1364 1.49105 5.73487
6.12628 1.48273 5.73487
6.07516 1.45592 5.73487
6.05834 1.45769 5.73487
6.05165 1.45618 5.73487
6.05073 1.45794 5.73487
6.05627 1.44491 5.6585
6.07169 1.4593 5.6585
6.07213 1.45158 5.6585
6.09563 1.46115 5.6585
6.06868 1.44594 5.6585
6.05046 1.43866 5.6585
6.06754 1.45764 5.6585
6.03314 1.45062 5.6585
6.03586 1.4596 5.6585
5.98258 1.42333 5.6585
6.0014 1.44722 5.6585
6.00691 1.46986 5.6585
5.97076 1.44153 5.6585
5.92482 1.39567 5.6585
5.94343 1.40251 5.6585
5.89045 1.37377 5.6585
5.93899 1.39661 5.6585
5.93728 1.40029 5.6585
5.87951 1.36923 5.6585
5.90546 1.39683 5.6585
5.85973 1.36799 5.6585
5.88773 1.38981 5.6585
5.89737 1.3951 5.6585
6.02021 1.47043 5.6585
6.01789 1.46596 5.6585
6.04272 1.47579 5.6585
6.01044 1.44314 5.58931
5.92912 1.4071 5.58931
5.944 1.41912 5.58931
5.98782 1.45485 5.58931
5.94794 1.43227 5.58931
5.99057 1.45075 5.58931
6.0015 1.45511 5.58931
5.99404 1.46016 5.58931
6.00435 1.47333 5.58931
5.97854 1.45682 5.58931
6.0204 1.48525 5.58931
6.06287 1.51548 5.58931
6.02643 1.48906 5.58931
6.10095 1.5439 5.58931
5.95572 1.42211 5.58931
5.87262 1.36343 5.58931
5.91425 1.39319 5.58931
5.95205 1.43316 5.58931
5.98137 1.45065 5.58931
6.03201 1.46696 5.58931
6.021 1.47486 5.58931
5.99368 1.46767 5.58931
6.0025 1.45799 5.58931
6.00089 1.45528 5.58931
5.92754 1.40381 5.58931
5.90533 1.38863 5.58931
5.87112 1.36686 5.58931
5.92766 1.4013 5.58931
5.89717 1.38787 5.58931
5.9077 1.39036 5.58931
5.87254 1.36992 5.53392
5.89218 1.38364 5.53392
5.85285 1.36108 5.53392
5.87873 1.37293 5.53392
5.8724 1.36642 5.53392
5.84082 1.35157 5.53392
5.84849 1.35303 5.53392
5.86199 1.36007 5.4798
5.86024 1.36393 5.4798
5.82996 1.35022 5.4798
5.80039 1.32982 5.4798
5.74916 1.3003 5.4798
5.77404 1.30756 5.4798
5.7967 1.3201 5.4798
5.80428 1.32103 5.4798
5.81271 1.32487 5.4798
5.82093 1.32537 5.4798
5.83862 1.33938 5.4798
5.83038 1.33001 5.4798
5.91722 1.37247 5.4798
5.87582 1.34662 5.4798
5.84912 1.32645 5.4798
5.8245 1.31296 5.4798
5.83483 1.31918 5.4798
5.83774 1.32072 5.4798
5.83821 1.32321 5.4798
5.84835 1.32862 5.4798
5.86425 1.33109 5.4798
5.85385 1.33006 5.4798
5.86747 1.33295 5.4798
5.83433 1.31963 5.4798
5.83008 1.31658 5.4798
5.81102 1.31034 5.4798
5.83828 1.32252 5.4798
5.80617 1.31005 5.4798
5.81528 1.31436 5.4798
5.83826 1.33096 5.4798
5.8035 1.31102 5.4798
5.75764 1.29075 5.4798
5.78545 1.30727 5.4798
5.7503 1.28898 5.4798
5.74918 1.29138 5.4798
5.72909 1.28004 5.4798
5.73064 1.28658 5.4798
5.72149 1.28094 5.4798
5.79017 1.32139 5.4798
5.7838 1.31571 5.4798
5.81451 1.33477 5.4798
5.78545 1.31252 5.4798
5.74535 1.29197 5.4798
5.76993 1.30041 5.4798
5.75811 1.29897 5.4798
5.82273 1.33851 5.4798
5.79294 1.31877 5.4798
5.80303 1.32841 5.4798
5.77525 1.3089 5.4798
5.75858 1.30418 5.4798
5.76695 1.30939 5.4798
5.73633 1.29773 5.4798
5.72973 1.29725 5.4798
5.77223 1.31633 5.4798
5.77885 1.31659 5.4798
5.73471 1.29669 5.4798
5.73149 1.29319 5.4798
5.70801 1.28319 5.4798
5.72797 1.28912 5.4798
5.70467 1.27981 5.4798
5.67915 1.27567 5.4798
5.69188 1.27814 5.4798
5.7072 1.28484 5.4798
5.72293 1.28665 5.4798
5.7095 1.28491 5.4798
5.70303 1.28645 5.4798
5.72766 1.29735 5.4798
5.70787 1.28671 5.4798
5.70361 1.28456 5.4798
5.70007 1.28507 5.4798
5.70966 1.29263 5.4798
5.71212 1.29203 5.4798
5.72314 1.29917 5.4798
5.80298 1.34578 5.4798
5.77163 1.3288 5.4798
5.75421 1.32017 5.4798
5.74412 1.3175 5.4798
5.70767 1.29831 5.4798
5.70363 1.29654 5.4798
5.65627 1.27295 5.4798
5.65127 1.26846 5.4798
5.63577 1.26141 5.4798
5.6642 1.27481 5.4798
5.64024 1.26386 5.4798
5.6236 1.25795 5.4798
5.61746 1.25527 5.4798
5.62677 1.25849 5.4798
5.60739 1.25314 5.4798
5.65111 1.27574 5.4798
5.61091 1.25935 5.4798
5.61921 1.25969 5.4798
5.61893 1.26299 5.4798
5.65492 1.27568 5.4798
5.61744 1.26019 5.4798
5.6117 1.25389 5.4798
5.59062 1.24551 5.4798
5.58875 1.2438 5.4798
5.59138 1.24456 5.4798
5.60665 1.2524 5.4798
5.59844 1.24723 5.4798
5.60582 1.25284 5.4798
5.59393 1.24661 5.4798
5.58356 1.24181 5.4798
5.58584 1.24258 5.4798
5.59739 1.24696 5.4798
5.59299 1.24555 5.4798
5.58028 1.24071 5.4798
5.60714 1.25266 5.4798
5.59524 1.24605 5.4798
5.59999 1.24867 5.4798
5.60423 1.24907 5.4798
5.59854 1.24672 5.4798
5.60171 1.24862 5.4798
5.61398 1.25458 5.4798
5.63801 1.26504 5.4798
5.61539 1.25535 5.4798
5.59913 1.24887 5.4798
5.60944 1.25429 5.4798
5.59203 1.24456 5.4798
5.62179 1.25904 5.4798
5.65647 1.27543 5.4798
5.61323 1.2557 5.4798
5.62736 1.26065 5.4798
5.60986 1.25291 5.4798
5.60871 1.25123 5.4798
5.62334 1.25808 5.4798
5.60272 1.2486 5.4798
5.60732 1.24976 5.4798
5.60147 1.24769 5.4798
5.60528 1.24959 5.4798
5.60928 1.25079 5.4798
5.62557 1.25865 5.4798
5.7726 1.34105 5.4798
5.63809 1.26526 5.4798
5.63672 1.26322 5.4798
5.61758 1.25407 5.4798
5.61105 1.25203 5.4798
5.68046 1.2903 5.4798
5.65041 1.27618 5.4798
5.61859 1.2598 5.4798
5.64632 1.27083 5.4798
5.6224 1.25678 5.4798
5.62394 1.25803 5.4798
5.62455 1.26063 5.4798
5.62095 1.25844 5.4798
5.62788 1.25977 5.4798
5.65035 1.2723 5.4798
5.68541 1.29344 5.4798
5.63903 1.26644 5.4798
5.63351 1.2668 5.4798
5.6323 1.26566 5.4798
5.63952 1.27096 5.4798
5.61392 1.25592 5.4798
5.61937 1.25887 5.4798
5.63145 1.26554 5.4798
5.64515 1.2702 5.4798
5.6517 1.27844 5.42893
5.64023 1.273 5.42893
5.63288 1.26795 5.42893
5.62769 1.26492 5.42893
5.61828 1.26106 5.42893
5.58986 1.24663 5.42893
5.57982 1.24149 5.42893
5.58294 1.24243 5.42893
5.59555 1.2503 5.42893
5.60554 1.25874 5.42893
5.64555 1.27778 5.42893
5.61328 1.26033 5.42893
5.61394 1.26106 5.42893
5.61336 1.25944 5.42893
5.60179 1.25177 5.42893
5.61489 1.25712 5.42893
5.61719 1.25838 5.42893
5.63987 1.27214 5.42893
5.59358 1.24536 5.42893
5.58991 1.24207 5.42893
5.59467 1.24513 5.42893
5.58892 1.24188 5.42893
5.5914 1.24215 5.42893
5.58667 1.24036 5.42893
5.58231 1.23977 5.42893
5.58987 1.24292 5.42893
5.5989 1.2504 5.42893
5.59842 1.25216 5.42893
5.59646 1.2505 5.42893
5.6052 1.25596 5.42893
5.61132 1.25821 5.42893
5.60842 1.25884 5.42893
5.60046 1.25499 5.42893
5.58514 1.24519 5.42893
5.57844 1.23987 5.42893
5.60209 1.2502 5.42893
5.60395 1.25086 5.42893
5.62794 1.26324 5.42893
5.60014 1.24815 5.42893
5.60666 1.24968 5.42893
5.60046 1.24925 5.42893
5.60951 1.25229 5.42893
5.59711 1.24723 5.42893
5.60691 1.24991 5.42893
5.59586 1.24608 5.42893
5.57466 1.23681 5.42893
5.56187 1.22963 5.42893
5.56383 1.23019 5.42893
5.56234 1.23071 5.42893
5.56246 1.23056 5.40582
5.56213 1.23029 5.40582
5.56114 1.23026 5.40582
5.56974 1.23303 5.40582
5.56797 1.23207 5.40582
5.58533 1.23989 5.40582
5.5811 1.23651 5.40582
5.58632 1.23808 5.40582
5.60676 1.25138 5.40582
5.64562 1.2756 5.40582
5.60465 1.25084 5.40582
5.59431 1.2459 5.40582
5.73958 1.33613 5.40582
5.63214 1.26847 5.40582
5.5997 1.25489 5.40582
5.62171 1.26351 5.40582
5.61735 1.2661 5.40582
5.6274 1.26827 5.40582
5.59976 1.25464 5.40582
5.60602 1.25676 5.40582
5.62205 1.26551 5.40582
5.61182 1.25979 5.40582
5.59958 1.25291 5.40582
5.61783 1.26074 5.40582
5.6178 1.25922 5.40582
5.61579 1.25733 5.40582
5.62138 1.25546 5.40582
5.62164 1.25774 5.40582
5.61421 1.24859 5.40582
5.61751 1.25383 5.40582
5.62328 1.2565 5.40582
5.62076 1.25523 5.40582
5.61342 1.25348 5.40582
5.62548 1.25875 5.40582
5.61271 1.2539 5.40582
5.61021 1.25662 5.40582
5.60423 1.25467 5.40582
5.59541 1.24974 5.40582
5.62015 1.26159 5.40582
5.65114 1.27673 5.40582
5.60324 1.25498 5.40582
5.66053 1.28403 5.40582
5.62038 1.25885 5.40582
5.61718 1.2549 5.40582
5.60877 1.2489 5.40582
5.60438 1.24529 5.40582
5.60916 1.24841 5.40582
5.61928 1.25694 5.40582
5.61394 1.25865 5.40582
5.61075 1.25881 5.40582
5.65335 1.28284 5.40582
5.63399 1.27531 5.40582
5.62418 1.27197 5.40582
5.61257 1.26483 5.40582
5.6075 1.26498 5.40582
5.60444 1.26349 5.40582
5.61727 1.27173 5.40582
5.61936 1.27142 5.40582
5.62055 1.26957 5.40582
5.62955 1.27462 5.40582
5.67304 1.29911 5.40582
5.61497 1.26633 5.40582
5.62462 1.2699 5.40582
5.62051 1.26613 5.40582
5.62111 1.26467 5.40582
5.62705 1.26757 5.40582
5.61883 1.26404 5.40582
5.61778 1.26365 5.40582
5.61172 1.25752 5.40582
5.61986 1.2621 5.40582
5.63843 1.27343 5.40582
5.64039 1.27305 5.40582
5.63672 1.2708 5.40582
5.6156 1.25859 5.40582
5.62982 1.26613 5.40582
5.64055 1.2733 5.40582
5.64013 1.27158 5.40582
5.62555 1.26476 5.40582
5.60164 1.25635 5.40582
5.60547 1.25937 5.40582
5.6178 1.26633 5.40582
5.58934 1.25037 5.40582
5.59101 1.25152 5.40582
5.58594 1.25013 5.40582
5.58853 1.24795 5.40582
5.58262 1.24421 5.40582
5.57234 1.23781 5.40582
5.5571 1.22853 5.40582
5.58136 1.23855 5.40582
5.59252 1.2465 5.40582
5.58304 1.24616 5.40582
5.57759 1.24534 5.40582
5.58408 1.24636 5.40582
5.57092 1.23854 5.40582
5.581 1.24282 5.40582
5.58415 1.24418 5.40582
5.59096 1.24934 5.40582
5.60673 1.25919 5.40582
5.59404 1.2541 5.40582
5.581 1.2457 5.40582
5.59167 1.25501 5.40582
5.60218 1.25965 5.40582
5.60276 1.26008 5.40582
5.61672 1.27025 5.40582
5.64408 1.28695 5.40582
5.62077 1.27432 5.40582
5.62058 1.2724 5.40582
5.65321 1.28373 5.40582
5.63197 1.26903 5.40582
5.61729 1.2617 5.40582
5.62657 1.26311 5.40582
5.66684 1.28303 5.40582
5.61614 1.25928 5.40582
5.64172 1.27135 5.40582
5.59846 1.24852 5.40582
5.5929 1.24579 5.40582
5.58342 1.24243 5.40582
5.57287 1.23729 5.40582
5.55867 1.22946 5.40582
5.55496 1.22862 5.40582
5.55571 1.23187 5.40582
5.62005 1.26351 5.40582
5.66058 1.28452 5.40582
5.57984 1.239 5.40582
5.56232 1.2332 5.40582
5.58263 1.24329 5.40582
5.57723 1.24046 5.40582
5.61871 1.26439 5.40582
5.63908 1.27856 5.40582
5.63006 1.27253 5.40582
5.64803 1.28276 5.40582
5.59407 1.24861 5.40582
5.57658 1.23734 5.40582
5.6128 1.26037 5.40582
5.58485 1.24693 5.40582
5.55251 1.22896 5.40582
5.57641 1.24271 5.40582
5.57352 1.2396 5.40582
5.55403 1.22656 5.40582
5.55332 1.2266 5.40582
5.52593 1.21275 5.40582
5.50807 1.2054 5.40582
5.50596 1.2043 5.40582
5.50816 1.2037 5.40582
5.5096 1.20332 5.40582
5.51991 1.20973 5.40582
5.5282 1.21532 5.40582
5.52071 1.21061 5.40582
5.55314 1.22434 5.40582
5.53565 1.2154 5.40582
5.52431 1.2118 5.40582
5.53087 1.21436 5.40582
5.54577 1.22107 5.40582
5.54935 1.22262 5.40582
5.53243 1.21494 5.40582
5.54707 1.22137 5.40582
5.54703 1.22176 5.40582
5.51938 1.21066 5.40582
5.50995 1.20789 5.40582
5.49247 1.20044 5.40582
5.49147 1.20024 5.40582
5.50153 1.20406 5.40582
5.48653 1.19801 5.40582
5.49012 1.20026 5.40582
5.52654 1.21955 5.40582
5.49576 1.20351 5.40582
5.50743 1.20873 5.40582
5.49877 1.20358 5.40582
5.51029 1.20803 5.40582
5.52248 1.21517 5.40582
5.5159 1.21312 5.40582
5.52848 1.22019 5.40582
5.53675 1.22179 5.40582
5.57391 1.24215 5.40582
5.55249 1.23269 5.40582
5.54242 1.22687 5.40582
5.53297 1.22239 5.40582
5.52984 1.22004 5.40582
5.52601 1.21866 5.40582
5.52712 1.21911 5.40582
5.51369 1.21132 5.40582
5.51873 1.21371 5.40582
5.53501 1.22429 5.40582
5.50909 1.20862 5.40582
5.51022 1.20912 5.40582
5.53039 1.22017 5.40582
5.52467 1.21578 5.40582
5.53074 1.22062 5.40582
5.53637 1.22322 5.40582
5.53593 1.22381 5.40582
5.53388 1.22138 5.40582
5.53507 1.22184 5.40582
5.52023 1.21481 5.40582
5.50789 1.2074 5.40582
5.50688 1.20699 5.40582
5.51454 1.21016 5.40582
5.52671 1.21399 5.40582
5.52898 1.21423 5.40582
5.5379 1.21784 5.40582
5.56441 1.23098 5.40582
5.56281 1.22737 5.40582
5.57133 1.23328 5.40582
5.60142 1.24777 5.40582
5.5684 1.22543 5.40582
5.54659 1.21633 5.40582
5.52934 1.21061 5.40582
5.53619 1.21423 5.40582
5.52844 1.21053 5.40582
5.52232 1.20674 5.40582
5.53513 1.21425 5.40582
5.55283 1.22225 5.40582
5.53564 1.21556 5.40582
5.51487 1.20475 5.40582
5.51803 1.2074 5.40582
5.50783 1.20536 5.40582
5.5095 1.20383 5.40582
5.52893 1.21207 5.40582
5.53604 1.21774 5.40582
5.51286 1.20889 5.40582
5.52362 1.2133 5.40582
5.52605 1.21824 5.40582
5.52442 1.21566 5.40582
5.52215 1.2157 5.40582
5.53125 1.22181 5.40582
5.51543 1.21589 5.40582
5.51819 1.21711 5.40582
5.51985 1.21826 5.40582
5.53608 1.22688 5.40582
5.5259 1.21464 5.40582
5.52556 1.21223 5.40582
5.52411 1.211 5.40582
5.5213 1.20761 5.40582
5.5419 1.2184 5.40582
5.53133 1.21054 5.40582
5.53839 1.21501 5.40582
5.52952 1.21056 5.40582
5.53753 1.21517 5.40582
5.52622 1.20834 5.40582
5.53038 1.20974 5.40582
5.5625 1.2248 5.40582
5.56299 1.22557 5.40582
5.56281 1.225 5.40582
5.55519 1.22033 5.40582
5.54135 1.21211 5.40582
5.54269 1.2126 5.40582
5.54628 1.21379 5.40582
5.54274 1.21173 5.40582
5.54262 1.21185 5.40582
5.54502 1.2137 5.40582
5.5425 1.21153 5.40582
5.54684 1.21407 5.40582
5.54559 1.2127 5.40582
5.54258 1.21115 5.40582
5.54582 1.21274 5.40582
5.59298 1.24101 5.40582
5.54634 1.21404 5.40582
5.54977 1.21567 5.40582
5.57932 1.23068 5.40582
5.57558 1.22845 5.40582
5.58879 1.23358 5.40582
5.56137 1.21998 5.40582
5.55437 1.21671 5.40582
5.55334 1.21726 5.40582
5.57004 1.225 5.40582
5.68289 1.293 5.40582
5.59813 1.24316 5.40582
5.57226 1.22807 5.40582
5.5492 1.21573 5.40582
5.54428 1.21252 5.40582
5.54273 1.21175 5.40582
5.54703 1.21396 5.40582
5.56109 1.22201 5.40582
5.56166 1.2236 5.40582
5.56188 1.22442 5.40582
5.54983 1.21763 5.40582
5.54313 1.21472 5.40582
5.55385 1.2212 5.40582
5.54921 1.21805 5.40582
5.54754 1.21672 5.40582
5.54859 1.21796 5.40582
5.54594 1.2173 5.40582
5.56062 1.22492 5.40582
5.55577 1.22327 5.40582
5.55767 1.22605 5.40582
5.5626 1.22894 5.40582
5.56878 1.22953 5.40582
5.56729 1.2266 5.40582
5.59889 1.23968 5.40582
5.58144 1.23057 5.40582
5.58111 1.23014 5.40582
5.5797 1.23098 5.40582
5.57963 1.2327 5.40582
5.54673 1.21856 5.40582
5.54888 1.21933 5.40582
5.54113 1.21609 5.40582
5.53614 1.21252 5.40582
5.53247 1.2102 5.40582
5.53135 1.21023 5.40582
5.53842 1.21217 5.40582
5.55297 1.21687 5.40582
5.5618 1.22031 5.40582
5.54003 1.21218 5.40582
5.54906 1.21474 5.40582
5.55402 1.21659 5.40582
5.55984 1.21803 5.40582
5.55904 1.21758 5.40582
5.55278 1.2151 5.40582
5.55327 1.21544 5.40582
5.65084 1.26847 5.40582
5.5693 1.22136 5.40582
5.56668 1.21914 5.40582
5.55159 1.21383 5.40582
5.55127 1.21345 5.40582
5.55515 1.21483 5.40582
5.57024 1.2194 5.40582
5.5689 1.21808 5.40582
5.589 1.22468 5.40582
5.56848 1.2177 5.40582
5.57126 1.21858 5.40582
5.57268 1.21811 5.40582
5.59198 1.22794 5.40582
5.63353 1.2491 5.40582
5.59334 1.22756 5.40582
5.58122 1.22481 5.40582
5.57628 1.22097 5.40582
5.58575 1.22677 5.40582
5.59531 1.23509 5.40582
5.59383 1.24001 5.40582
5.59232 1.23695 5.40582
5.5662 1.22707 5.40582
5.58137 1.23462 5.40582
5.59707 1.24265 5.40582
5.5924 1.23912 5.40582
5.59434 1.2398 5.40582
5.58255 1.23067 5.40582
5.56937 1.22393 5.40582
5.55836 1.2196 5.40582
5.5573 1.2202 5.40582
5.5592 1.22192 5.40582
5.55388 1.21866 5.40582
5.55246 1.21668 5.40582
5.5555 1.21679 5.40582
5.54978 1.21594 5.40582
5.5479 1.21465 5.40582
5.5595 1.21865 5.40582
5.55281 1.21676 5.40582
5.54901 1.21568 5.40582
5.54721 1.21478 5.40582
5.55773 1.21905 5.40582
5.55926 1.22212 5.40582
5.57397 1.22875 5.40582
5.58247 1.2338 5.40582
5.57773 1.22999 5.40582
5.64046 1.27016 5.40582
5.6713 1.28733 5.40582
5.60405 1.24837 5.40582
5.58798 1.23904 5.40582
5.56342 1.2243 5.40582
5.57157 1.23019 5.40582
5.55948 1.22568 5.40582
5.55413 1.22497 5.40582
5.55834 1.22737 5.40582
5.56475 1.23181 5.40582
5.57691 1.23677 5.40582
5.54744 1.22264 5.40582
5.56161 1.22613 5.40582
5.54842 1.22036 5.40582
5.54785 1.21985 5.40582
5.53743 1.21772 5.40582
5.54976 1.22181 5.40582
5.56445 1.22913 5.40582
5.57323 1.23209 5.40582
5.6074 1.24847 5.40582
5.62241 1.26016 5.40582
5.59121 1.2433 5.40582
5.55341 1.22342 5.40582
5.57175 1.23268 5.40582
5.5793 1.23215 5.40582
5.57581 1.23244 5.40582
5.5688 1.23031 5.40582
5.54484 1.21495 5.40582
5.56568 1.22678 5.40582
5.57317 1.23254 5.40582
5.58445 1.23638 5.40582
5.60366 1.24294 5.40582
5.56186 1.23013 5.40582
5.54737 1.21734 5.40582
5.55186 1.21676 5.40582
5.54817 1.21143 5.40582
5.56036 1.22156 5.40582
5.55539 1.21792 5.40582
5.55991 1.22292 5.40582
5.53828 1.21111 5.40582
5.55438 1.21863 5.40582
5.55442 1.21975 5.40582
5.55135 1.21831 5.40582
5.57481 1.23285 5.40582
5.55876 1.22112 5.40582
5.55231 1.21889 5.40582
5.5919 1.24489 5.40582
5.61495 1.26266 5.40582
5.6211 1.25933 5.40582
5.61564 1.25479 5.40582
5.63841 1.26906 5.40582
5.61702 1.25557 5.40582
5.58405 1.24154 5.40582
5.58697 1.23674 5.40582
5.58406 1.23365 5.40582
5.59177 1.23435 5.40582
5.58093 1.23017 5.40582
5.57414 1.22692 5.40582
5.57388 1.22742 5.40582
5.60761 1.24355 5.40582
5.57375 1.22851 5.40582
5.56155 1.22083 5.40582
5.5542 1.22016 5.40582
5.565 1.23175 5.40582
5.57136 1.23114 5.40582
5.58758 1.24176 5.40582
5.60398 1.25187 5.40582
5.56616 1.23026 5.40582
5.6159 1.2558 5.40582
5.56971 1.23722 5.40582
5.57992 1.24392 5.40582
5.57577 1.23927 5.40582
5.61858 1.25576 5.40582
5.571 1.23648 5.40582
5.57471 1.24081 5.40582
5.58643 1.24664 5.40582
5.60886 1.25739 5.40582
5.59801 1.25232 5.40582
5.63078 1.2681 5.40582
5.60906 1.25189 5.40582
5.60235 1.2508 5.40582
5.61779 1.2603 5.40582
5.63075 1.26907 5.40582
5.63536 1.26753 5.40582
5.60758 1.24908 5.40582
5.65109 1.27087 5.40582
5.66031 1.27813 5.40582
5.71847 1.31644 5.40582
5.69172 1.29332 5.40582
5.73258 1.31545 5.40582
5.59456 1.24314 5.40582
5.5761 1.23562 5.40582
5.56207 1.22704 5.40582
5.57477 1.23294 5.40582
5.55247 1.22008 5.40582
5.54402 1.21886 5.40582
5.56314 1.22804 5.40582
5.56107 1.22314 5.40582
5.56474 1.22423 5.40582
5.57006 1.22381 5.40582
5.57633 1.22651 5.40582
5.56506 1.21833 5.40582
5.59147 1.23432 5.40582
5.61792 1.24837 5.40582
5.55489 1.21648 5.40582
5.562 1.2201 5.40582
5.57054 1.224 5.40582
5.57418 1.22679 5.40582
5.56649 1.22226 5.40582
5.54409 1.21319 5.40582
5.5387 1.2101 5.40582
5.54632 1.21351 5.40582
5.54888 1.21429 5.40582
5.55426 1.21608 5.40582
5.55463 1.21587 5.40582
5.55579 1.21623 5.40582
5.55784 1.21564 5.40582
5.55122 1.21376 5.40582
5.54678 1.2124 5.40582
5.54986 1.21474 5.40582
5.55292 1.21597 5.40582
5.58929 1.23683 5.40582
5.57711 1.23317 5.40582
5.58311 1.23615 5.40582
5.63273 1.26309 5.40582
5.59307 1.24342 5.40582
5.62158 1.25424 5.40582
5.58515 1.23226 5.40582
5.56316 1.22435 5.40582
5.58009 1.23159 5.40582
5.59355 1.23735 5.40582
5.62605 1.25459 5.40582
5.71403 1.30924 5.40582
5.61532 1.25393 5.40582
5.61819 1.24852 5.40582
5.58754 1.23157 5.40582
5.53911 1.21217 5.40582
5.54621 1.21394 5.40582
5.54982 1.21455 5.40582
5.55242 1.21629 5.40582
5.54919 1.21566 5.40582
5.53485 1.21146 5.40582
5.54238 1.21329 5.40582
5.54199 1.214 5.40582
5.53894 1.21304 5.40582
5.5384 1.2128 5.40582
5.54753 1.21653 5.40582
5.5535 1.21764 5.40582
5.54465 1.2146 5.40582
5.57313 1.22465 5.40582
5.57488 1.22452 5.40582
5.54931 1.216 5.40582
5.54129 1.21438 5.40582
5.56644 1.22612 5.40582
5.56331 1.22311 5.40582
5.56537 1.22312 5.40582
5.54267 1.21481 5.40582
5.5334 1.21257 5.40582
5.53589 1.21437 5.40582
5.53164 1.21356 5.40582
5.5507 1.22092 5.40582
5.54861 1.21897 5.40582
5.56302 1.22527 5.40582
5.5423 1.21633 5.40582
5.56412 1.22642 5.40582
5.56816 1.22806 5.40582
5.57337 1.22999 5.40582
5.56705 1.22757 5.40582
5.55666 1.22041 5.40582
5.5548 1.21563 5.40582
5.58151 1.23032 5.40582
5.57854 1.22962 5.40582
5.57151 1.22375 5.40582
5.57204 1.2224 5.40582
5.58546 1.22469 5.40582
5.60391 1.23218 5.40582
5.59287 1.22611 5.40582
5.59791 1.22897 5.40582
5.60368 1.2306 5.40582
5.58638 1.22151 5.40582
5.58925 1.22171 5.40582
5.58183 1.21904 5.40582
5.57292 1.21708 5.40582
5.57958 1.21965 5.40582
5.58224 1.22056 5.40582
5.56798 1.21683 5.40582
5.5777 1.21964 5.40582
5.57225 1.21754 5.40582
5.56564 1.21821 5.40582
5.55941 1.21555 5.40582
5.56229 1.21879 5.40582
5.59839 1.24203 5.40582
5.60078 1.2395 5.40582
5.56195 1.21785 5.40582
5.55032 1.2152 5.40582
5.51952 1.20479 5.40582
5.54474 1.21864 5.40582
5.50579 1.20217 5.40582
5.53658 1.2136 5.40582
5.52004 1.20727 5.40582
5.48964 1.19696 5.40582
5.47695 1.19235 5.40582
5.47528 1.19191 5.40582
5.47678 1.19241 5.40582
5.48292 1.19475 5.40582
5.47697 1.19264 5.40582
5.48095 1.19462 5.40582
5.4965 1.20141 5.40582
5.49853 1.20358 5.40582
5.49159 1.19757 5.40582
5.48941 1.19609 5.40582
5.49625 1.19827 5.40582
5.49724 1.19854 5.40582
5.50065 1.19954 5.40582
5.49482 1.19775 5.40582
5.49578 1.19803 5.40582
5.50784 1.2015 5.40582
5.51562 1.205 5.40582
5.50608 1.20195 5.40582
5.50693 1.20279 5.40582
5.52675 1.21014 5.40582
5.50221 1.20343 5.40582
5.54512 1.22223 5.40582
5.5607 1.23032 5.40582
5.5668 1.23199 5.40582
5.53918 1.21962 5.40582
5.50723 1.2024 5.40582
5.56258 1.22923 5.40582
5.55479 1.22672 5.40582
5.55273 1.22223 5.40582
5.53159 1.21251 5.40582
5.56512 1.22663 5.40582
5.55629 1.22495 5.40582
5.5257 1.21159 5.40582
5.52168 1.2107 5.40582
5.52878 1.21406 5.40582
5.55352 1.22753 5.40582
5.56609 1.23591 5.40582
5.52397 1.21288 5.40582
5.51362 1.20754 5.40582
5.49586 1.19771 5.40582
5.54007 1.21878 5.40582
5.57376 1.23825 5.40582
5.53076 1.21548 5.40582
5.51593 1.20641 5.40582
5.50269 1.20216 5.40582
5.52142 1.21374 5.40582
5.53582 1.21986 5.40582
5.53029 1.21451 5.40582
5.51952 1.20789 5.40582
5.54237 1.22183 5.40582
5.54579 1.2235 5.40582
5.54753 1.22411 5.40582
5.52245 1.20768 5.40582
5.53069 1.21016 5.40582
5.62091 1.26322 5.40582
5.58477 1.23842 5.40582
5.57058 1.23055 5.40582
5.55841 1.22551 5.40582
5.56144 1.22645 5.40582
5.56347 1.23173 5.40582
5.55211 1.22761 5.40582
5.55316 1.22745 5.40582
5.529 1.21798 5.40582
5.52138 1.21604 5.40582
5.54659 1.22741 5.40582
5.54962 1.22528 5.40582
5.5514 1.23 5.40582
5.57213 1.24257 5.40582
5.56398 1.24387 5.40582
5.53453 1.23066 5.40582
5.54469 1.23529 5.40582
5.53307 1.22688 5.40582
5.53279 1.21844 5.40582
5.54542 1.22278 5.40582
5.54368 1.22237 5.40582
5.54934 1.22421 5.40582
5.56601 1.22802 5.40582
5.56757 1.22658 5.40582
5.56374 1.2279 5.40582
5.55815 1.22544 5.40582
5.56554 1.22547 5.40582
5.5605 1.22318 5.40582
5.57253 1.22795 5.40582
5.56525 1.23083 5.40582
5.55009 1.22367 5.40582
5.59217 1.24008 5.40582
5.5821 1.23348 5.40582
5.57569 1.2283 5.40582
5.59058 1.23436 5.40582
5.57633 1.23112 5.40582
5.57166 1.22985 5.40582
5.58462 1.23418 5.40582
5.58167 1.23091 5.40582
5.58725 1.23562 5.40582
5.57325 1.23147 5.40582
5.57492 1.23101 5.40582
5.58168 1.23298 5.40582
5.57044 1.22723 5.40582
5.55693 1.22488 5.40582
5.55675 1.22393 5.40582
5.56165 1.22636 5.40582
5.567 1.23043 5.40582
5.56904 1.23285 5.40582
5.56812 1.23409 5.40582
5.57582 1.23482 5.40582
5.5565 1.22758 5.40582
5.56123 1.23019 5.40582
5.55187 1.22843 5.40582
5.56153 1.23123 5.40582
5.55665 1.22819 5.40582
5.55978 1.22886 5.40582
5.56196 1.23005 5.40582
5.57116 1.23539 5.40582
5.59797 1.24951 5.40582
5.59158 1.24782 5.40582
5.58979 1.24455 5.40582
5.59161 1.24661 5.40582
5.60482 1.25471 5.40582
5.58956 1.25015 5.40582
5.62848 1.26898 5.40582
5.62552 1.26669 5.40582
5.63363 1.26465 5.40582
5.6264 1.25968 5.40582
5.65396 1.27285 5.40582
5.64372 1.2674 5.40582
5.59693 1.24485 5.40582
5.6124 1.25267 5.40582
5.622 1.25587 5.40582
5.60689 1.24955 5.40582
5.61249 1.25195 5.40582
5.60803 1.25283 5.40582
5.57901 1.24183 5.40582
5.59045 1.24974 5.40582
5.57722 1.24078 5.40582
5.57535 1.23958 5.40582
5.58143 1.24446 5.40582
5.60847 1.26157 5.40582
5.58189 1.24273 5.40582
5.5692 1.23543 5.40582
5.57969 1.24045 5.40582
5.56733 1.23303 5.40582
5.54333 1.22306 5.40582
5.55107 1.22706 5.40582
5.53796 1.22089 5.40582
5.54942 1.22547 5.40582
5.55182 1.22672 5.40582
5.57409 1.23967 5.40582
5.5801 1.24446 5.40582
5.55845 1.2373 5.40582
5.52551 1.21931 5.40582
5.52453 1.21573 5.40582
5.53215 1.21781 5.40582
