15.5019 9.33386 13.4914
15.173 8.82101 13.4914
14.8583 8.56068 13.2053
14.6467 8.38094 12.7587
14.2504 8.03867 12.676
14.0638 7.80828 12.5452
13.9907 7.76013 12.5452
13.989 7.76368 12.5452
13.9774 7.7774 12.5452
13.9408 7.7173 12.5452
13.67 7.33758 12.3759
13.4519 7.12142 11.9147
13.2956 6.91438 11.9147
13.112 6.75061 11.9147
13.0575 6.71507 11.9147
12.8558 6.50015 11.5565
12.8263 6.46424 11.5565
12.6608 6.30093 11.3903
12.5936 6.25359 11.067
12.6241 6.28027 10.6086
12.5741 6.263 10.6086
12.6029 6.3965 10.6086
12.586 6.36521 10.6086
12.213 6.11847 10.3815
12.1942 6.09972 10.3815
12.0512 5.95222 10.0764
11.928 5.77884 10.0764
11.6257 5.47009 10.0764
11.1827 5.25423 10.0764
10.9674 5.10316 10.0764
10.8518 4.97748 9.97379
10.7618 4.88429 9.89964
10.5673 4.71589 9.88831
10.3617 4.49807 9.88831
10.3304 4.48196 9.64262
10.4031 4.53313 9.64262
10.4136 4.53515 9.55092
10.263 4.40122 9.55092
10.1525 4.30433 9.33063
10.1001 4.25287 9.14139
10.0372 4.18683 9.14139
10.1054 4.23602 9.14139
10.183 4.29945 9.14139
10.2154 4.33075 9.14139
10.2752 4.39045 9.14139
10.2707 4.39701 9.14139
10.3347 4.45311 9.14139
10.3441 4.47894 9.14139
10.3286 4.47589 9.14139
10.3343 4.47925 9.14139
10.2645 4.44928 9.14139
10.2542 4.43318 9.14139
10.2145 4.38859 9.14139
10.0849 4.27911 9.14139
9.9528 4.15057 9.14139
10.0388 4.24837 9.14139
9.96924 4.1758 9.10339
10.003 4.20999 8.75343
10.058 4.25635 8.75343
10.0253 4.21498 8.33764
10.029 4.19393 7.7976
9.70805 3.94329 7.7976
9.15532 3.47665 7.7976
8.67855 3.07802 7.7976
8.45843 2.89968 7.7976
8.2805 2.74902 7.7976
8.18577 2.66381 7.73599
8.13915 2.62755 7.43264
8.11359 2.6106 7.43264
8.13384 2.62496 7.43264
8.13507 2.64392 7.43264
8.08784 2.59297 7.43264
8.0667 2.58787 7.43264
8.05566 2.59883 7.43264
7.98126 2.5317 7.43264
8.03542 2.57641 7.43208
7.89476 2.48084 7.43208
7.83911 2.44503 7.43208
7.81056 2.42677 7.33557
7.83757 2.44667 7.33557
7.85909 2.46654 7.33557
7.81036 2.43348 7.33557
7.81458 2.43173 7.33557
7.78104 2.41239 7.33557
7.71007 2.3804 7.33557
7.735 2.39226 7.33557
7.75389 2.40352 7.25207
7.71009 2.38599 7.20341
7.69777 2.38191 7.20341
7.64795 2.3573 7.08908
7.59681 2.32382 7.08908
7.64149 2.34931 7.08908
7.70943 2.40658 7.08908
7.71671 2.40773 7.08908
7.76707 2.44633 7.08908
7.72037 2.4026 7.08908
7.76366 2.44028 7.08908
7.792 2.49428 7.08908
7.80768 2.51583 7.08908
7.717 2.43386 7.08908
7.7095 2.43983 7.08908
7.67233 2.39879 7.08908
7.64597 2.36381 7.08908
7.71986 2.42989 7.08908
7.71834 2.41077 7.08908
7.71458 2.40574 7.08908
7.68575 2.39355 7.08908
7.70417 2.45015 7.08908
7.70655 2.45471 7.08908
7.64491 2.41374 7.08908
7.586 2.38795 7.08908
7.52472 2.32573 7.07723
7.56019 2.33987 7.07723
7.52262 2.30501 7.07723
7.48785 2.29316 7.07723
7.45251 2.27376 7.07723
7.4625 2.28235 7.07723
7.47245 2.2859 7.07723
7.4256 2.25561 7.07723
7.36924 2.21868 6.99734
7.39618 2.23541 6.99734
7.41992 2.24699 6.99734
7.39184 2.2296 6.99734
7.392 2.23257 6.99734
7.47037 2.29562 6.95785
7.55753 2.35643 6.95785
7.61857 2.40846 6.95785
7.61201 2.40879 6.95785
7.50404 2.30664 6.74361
7.37393 2.20093 6.74361
7.30454 2.17144 6.74361
7.27534 2.15753 6.72739
7.19707 2.1121 6.72739
7.1598 2.09296 6.72739
7.14334 2.08386 6.72739
7.0629 2.0415 6.72739
7.04629 2.0313 6.72739
7.05586 2.03102 6.72739
7.06059 2.03028 6.72739
7.07661 2.04371 6.72739
7.06727 2.04192 6.72739
7.06892 2.04496 6.72739
6.97667 1.99065 6.72381
7.01081 2.0087 6.68331
6.9842 1.99115 6.68331
6.96354 1.98411 6.68331
6.97976 1.99152 6.68331
6.97938 1.98499 6.68331
6.94558 1.96243 6.56057
6.96609 1.96704 6.56057
6.96639 1.96172 6.56057
6.93006 1.9393 6.56057
6.94257 1.94645 6.56057
6.90258 1.93284 6.56057
6.88476 1.92486 6.56057
6.86262 1.91007 6.56057
6.86371 1.91458 6.53229
6.89272 1.93545 6.53229
6.86189 1.91886 6.46816
6.82514 1.90196 6.46816
6.83266 1.89492 6.46816
6.78719 1.87682 6.46816
6.76838 1.86322 6.36391
6.76726 1.8625 6.36391
6.82491 1.89965 6.36391
6.82356 1.89076 6.36391
6.81251 1.89514 6.36391
6.74689 1.86321 6.36391
6.69711 1.83758 6.36391
6.70906 1.83104 6.36391
6.71981 1.83294 6.36391
6.69787 1.82123 6.36391
6.70431 1.83216 6.36391
6.70308 1.83223 6.35659
6.69216 1.82243 6.35659
6.71198 1.82565 6.16881
6.69786 1.81664 6.16881
6.6999 1.81311 6.16881
6.70202 1.8199 6.16881
6.69972 1.81428 6.16881
6.74208 1.84115 6.16881
6.70158 1.81452 6.16881
6.69122 1.81284 6.16881
6.65295 1.78975 6.16881
6.62087 1.77317 6.16881
6.62531 1.77395 6.16881
6.63007 1.777 6.16881
6.61137 1.76299 6.16881
6.61717 1.76975 6.16881
6.60411 1.76519 6.16881
6.59347 1.76223 6.16881
6.60114 1.76508 6.16881
6.57331 1.75411 6.16881
6.56838 1.75184 6.16881
6.57422 1.75774 6.16881
6.59503 1.76997 6.16881
6.59936 1.7742 6.16881
6.61541 1.78146 6.16881
6.62665 1.78385 6.16881
6.65816 1.79562 6.16881
6.64782 1.79319 6.16881
6.65509 1.79881 6.16881
6.66165 1.81277 6.16881
6.66249 1.80628 6.16881
6.66868 1.80042 6.16881
6.65993 1.79651 6.16881
6.71815 1.8283 6.16881
6.72897 1.83271 6.16881
6.74008 1.84037 6.16881
6.70346 1.82421 6.16881
6.69418 1.82057 6.16881
6.70133 1.83341 6.16881
6.71167 1.83029 6.16881
6.72836 1.83795 6.16881
6.69127 1.81504 6.16881
6.6693 1.8023 6.16881
6.66111 1.79864 6.16881
6.63328 1.78635 6.16881
6.66797 1.80338 6.16881
6.66979 1.80424 6.16881
6.64458 1.78796 6.16881
6.6306 1.78219 6.16881
6.62341 1.77738 6.16881
6.66501 1.79583 6.16881
6.69906 1.81918 6.16881
6.8154 1.90183 6.16881
6.77479 1.86401 6.16881
6.71933 1.84275 6.16881
6.70293 1.83309 6.16881
6.66356 1.80154 6.16881
6.67 1.79755 6.16881
6.67448 1.79846 6.16881
6.6537 1.7805 6.15278
6.61111 1.74863 6.15278
6.60912 1.74797 6.15278
6.62074 1.75778 6.15278
6.64712 1.79073 6.15278
6.65422 1.79535 6.15278
6.70769 1.82524 6.15278
6.68845 1.80657 6.15278
6.63966 1.78402 6.15278
6.60762 1.76172 6.15278
6.62715 1.77017 6.15278
6.57182 1.73618 6.15278
6.57528 1.73896 6.15278
6.6568 1.80014 6.15278
6.74237 1.8488 6.15278
6.73853 1.84241 6.15278
6.6383 1.76864 6.15278
6.63235 1.7645 6.15278
6.58061 1.74205 6.15278
6.60499 1.75707 6.15278
6.62396 1.78721 6.15278
6.5635 1.73125 6.15278
6.52457 1.71231 6.15278
6.52909 1.71989 6.15278
6.53291 1.71938 6.15278
6.56678 1.73294 6.15278
6.55586 1.72526 6.15278
6.61933 1.76564 6.15278
6.61005 1.75831 6.15278
6.59152 1.74614 6.15278
6.5968 1.75698 6.15278
6.64441 1.78373 6.15278
6.61319 1.77376 6.15278
6.55816 1.73253 6.15278
6.50531 1.69628 6.15278
6.63049 1.77953 6.15278
6.59282 1.74932 6.15278
6.60291 1.75671 6.15278
6.69709 1.81975 6.15278
6.73208 1.84157 6.15278
6.83922 1.91578 6.15278
6.84026 1.92418 6.15278
6.74479 1.85338 6.15278
6.68623 1.80868 6.15278
6.66845 1.78468 6.15278
6.71954 1.81692 6.15278
6.73824 1.83695 6.15278
6.81432 1.88097 6.15278
6.87091 1.92727 6.15278
6.77285 1.85284 6.15278
6.58928 1.72006 6.15278
6.55616 1.70193 6.15278
6.55053 1.69946 6.15278
6.50577 1.67444 6.15278
6.5563 1.69052 6.15278
6.50209 1.66057 6.15278
6.51585 1.66342 6.15278
6.52343 1.65999 6.15278
6.56017 1.67754 6.15278
6.5981 1.70291 6.15278
6.60007 1.70212 6.15278
6.62447 1.72171 6.15278
6.61525 1.72174 6.15278
6.55933 1.68125 6.15278
6.61699 1.722 6.15278
6.61967 1.71461 6.15278
6.66296 1.73725 6.15278
6.69046 1.75888 6.15278
6.62021 1.72683 6.15278
6.57237 1.69229 6.15278
6.55279 1.6872 6.15278
6.54159 1.69096 6.15278
6.56689 1.71233 6.15278
6.55769 1.69795 6.15278
6.56035 1.68771 6.15278
6.55405 1.66231 6.15278
6.57237 1.67299 6.15278
6.56403 1.6593 6.15278
6.57411 1.66392 6.15278
6.54535 1.64933 6.15278
6.57659 1.66321 6.15278
6.52969 1.63705 6.15278
6.53691 1.63835 6.15278
6.573 1.65681 6.15278
6.56242 1.6514 6.15278
6.57774 1.65486 6.15278
6.56853 1.64927 6.15278
6.58796 1.65444 6.15278
6.61406 1.67548 6.15278
6.60147 1.67379 6.15278
6.58317 1.65675 6.15278
6.52336 1.63373 6.15278
6.51911 1.63332 6.15278
6.481 1.60844 6.15278
6.43214 1.58713 6.15278
6.43158 1.59054 6.15278
6.42448 1.58622 6.15278
6.41136 1.58981 6.15278
6.42785 1.6046 6.15278
6.42697 1.60668 6.15278
6.39734 1.5851 6.15278
6.40263 1.58548 6.15278
6.43328 1.60346 6.15278
6.43295 1.59537 6.15278
6.51917 1.64858 6.15278
6.60268 1.70302 6.15278
6.54187 1.65807 6.15278
6.59106 1.6888 6.15278
6.5227 1.62748 6.15278
6.49889 1.6111 6.15278
6.47259 1.59485 6.15278
6.45337 1.58451 6.15278
6.41461 1.56152 6.15278
6.40668 1.555 6.15278
6.42656 1.56696 6.15278
6.41422 1.55846 6.15278
6.40151 1.55605 6.15278
6.38712 1.55208 6.15278
6.40646 1.56557 6.15278
6.409 1.56108 6.15278
6.41088 1.55943 6.15278
6.42394 1.5701 6.15278
6.40665 1.56352 6.15278
6.45581 1.58631 6.15278
6.43067 1.56858 6.15278
6.42256 1.56624 6.15278
6.40879 1.55489 6.15278
6.39503 1.54579 6.15278
6.39981 1.54787 6.15278
6.37776 1.539 6.15278
6.38737 1.5425 6.15278
6.3953 1.54289 6.15278
6.40216 1.54628 6.15278
6.40381 1.54998 6.15278
6.41694 1.55954 6.15062
6.40446 1.55187 6.15062
6.43232 1.57445 6.15062
6.43823 1.58365 6.15062
6.47318 1.6034 6.15062
6.47994 1.61373 6.15062
6.52423 1.63799 6.15062
6.47129 1.6004 6.15062
6.53222 1.64653 6.09655
6.48507 1.60724 6.09655
6.47486 1.60152 6.09655
6.54086 1.64602 6.09655
6.51825 1.62761 6.09655
6.5402 1.63098 6.09655
6.56323 1.64943 6.09655
6.55736 1.64559 6.09655
6.53807 1.63052 6.09655
6.60223 1.67411 6.09655
6.61534 1.68312 6.09655
6.57005 1.65647 6.09655
6.56461 1.65139 6.09655
6.55342 1.65056 6.09655
6.50653 1.61945 6.09655
6.43347 1.58091 6.09655
6.39864 1.56906 6.09655
6.39537 1.56867 6.09655
6.39114 1.56651 6.09655
6.38202 1.56174 6.09655
6.39688 1.57139 6.09655
6.4355 1.58823 6.09655
6.42755 1.5796 6.09655
6.44773 1.59466 6.09655
6.41441 1.57405 6.09655
6.4382 1.5953 6.09655
6.39372 1.57449 6.09655
6.41686 1.58727 6.09655
6.42053 1.58874 6.09655
6.40322 1.57576 6.09655
6.38621 1.57234 6.09655
6.42601 1.59463 6.09655
6.41088 1.58642 6.09655
6.42229 1.59032 6.09655
6.45627 1.60997 6.09655
6.45229 1.60274 6.09655
6.41122 1.57662 6.09655
6.39901 1.57052 6.09655
6.41569 1.58145 6.09655
6.48003 1.62258 6.09655
6.485 1.62152 6.09655
6.45081 1.60228 6.09655
6.41627 1.57846 6.09655
6.43786 1.58757 6.09655
6.47821 1.61678 6.09655
6.43858 1.59364 6.09655
6.43067 1.58409 6.09655
6.46446 1.59839 6.09655
6.47553 1.6051 6.09655
6.47374 1.60535 6.09655
6.46197 1.59497 6.09655
6.44071 1.57849 6.09655
6.50823 1.6234 6.09655
6.44209 1.5697 6.09655
6.44098 1.56882 6.09655
6.44864 1.57143 6.09655
6.46308 1.58658 6.09655
6.46886 1.59099 6.09655
6.49084 1.60236 6.09655
6.51282 1.61815 6.09655
6.4924 1.60636 6.09655
6.4903 1.61191 6.09655
6.50831 1.62378 6.09655
6.49035 1.60558 6.09655
6.49178 1.60027 6.09655
6.47514 1.59214 6.09655
6.48461 1.59421 6.09655
6.47578 1.58826 6.09655
6.47432 1.58491 6.09655
6.47705 1.58479 6.09655
6.47665 1.5851 6.09655
6.50716 1.60656 6.09655
6.50264 1.60201 6.09655
6.49624 1.60128 6.09655
6.47956 1.59138 6.09655
6.49004 1.59135 6.09655
6.45075 1.56942 6.09655
6.45354 1.57199 6.09655
6.47329 1.58708 6.09655
6.45792 1.58199 6.09655
6.47938 1.59844 6.09655
6.50842 1.61835 6.09655
6.53824 1.63839 6.09655
6.50321 1.6159 6.09655
6.46096 1.58784 6.09655
6.4438 1.57975 6.09655
6.43581 1.57563 6.09655
6.44466 1.57576 6.09655
6.48875 1.60974 6.09655
6.45745 1.57874 6.09655
6.45907 1.5765 6.09655
6.50963 1.60996 6.09655
6.46327 1.58223 6.09655
6.51127 1.61295 6.09655
6.49787 1.60762 6.09655
6.48373 1.60083 6.09655
6.45872 1.5827 6.09655
6.46895 1.58811 6.09655
6.46549 1.58895 6.09655
6.46639 1.5868 6.09655
6.47779 1.58957 6.09655
6.49946 1.6033 6.09655
6.43626 1.56999 6.09655
6.42753 1.56684 6.09655
6.39906 1.55351 6.09655
6.39192 1.55148 6.09655
6.37893 1.54514 6.09655
6.43439 1.59727 6.09655
6.41618 1.5735 6.09655
6.42049 1.57297 6.09655
6.38482 1.55821 6.09655
6.3857 1.55624 6.09655
6.37742 1.55227 6.09655
6.3922 1.56938 6.09655
6.4054 1.58366 6.09655
6.40282 1.57935 6.09655
6.39923 1.58024 6.09655
6.3908 1.57695 6.09655
6.39266 1.57982 6.09655
6.37086 1.56042 6.09655
6.34313 1.5385 6.09655
6.36868 1.56245 6.09655
6.36428 1.55189 6.09655
6.38301 1.57057 6.09655
6.38978 1.57028 6.09655
6.34592 1.54269 6.09655
6.34664 1.5357 6.09655
6.33668 1.53444 6.09655
6.3104 1.51603 6.09655
6.30609 1.51225 6.09655
6.30955 1.51138 6.09655
6.28741 1.49986 6.06661
6.29462 1.50182 6.06661
6.30088 1.50892 6.06661
6.33083 1.524 6.06661
6.33719 1.52415 6.06661
6.37889 1.556 6.06661
6.35341 1.53862 6.06661
6.36807 1.56003 6.06661
6.37815 1.56449 6.06661
6.35483 1.54885 6.06661
6.40414 1.58444 6.06661
6.34865 1.55385 6.06661
6.32687 1.54311 6.06661
6.34146 1.57699 6.06661
6.36323 1.57871 6.06661
6.36759 1.58189 6.06661
6.40266 1.60414 6.06661
6.2847 1.51599 6.06661
6.25268 1.49913 6.06661
6.24893 1.50105 6.06661
6.23515 1.49282 6.00755
6.24862 1.49992 6.00755
6.26924 1.51124 6.00755
6.26804 1.51403 6.00755
6.21542 1.48477 6.00755
6.2603 1.50773 6.00755
6.22695 1.49728 6.00755
6.25183 1.51858 6.00755
6.21269 1.49959 5.91458
6.21905 1.51658 5.91458
6.19644 1.50546 5.91458
6.26393 1.56336 5.91458
6.24399 1.55529 5.91458
6.27664 1.57422 5.91458
6.17938 1.5204 5.91458
6.16864 1.51349 5.91458
6.18004 1.53061 5.91458
6.14997 1.51674 5.91458
6.14847 1.52399 5.91458
6.1865 1.54353 5.91458
6.15981 1.51307 5.91458
6.13991 1.50435 5.91458
6.09711 1.46631 5.91458
6.17205 1.53902 5.91458
6.13081 1.49692 5.91458
6.15497 1.50086 5.91458
6.10691 1.46211 5.91458
6.09116 1.45508 5.91458
6.08336 1.46023 5.91458
6.12102 1.49001 5.91458
6.08963 1.48394 5.90493
6.10861 1.50036 5.90493
6.10409 1.50406 5.90493
6.11164 1.51523 5.90493
6.12275 1.51662 5.90493
6.13132 1.5096 5.90493
6.15181 1.5181 5.90493
6.20343 1.54194 5.90493
6.13839 1.49504 5.90493
6.15199 1.50678 5.90493
6.19836 1.52998 5.90493
6.16815 1.50696 5.90493
6.1471 1.49245 5.90493
6.15106 1.51524 5.90493
6.12886 1.506 5.90493
6.12508 1.5129 5.90493
6.12012 1.51884 5.90493
6.09503 1.50006 5.90493
6.12832 1.50497 5.90493
6.1126 1.50354 5.90493
6.09938 1.49233 5.90493
6.09774 1.48383 5.90493
6.11365 1.49737 5.90493
6.19571 1.55064 5.90493
6.1474 1.51987 5.90493
6.14987 1.52909 5.90493
6.1903 1.54561 5.90493
6.17637 1.53051 5.90493
6.17672 1.51816 5.90493
6.15586 1.50195 5.90493
6.1108 1.4607 5.90493
6.08486 1.43612 5.90493
6.09272 1.43717 5.90493
6.09477 1.43811 5.90493
6.11621 1.44003 5.90493
6.12273 1.4437 5.90493
6.11865 1.43569 5.90493
6.11712 1.43425 5.90493
6.14404 1.44688 5.90493
6.1224 1.4336 5.90493
6.13157 1.44112 5.90493
6.14624 1.44614 5.90493
6.1174 1.43017 5.90493
6.11822 1.42985 5.90493
6.19762 1.48116 5.90493
6.15847 1.45103 5.90493
6.12996 1.44027 5.90493
6.14314 1.45093 5.90493
6.09972 1.42692 5.90493
6.12067 1.43744 5.90493
6.13651 1.44957 5.90493
6.10147 1.42805 5.90493
6.22311 1.50791 5.90493
6.17691 1.47187 5.90493
6.16347 1.4698 5.90493
6.14913 1.45996 5.90493
6.11943 1.44207 5.90493
6.13183 1.44865 5.90493
6.09617 1.42985 5.90493
6.17827 1.48202 5.90493
6.09374 1.42688 5.90493
6.0993 1.42729 5.90493
6.09608 1.42552 5.90493
6.09517 1.42415 5.90493
6.12471 1.43841 5.90493
6.13664 1.44467 5.90493
6.11761 1.43139 5.90493
6.11665 1.43488 5.90493
6.112 1.4266 5.90493
6.11392 1.42645 5.90493
6.12182 1.42935 5.90493
6.15808 1.45252 5.90493
6.14105 1.43935 5.90493
6.13514 1.43431 5.90493
6.1232 1.42966 5.90493
6.1235 1.42931 5.90493
6.14026 1.43769 5.90493
6.14339 1.43781 5.90493
6.17381 1.45637 5.90493
6.14335 1.43831 5.90493
6.13801 1.43641 5.90493
6.12641 1.4309 5.90493
6.12227 1.42857 5.90493
6.12534 1.42996 5.90493
6.18385 1.46285 5.90493
6.14813 1.43959 5.90493
6.12959 1.43258 5.90493
6.11525 1.426 5.90493
6.12236 1.42875 5.90493
6.1261 1.43023 5.90493
6.12389 1.42895 5.90493
6.16887 1.4563 5.90493
6.16157 1.45002 5.90493
6.14503 1.43927 5.90493
6.19462 1.46768 5.90493
6.12552 1.43071 5.90493
6.11975 1.42921 5.90493
6.13265 1.43611 5.90493
6.18517 1.4662 5.90493
6.13603 1.44016 5.90493
6.15077 1.44644 5.90493
6.18728 1.46734 5.90493
6.1505 1.4494 5.90493
6.1725 1.46184 5.90493
6.17168 1.4635 5.90493
6.12942 1.43951 5.90493
6.10562 1.42553 5.90493
6.10565 1.42506 5.90493
6.10093 1.42392 5.90493
6.11095 1.42823 5.84079
6.13043 1.44032 5.84079
6.12327 1.43462 5.84079
6.11256 1.4291 5.84079
6.11823 1.42989 5.84079
6.13315 1.43769 5.84079
6.12907 1.4344 5.84079
6.11603 1.42683 5.84079
6.13511 1.43377 5.84079
6.12583 1.4292 5.84079
6.15304 1.43975 5.84079
6.13561 1.43168 5.84079
6.12451 1.42882 5.84079
6.13364 1.43119 5.84079
6.13189 1.43054 5.84079
6.13454 1.43533 5.84079
6.15786 1.45455 5.84079
6.1663 1.46089 5.84079
6.16253 1.45509 5.84079
6.14504 1.44046 5.84079
6.12081 1.42791 5.84079
6.12335 1.42881 5.84079
6.11996 1.42792 5.84079
6.18873 1.47172 5.84079
6.16221 1.45235 5.84079
6.12796 1.43148 5.84079
6.14905 1.43877 5.84079
6.14444 1.43715 5.84079
6.15314 1.44104 5.84079
6.15245 1.43939 5.84079
6.1619 1.44339 5.84079
6.15838 1.44098 5.84079
6.15034 1.43757 5.84079
6.14166 1.43454 5.84079
6.15597 1.44115 5.84079
6.17066 1.44486 5.84079
6.1656 1.44318 5.84079
6.17703 1.44599 5.84079
6.178 1.44549 5.84079
6.17359 1.44376 5.84079
6.23221 1.48372 5.84079
6.26418 1.49916 5.84079
6.25306 1.50254 5.84079
6.24929 1.49954 5.84079
6.28421 1.52877 5.84079
6.3179 1.54276 5.84079
6.3954 1.5913 5.84079
6.38328 1.59136 5.84079
6.34307 1.55801 5.84079
6.31534 1.53446 5.84079
6.2633 1.49201 5.84079
6.30795 1.52412 5.84079
6.31631 1.52823 5.84079
6.34323 1.55391 5.84079
6.30677 1.52572 5.84079
6.36592 1.56125 5.84079
6.38252 1.56804 5.84079
6.33511 1.53675 5.84079
6.33898 1.53982 5.84079
6.29173 1.50739 5.84079
6.33232 1.53825 5.84079
6.34839 1.55051 5.84079
6.30062 1.51862 5.84079
6.25606 1.48809 5.84079
6.28216 1.51213 5.84079
6.24203 1.49718 5.84079
6.30434 1.53929 5.84079
6.28117 1.5248 5.84079
6.36235 1.57766 5.84079
6.26425 1.51426 5.84079
6.28026 1.52619 5.84079
6.25476 1.51413 5.84079
6.27492 1.52226 5.84079
6.22431 1.49647 5.84079
6.22926 1.50506 5.84079
6.22125 1.50411 5.84079
6.21407 1.49595 5.84079
6.21922 1.50405 5.84079
6.21384 1.49557 5.84079
6.2083 1.48852 5.84079
6.2293 1.49422 5.84079
6.25951 1.50986 5.84079
6.26853 1.5011 5.84079
6.25357 1.48782 5.84079
6.2421 1.48209 5.84079
6.22739 1.47254 5.84079
6.23838 1.48056 5.84079
6.24032 1.47763 5.84079
6.241 1.47454 5.84079
6.24626 1.48208 5.84079
6.27482 1.50042 5.84079
6.24137 1.47734 5.84079
6.24839 1.4811 5.84079
6.27171 1.4936 5.84079
6.2386 1.47403 5.84079
6.23308 1.47084 5.84079
6.22945 1.46713 5.84079
6.24918 1.47791 5.84079
6.24275 1.47388 5.84079
6.2352 1.4704 5.84079
6.23948 1.47466 5.84079
6.23517 1.47202 5.84079
6.22442 1.46662 5.84079
6.23431 1.47532 5.84079
6.22081 1.46679 5.84079
6.21095 1.46495 5.84079
6.22138 1.46973 5.84079
6.21401 1.46879 5.84079
6.23256 1.47761 5.84079
6.21836 1.47446 5.84079
6.206 1.47207 5.84079
6.20081 1.46998 5.84079
6.20406 1.46776 5.84079
6.18071 1.45933 5.84079
6.15858 1.45368 5.84079
6.14008 1.44874 5.84079
6.142 1.44946 5.82268
6.14163 1.45134 5.82268
6.15384 1.4563 5.82268
6.16329 1.46233 5.82268
6.17903 1.4754 5.82268
6.20249 1.48813 5.82268
6.22484 1.50165 5.82268
6.23263 1.50267 5.82268
6.2178 1.49506 5.82268
6.18585 1.47825 5.82268
6.18506 1.48227 5.82268
6.15968 1.4674 5.82268
6.16965 1.47225 5.82268
6.17612 1.4791 5.7707
6.13334 1.45444 5.7707
6.14289 1.46131 5.7707
6.15091 1.46034 5.7707
6.14079 1.45313 5.7707
6.126 1.4423 5.7707
6.11931 1.44055 5.7707
6.13428 1.45095 5.7707
6.17664 1.47864 5.7707
6.13679 1.45809 5.7707
6.10476 1.441 5.7707
6.12005 1.4546 5.7707
6.13629 1.46554 5.7707
6.14016 1.45854 5.7707
6.1189 1.45626 5.7707
6.10986 1.44922 5.7707
6.10936 1.44603 5.7707
6.08678 1.43978 5.7707
6.08559 1.44023 5.7707
6.09235 1.44395 5.7707
6.12005 1.45883 5.7707
6.13915 1.47161 5.7707
6.14652 1.48494 5.7707
6.12636 1.4689 5.7707
6.08583 1.43926 5.7707
6.06004 1.42872 5.7707
6.08026 1.43685 5.7707
6.06242 1.43192 5.7707
6.0564 1.43398 5.7707
6.05445 1.43341 5.7707
6.0506 1.43616 5.7707
6.06937 1.4474 5.7707
6.05222 1.43932 5.7707
6.07537 1.44923 5.7707
6.07388 1.44062 5.7707
6.03813 1.42765 5.7235
6.03678 1.42779 5.7235
6.02742 1.42701 5.7235
6.03676 1.42926 5.7235
6.04047 1.43133 5.7235
6.05372 1.42994 5.7235
6.03985 1.42376 5.7235
6.03556 1.41903 5.7235
6.02796 1.42083 5.7235
6.03099 1.4177 5.7235
6.01929 1.41211 5.7235
6.01618 1.41167 5.7235
6.03595 1.41834 5.7235
6.0449 1.42402 5.7235
6.0466 1.42613 5.7235
6.04153 1.42676 5.7235
6.05766 1.43391 5.7235
6.02348 1.4221 5.7235
6.05127 1.43922 5.7235
6.04296 1.43234 5.7235
6.03912 1.43329 5.7235
6.0292 1.42676 5.7235
6.03036 1.42445 5.7235
6.01374 1.41959 5.7235
6.00441 1.41479 5.7235
6.01139 1.41909 5.7235
6.0039 1.41404 5.7235
6.0205 1.42165 5.7235
6.04165 1.43233 5.7235
6.07294 1.44963 5.7235
6.05454 1.43071 5.7235
6.13577 1.46969 5.7235
6.16527 1.4877 5.7235
6.13327 1.4522 5.7235
6.16124 1.47296 5.7235
6.21386 1.51507 5.7235
6.1962 1.49435 5.7235
6.22887 1.53314 5.7235
6.29779 1.57848 5.7235
6.21086 1.50621 5.7235
6.18876 1.49101 5.7235
6.15207 1.47303 5.7235
6.11984 1.45868 5.7235
6.13939 1.46898 5.7235
6.12533 1.45981 5.7235
6.1211 1.45579 5.7235
6.13493 1.4591 5.7235
6.1302 1.45451 5.7235
6.13255 1.45669 5.7235
6.15917 1.47392 5.7235
6.13414 1.4619 5.7235
6.10937 1.45358 5.7235
6.05668 1.43265 5.7235
6.04976 1.43345 5.7235
6.05663 1.43711 5.7235
6.02442 1.4242 5.7235
6.02486 1.42404 5.7235
6.02926 1.42576 5.7235
6.02229 1.42095 5.7235
6.02478 1.42496 5.7235
6.02687 1.42527 5.7235
6.02128 1.41913 5.7235
6.00774 1.41272 5.7235
6.0123 1.41463 5.7235
6.01235 1.42273 5.7235
5.97261 1.40438 5.7235
5.99468 1.41805 5.7235
5.97169 1.40809 5.7235
5.96899 1.40525 5.7235
5.99383 1.4149 5.7235
6.0384 1.4426 5.7235
6.0028 1.41846 5.7235
5.98458 1.41063 5.7235
5.96401 1.40299 5.7235
5.9654 1.40372 5.7235
6.01802 1.43484 5.7235
6.01938 1.44006 5.7235
5.98002 1.41274 5.7235
6.02877 1.43753 5.7235
6.00615 1.42643 5.7235
5.98134 1.41755 5.7235
5.98834 1.41893 5.7235
6.01441 1.43415 5.7235
5.99212 1.41947 5.7235
5.97327 1.40683 5.7235
5.96559 1.40338 5.7235
5.99748 1.41498 5.7235
5.95822 1.39818 5.7235
5.97518 1.40731 5.7235
5.93302 1.39165 5.7235
5.94128 1.40114 5.7235
5.91979 1.39106 5.7235
5.90942 1.38663 5.7235
5.9162 1.38984 5.7235
5.92214 1.39203 5.65652
5.94209 1.40171 5.65652
5.93218 1.39541 5.65652
5.93491 1.39696 5.65652
5.9574 1.40552 5.65652
5.98365 1.42044 5.65652
6.06328 1.47987 5.65652
5.9702 1.40928 5.65652
5.96135 1.40434 5.65652
6.05752 1.46476 5.60455
5.99362 1.41612 5.60455
5.97948 1.40939 5.60455
5.9321 1.39014 5.60455
5.94878 1.39788 5.60455
5.94838 1.39538 5.60455
5.92186 1.38434 5.60455
5.90456 1.37762 5.60455
5.90206 1.37748 5.60455
5.9021 1.37782 5.60455
5.90355 1.37751 5.60455
5.89504 1.37442 5.60455
5.90148 1.37828 5.60455
5.91475 1.38469 5.60455
5.92899 1.39125 5.60455
5.92729 1.38832 5.60455
5.93707 1.39351 5.60455
5.96616 1.41295 5.60455
5.99598 1.42908 5.60455
6.04447 1.46627 5.60455
6.06366 1.47506 5.60455
6.05562 1.45591 5.60455
6.09905 1.49186 5.60455
5.98043 1.4193 5.60455
6.01039 1.43181 5.60455
5.98223 1.4194 5.60455
6.03176 1.44113 5.60455
5.99935 1.42541 5.60455
6.00384 1.42814 5.60455
6.11356 1.49807 5.60455
6.00609 1.44026 5.60455
5.98477 1.4297 5.60455
5.97147 1.4258 5.60455
5.9567 1.41459 5.60455
5.93863 1.40383 5.60455
5.9516 1.40641 5.60455
5.91449 1.39036 5.60455
5.96431 1.4213 5.60455
5.9028 1.39279 5.60455
5.89778 1.38144 5.60455
5.94695 1.41366 5.60455
5.94596 1.40397 5.60455
5.9636 1.40918 5.60455
5.9107 1.38609 5.53392
5.89192 1.37702 5.53392
5.86069 1.36565 5.53392
5.88411 1.37455 5.53392
5.87355 1.37067 5.53392
5.93559 1.40664 5.53392
5.90215 1.38325 5.53392
5.92302 1.39412 5.53392
5.90164 1.38471 5.53392
5.90487 1.38687 5.53392
5.8975 1.38784 5.53392
5.86919 1.37353 5.53392
5.81868 1.34645 5.53392
5.85797 1.36402 5.53392
5.85925 1.36551 5.53392
5.83243 1.3529 5.53392
5.842 1.35744 5.53392
5.82078 1.3446 5.53392
5.82698 1.34626 5.53392
5.84287 1.35204 5.53392
5.84358 1.3526 5.53392
5.83479 1.34985 5.53392
5.85547 1.35906 5.53392
5.8552 1.35829 5.53392
5.86255 1.3636 5.53392
5.87162 1.36873 5.53392
5.87645 1.37278 5.53392
5.87815 1.37076 5.53392
5.8928 1.37444 5.53392
5.89166 1.37753 5.53392
5.91542 1.39044 5.53392
5.92363 1.39234 5.53392
5.91405 1.38324 5.53392
5.92924 1.38798 5.53392
5.91959 1.38642 5.53392
5.92454 1.39422 5.53392
5.93644 1.40502 5.53392
5.98054 1.42137 5.53392
6.00676 1.4337 5.53392
5.96093 1.40819 5.53392
6.01796 1.43829 5.53392
5.98285 1.41582 5.53392
6.01085 1.43312 5.53392
6.00241 1.4311 5.53392
6.00806 1.43591 5.53392
6.00552 1.43153 5.53392
5.99166 1.41688 5.53392
6.01511 1.42782 5.53392
5.9806 1.41202 5.53392
5.97569 1.4104 5.53392
5.98153 1.42392 5.53392
5.99046 1.42651 5.53392
6.10435 1.49793 5.53392
5.95002 1.40736 5.53392
5.89439 1.38031 5.53392
5.90977 1.38684 5.53392
5.87189 1.36282 5.53392
5.88353 1.36788 5.53392
5.92312 1.38921 5.53392
5.89523 1.37319 5.53392
5.94149 1.39894 5.53392
5.95984 1.40368 5.53392
5.97176 1.41076 5.53392
5.93591 1.38166 5.53392
5.93138 1.38239 5.53392
5.95484 1.40312 5.53392
5.95993 1.40099 5.53392
5.90915 1.3727 5.53392
5.92402 1.38803 5.53392
5.88919 1.37021 5.53392
5.89646 1.3748 5.53392
5.88626 1.37176 5.53392
5.90375 1.37716 5.53392
5.91771 1.38528 5.53392
5.95641 1.40784 5.53392
5.88861 1.37457 5.53392
5.84691 1.35672 5.53392
5.88288 1.37945 5.53392
5.89198 1.38968 5.53392
5.83878 1.35677 5.53392
5.84084 1.35881 5.53392
5.84669 1.36137 5.53392
5.84655 1.3596 5.53392
5.85074 1.36206 5.53392
5.87022 1.3704 5.53392
5.86153 1.36619 5.53392
5.86211 1.36676 5.53392
5.95634 1.42919 5.53392
5.98034 1.45544 5.53392
6.00184 1.46116 5.53392
6.06357 1.51283 5.53392
6.0651 1.52457 5.53392
6.03038 1.48348 5.53392
5.99907 1.45823 5.53392
5.93221 1.41781 5.53392
5.90595 1.39809 5.53392
5.9231 1.40905 5.53392
5.95636 1.42449 5.53392
5.96232 1.41966 5.53392
5.94215 1.40285 5.53392
5.93531 1.40313 5.53392
5.93763 1.40026 5.53392
5.89969 1.37488 5.53392
5.88904 1.36967 5.53392
5.88338 1.36844 5.53392
5.93177 1.40211 5.53392
5.87136 1.36815 5.53392
5.87516 1.36857 5.53392
5.85044 1.35569 5.53392
5.87369 1.36917 5.53392
5.89029 1.37715 5.53392
5.83721 1.34992 5.53392
5.84933 1.35482 5.53392
5.89326 1.37419 5.53392
5.88659 1.36713 5.53392
5.88357 1.36478 5.53392
5.87205 1.35861 5.53392
5.86331 1.35585 5.53392
5.89189 1.36842 5.53392
6.01348 1.44628 5.53392
5.96077 1.40372 5.53392
5.94962 1.39677 5.53392
5.96962 1.40518 5.53392
5.95455 1.39532 5.53392
5.91369 1.37361 5.53392
5.91547 1.37061 5.53392
5.88252 1.36009 5.53392
5.87392 1.35799 5.53392
5.88783 1.36525 5.53392
5.8896 1.36758 5.53392
5.85917 1.35159 5.53392
5.85283 1.34996 5.53392
5.86666 1.35854 5.53392
5.81601 1.33655 5.53392
5.8262 1.33911 5.53392
5.82679 1.33644 5.53392
5.81233 1.33098 5.53392
5.81776 1.33432 5.53392
5.83023 1.34046 5.53392
5.8115 1.33303 5.53392
5.81912 1.33543 5.53392
5.84205 1.34645 5.53392
5.82686 1.33802 5.53392
5.79907 1.3274 5.53392
5.83782 1.34464 5.53392
5.84205 1.34449 5.53392
5.85144 1.34911 5.53392
5.8526 1.35024 5.53392
5.91626 1.38462 5.53392
5.86272 1.35481 5.53392
5.8656 1.3535 5.53392
5.86147 1.3516 5.53392
5.85197 1.3488 5.53392
5.84226 1.34561 5.53392
5.8589 1.35103 5.53392
5.86565 1.35117 5.53392
5.86379 1.34945 5.53392
5.86856 1.34926 5.53392
5.89642 1.3668 5.53392
5.88876 1.35852 5.53392
5.93276 1.38909 5.53392
5.91352 1.37814 5.53392
5.87914 1.35636 5.53392
5.86427 1.35228 5.53392
5.88867 1.36555 5.53392
5.87476 1.35652 5.53392
5.85854 1.35699 5.53392
5.84357 1.34858 5.53392
5.86355 1.35811 5.53392
5.90041 1.37871 5.53392
5.928 1.39652 5.53392
5.86156 1.3591 5.53392
5.89177 1.37374 5.53392
5.91142 1.38407 5.53392
5.89803 1.37969 5.53392
5.86415 1.3608 5.53392
5.85386 1.35613 5.53392
5.84948 1.35346 5.53392
5.83686 1.34963 5.53392
5.84949 1.36083 5.53392
5.87762 1.37326 5.53392
5.87306 1.36929 5.53392
5.82712 1.34368 5.53392
5.83569 1.35024 5.53392
5.9534 1.4306 5.53392
5.93313 1.40814 5.53392
5.92271 1.4019 5.53392
5.87967 1.38106 5.53392
5.84955 1.36426 5.53392
5.83805 1.36277 5.53392
5.85115 1.36872 5.53392
5.87906 1.38644 5.53392
5.81521 1.34082 5.53392
5.77982 1.32536 5.53392
5.80889 1.33555 5.53392
5.91578 1.39891 5.49459
5.89235 1.37693 5.49459
5.93062 1.39562 5.49459
5.8965 1.37846 5.49459
5.86581 1.36289 5.49459
5.84212 1.35644 5.49459
5.8843 1.38315 5.49459
5.86599 1.37305 5.49459
5.90562 1.39487 5.49459
5.91314 1.39501 5.49459
5.8493 1.36212 5.49459
5.84306 1.37208 5.49459
5.86662 1.3813 5.49459
5.86273 1.37589 5.49459
5.98705 1.46623 5.49459
5.87043 1.38113 5.49459
5.75591 1.3308 5.49459
5.71672 1.2992 5.49459
5.72755 1.30689 5.49459
5.67108 1.27845 5.47838
5.65572 1.27075 5.42893
5.64852 1.27093 5.42893
5.64708 1.26874 5.42893
5.65554 1.2732 5.42893
5.73921 1.31935 5.42893
5.65926 1.27618 5.42893
5.65096 1.27173 5.42893
5.64916 1.2709 5.42893
5.69538 1.29369 5.42893
5.73113 1.31471 5.42893
5.70172 1.29918 5.42893
5.7049 1.30243 5.42893
5.68055 1.29234 5.42893
5.66992 1.28643 5.42893
5.60087 1.25117 5.42893
5.6591 1.28764 5.42893
5.63355 1.27571 5.42893
5.59375 1.25826 5.42893
5.55005 1.23169 5.42893
5.54125 1.2289 5.42893
5.54781 1.22994 5.42893
5.51914 1.21934 5.42893
5.52727 1.22348 5.42893
5.53863 1.23112 5.42893
5.53656 1.22818 5.42893
5.55353 1.2346 5.42893
5.55012 1.23059 5.42893
5.52617 1.21812 5.42893
5.50736 1.20971 5.42893
5.51139 1.21133 5.42893
5.51704 1.21573 5.42893
5.52611 1.21778 5.42893
5.55375 1.23148 5.42893
5.54759 1.22975 5.42893
5.56837 1.23925 5.42893
5.57437 1.24377 5.42893
5.56975 1.24269 5.42893
5.5571 1.23274 5.42893
5.57023 1.24231 5.42893
5.57367 1.2445 5.42893
5.61384 1.26902 5.42893
5.57195 1.24254 5.42893
5.56767 1.23894 5.42893
5.57456 1.24262 5.42893
5.57777 1.24516 5.42893
5.5613 1.23599 5.42893
5.53968 1.22533 5.42893
5.54301 1.22862 5.42893
5.58529 1.2446 5.42893
5.61675 1.26189 5.42893
5.60003 1.25756 5.42893
5.53131 1.22405 5.42893
5.5361 1.22769 5.42893
5.53419 1.22667 5.42893
5.5325 1.22524 5.42893
5.53158 1.22527 5.42893
5.54711 1.24114 5.42893
5.54235 1.23673 5.42893
5.56056 1.24852 5.42893
5.54676 1.23578 5.42893
5.55956 1.24172 5.42893
5.56509 1.24512 5.42893
5.59754 1.26394 5.42893
5.6272 1.28042 5.42893
5.58593 1.25788 5.42893
5.61308 1.27086 5.42893
5.56634 1.24485 5.42893
5.60115 1.2576 5.42893
5.58062 1.24436 5.42893
5.56366 1.2342 5.42893
5.58134 1.24154 5.42893
5.57248 1.24083 5.42893
5.551 1.22302 5.42893
5.58832 1.24098 5.42893
5.56446 1.22978 5.42893
5.56492 1.23183 5.42893
5.57971 1.24148 5.42893
5.59485 1.25099 5.42893
5.5915 1.24794 5.42893
5.59714 1.25119 5.42893
5.58724 1.24511 5.42893
5.56372 1.23673 5.42893
5.53183 1.22482 5.42893
5.55584 1.23249 5.42893
5.53616 1.22111 5.42893
5.56544 1.23644 5.42893
5.55514 1.22794 5.42893
5.57366 1.23359 5.42893
5.57328 1.23097 5.42893
5.57174 1.2298 5.42893
5.56367 1.22737 5.42893
5.56338 1.22913 5.42893
5.56343 1.22732 5.42893
5.59157 1.23977 5.42893
5.62813 1.25862 5.42893
5.60714 1.24683 5.42893
5.63383 1.26061 5.42893
5.64673 1.26633 5.42893
5.64093 1.2658 5.42893
5.61365 1.24815 5.42893
5.60535 1.24236 5.42893
5.62583 1.25281 5.42893
5.63239 1.25518 5.42893
5.60207 1.23985 5.42893
5.60001 1.23954 5.42893
5.58319 1.23125 5.42893
5.585 1.23443 5.42893
5.60178 1.24109 5.42893
5.61651 1.24917 5.42893
5.62301 1.25217 5.42893
5.59818 1.23978 5.42893
5.58491 1.23331 5.42893
5.58201 1.23124 5.42893
5.56427 1.22481 5.42893
5.58096 1.23137 5.42893
5.58273 1.23243 5.42893
5.57319 1.22967 5.42893
5.58415 1.23507 5.42893
5.55372 1.22387 5.42893
5.55647 1.22565 5.42893
5.54653 1.22222 5.42893
5.55107 1.22308 5.42893
5.56507 1.22821 5.42893
5.55265 1.22472 5.42893
5.54815 1.22308 5.42893
5.55144 1.22311 5.42893
5.54929 1.22245 5.42893
5.55658 1.22508 5.42893
5.55359 1.22319 5.42893
5.56151 1.22605 5.42893
5.58001 1.23578 5.42893
5.58094 1.23526 5.42893
5.56631 1.22761 5.42893
5.5553 1.22297 5.42893
5.55383 1.22341 5.42893
5.54258 1.22016 5.42893
5.54485 1.22142 5.42893
5.55889 1.22605 5.42893
5.56819 1.23064 5.42893
5.56159 1.22761 5.42893
5.57306 1.23279 5.42893
5.56718 1.23105 5.42893
5.54731 1.22268 5.42893
5.55241 1.22545 5.42893
5.54608 1.22321 5.42893
5.55437 1.22667 5.42893
5.55861 1.22988 5.42893
5.58172 1.24035 5.42893
5.56119 1.23095 5.42893
5.5837 1.23928 5.42893
5.58288 1.24164 5.42893
5.57027 1.2365 5.42893
5.56471 1.2332 5.42893
5.59512 1.2472 5.42893
5.60037 1.24948 5.42893
5.63992 1.26989 5.42893
5.64513 1.27075 5.42893
5.61585 1.2567 5.42893
5.60329 1.24971 5.42893
5.61078 1.25375 5.42893
5.5856 1.24151 5.42893
5.58653 1.24348 5.42893
5.61104 1.25532 5.42893
5.61918 1.25877 5.42893
5.61868 1.25846 5.42893
5.61423 1.25418 5.42893
5.61276 1.25088 5.42893
5.61712 1.25489 5.42893
5.61303 1.25249 5.42893
5.6279 1.25826 5.42893
5.61816 1.25301 5.42893
5.62025 1.25132 5.42893
5.62379 1.25194 5.42893
5.62858 1.25802 5.42893
5.61337 1.24935 5.42893
5.63565 1.26041 5.42893
5.62364 1.25512 5.42893
5.6042 1.24929 5.42893
5.59379 1.24486 5.42893
5.62368 1.25967 5.42893
5.60888 1.25549 5.42893
5.60096 1.25515 5.42893
5.61778 1.2628 5.42893
5.59436 1.24789 5.42893
5.60279 1.25216 5.42893
5.61368 1.25607 5.42893
5.59782 1.24948 5.42893
5.59307 1.24941 5.42893
5.59855 1.2513 5.42893
5.66376 1.29246 5.42893
5.58851 1.24548 5.42893
5.60781 1.25507 5.42893
5.6427 1.27281 5.42893
5.63387 1.27097 5.42893
5.59343 1.24597 5.42893
5.59252 1.24483 5.42893
5.57715 1.23924 5.42893
5.56053 1.23311 5.42893
5.55876 1.23276 5.42893
5.54478 1.22865 5.42893
5.54029 1.22719 5.42893
5.52995 1.22248 5.42893
5.54093 1.22703 5.42893
5.60125 1.25948 5.42893
5.54966 1.23023 5.42893
5.54966 1.22998 5.42893
5.54901 1.22868 5.42893
5.55137 1.22988 5.42893
5.55753 1.23263 5.42893
5.55024 1.22944 5.42893
5.55941 1.23294 5.42893
5.55039 1.2296 5.42893
5.54466 1.22671 5.42893
5.55137 1.23109 5.42893
5.53487 1.2248 5.42893
5.53132 1.22431 5.42893
5.54616 1.23025 5.42893
5.58287 1.24833 5.42893
5.57565 1.24354 5.42893
5.59567 1.25296 5.42893
5.57395 1.23991 5.42893
5.56281 1.23611 5.42893
5.56402 1.2373 5.42893
5.55949 1.23661 5.42893
5.59997 1.25366 5.42893
5.56936 1.23859 5.42893
5.56225 1.23657 5.42893
5.58485 1.24768 5.42893
5.59588 1.24987 5.42893
5.5854 1.24328 5.42893
5.58622 1.24366 5.42893
5.60056 1.25191 5.42893
5.65006 1.28076 5.42893
5.64819 1.27984 5.42893
5.6606 1.2847 5.42893
5.65914 1.28101 5.42893
5.64245 1.27812 5.42893
5.64821 1.27903 5.42893
5.65598 1.28633 5.42893
5.64605 1.2791 5.42893
5.70362 1.31049 5.42893
5.65151 1.28545 5.42893
5.64707 1.28359 5.42893
5.63638 1.27839 5.42893
5.62513 1.27034 5.42893
5.68993 1.30755 5.42893
5.67388 1.3011 5.42893
5.65356 1.28958 5.42893
5.68087 1.30622 5.42893
5.71251 1.31788 5.42893
5.68792 1.30231 5.42893
5.68047 1.29653 5.42893
5.70716 1.30691 5.42893
5.69146 1.29819 5.42893
5.68422 1.29232 5.42893
5.65985 1.28094 5.42893
5.66073 1.27794 5.42893
5.64903 1.27037 5.42893
5.64798 1.27131 5.42893
5.64218 1.26714 5.42893
5.63787 1.2667 5.41272
5.63596 1.26717 5.41272
5.63309 1.26292 5.41272
5.61797 1.25894 5.41272
5.61743 1.25809 5.41272
5.63799 1.27003 5.41272
5.6279 1.26566 5.41272
5.61007 1.25846 5.41272
5.60837 1.25603 5.41272
5.61474 1.25798 5.41272
5.60899 1.25332 5.41272
5.60002 1.25065 5.41272
5.59195 1.24758 5.41272
5.5778 1.23995 5.41272
5.57798 1.23981 5.41272
5.60013 1.25174 5.41272
5.5806 1.24167 5.41272
5.55704 1.2323 5.41272
5.57436 1.2398 5.41272
5.59371 1.24802 5.41272
5.5893 1.24518 5.41272
5.58915 1.24627 5.41272
5.57456 1.24066 5.41272
5.5613 1.2374 5.41272
5.55684 1.23958 5.41272
5.53403 1.22661 5.41272
5.53347 1.23362 5.41272
5.54779 1.23447 5.41272
5.54954 1.23171 5.41272
5.55641 1.23676 5.41272
5.55956 1.24022 5.41272
5.51717 1.21683 5.41272
5.5181 1.22022 5.41272
5.52115 1.22411 5.41272
5.48594 1.2078 5.41272
5.51392 1.21908 5.41272
5.54206 1.22913 5.41272
5.52541 1.21855 5.41272
5.5253 1.21699 5.41272
5.51826 1.21475 5.41272
5.51911 1.21747 5.41272
5.51657 1.21604 5.41272
5.49569 1.20945 5.41272
5.49008 1.20665 5.41272
5.4799 1.20339 5.41272
5.48545 1.20553 5.41272
5.49418 1.20705 5.41272
5.48667 1.20553 5.41272
5.4929 1.2088 5.41272
5.48236 1.20533 5.41272
5.53043 1.22275 5.41272
5.51219 1.21441 5.41272
5.51211 1.21703 5.41272
5.55776 1.24501 5.41272
5.48792 1.20768 5.41272
5.47797 1.20484 5.41272
5.45114 1.19665 5.41272
5.43133 1.19083 5.41272
5.43321 1.19137 5.41272
5.43573 1.19255 5.41272
5.42631 1.19001 5.41272
5.45955 1.20629 5.41272
5.46127 1.20809 5.41272
5.42086 1.18886 5.41272
5.42155 1.1889 5.40582
5.41793 1.1882 5.40582
5.43726 1.19376 5.40582
5.43817 1.19241 5.40582
5.43124 1.19081 5.40582
5.44114 1.19391 5.40582
5.44674 1.19823 5.40582
5.45435 1.20204 5.40582
5.43749 1.19196 5.40582
5.44715 1.1954 5.40582
5.43105 1.19096 5.40582
5.49951 1.2275 5.40582
5.50362 1.22892 5.40582
5.47697 1.20961 5.40582
5.47752 1.20655 5.40582
5.45875 1.20051 5.40582
5.471 1.20402 5.40582
5.48528 1.20899 5.40582
5.48781 1.2093 5.40582
5.48527 1.20898 5.40582
5.48723 1.20929 5.40582
5.50044 1.2135 5.40582
5.50972 1.21683 5.40582
5.5006 1.21444 5.40582
5.5038 1.21566 5.40582
5.51314 1.21862 5.40582
5.50532 1.21615 5.40582
5.52068 1.22182 5.40582
5.49851 1.21486 5.40582
5.50622 1.21784 5.40582
5.50293 1.21616 5.40582
5.50768 1.21846 5.40582
5.50762 1.21721 5.40582
5.51032 1.21968 5.40582
5.48801 1.21034 5.40582
5.49272 1.21109 5.40582
5.49378 1.21114 5.40582
5.49765 1.21211 5.40582
5.49876 1.21323 5.40582
5.48356 1.20654 5.40582
5.4886 1.20845 5.40582
5.48696 1.20729 5.40582
5.49021 1.20884 5.40582
5.5112 1.21728 5.40582
5.60001 1.27545 5.40582
5.59162 1.26626 5.40582
5.53301 1.22774 5.40582
5.53905 1.23316 5.40582
5.54061 1.23336 5.40582
5.51354 1.2218 5.40582
5.5143 1.22462 5.40582
5.45744 1.20199 5.40582
5.4385 1.19246 5.40582
5.43834 1.1918 5.40582
5.44283 1.1928 5.40582
5.44843 1.19487 5.40582
5.44557 1.19399 5.40582
5.45131 1.19552 5.40582
5.4629 1.20087 5.40582
5.4725 1.20609 5.40582
5.47464 1.21083 5.40582
5.4568 1.20081 5.40582
5.48744 1.21505 5.40582
5.48559 1.21086 5.40582
5.45925 1.20014 5.40582
5.45297 1.19819 5.40582
5.45575 1.19926 5.40582
5.44173 1.19536 5.40582
5.44363 1.19599 5.40582
5.44288 1.19589 5.40582
5.44914 1.1978 5.40582
5.43923 1.19514 5.40582
5.44528 1.19803 5.40582
5.43068 1.19222 5.40582
5.42874 1.19154 5.40582
5.44321 1.19786 5.40582
5.46711 1.20496 5.40582
5.48934 1.21754 5.40582
5.49805 1.22089 5.40582
5.47137 1.2099 5.40582
5.46481 1.20834 5.40582
5.52593 1.24289 5.40582
5.44483 1.19739 5.40582
5.4597 1.20477 5.40582
5.49563 1.22038 5.40582
5.44373 1.19734 5.40582
5.4488 1.20002 5.40582
5.44367 1.19842 5.40582
5.44376 1.19759 5.40582
5.4561 1.20317 5.40582
5.45761 1.20757 5.40582
5.44836 1.19988 5.40582
5.44622 1.1986 5.40582
5.46444 1.20763 5.40582
5.45903 1.20191 5.40582
5.45946 1.20251 5.40582
5.4838 1.21597 5.40582
5.47304 1.20656 5.40582
5.4653 1.20316 5.40582
5.47616 1.20821 5.40582
5.48236 1.21027 5.40582
5.47094 1.20491 5.40582
5.48817 1.2152 5.40582
5.46691 1.20514 5.40582
5.46159 1.20228 5.40582
5.45871 1.20153 5.40582
5.46951 1.20431 5.40582
5.47288 1.20525 5.40582
5.47436 1.20541 5.40582
5.47135 1.20481 5.40582
5.46612 1.20339 5.40582
5.47191 1.20522 5.40582
5.47957 1.20818 5.40582
5.49021 1.2117 5.40582
5.50138 1.21647 5.40582
5.51383 1.22051 5.40582
5.52849 1.22619 5.40582
5.53619 1.22674 5.40582
5.52148 1.22044 5.40582
5.50987 1.21726 5.40582
5.51218 1.21836 5.40582
5.54376 1.23313 5.40582
5.5934 1.2665 5.40582
5.54694 1.22829 5.40582
5.55714 1.23539 5.40582
5.53686 1.22506 5.40582
5.5792 1.23884 5.40582
5.57818 1.23872 5.40582
5.60168 1.24781 5.40582
5.59028 1.2423 5.40582
5.59916 1.24552 5.40582
5.58993 1.24345 5.40582
5.58758 1.24177 5.40582
5.63764 1.26365 5.40582
5.60969 1.24937 5.40582
5.59628 1.24433 5.40582
5.59181 1.24381 5.40582
5.58044 1.23882 5.40582
5.6356 1.26264 5.40582
5.5725 1.23554 5.40582
5.56674 1.2343 5.40582
5.55571 1.23026 5.40582
5.5794 1.23936 5.40582
5.58854 1.24544 5.40582
5.59777 1.24916 5.40582
5.55402 1.23272 5.40582
5.52794 1.22263 5.40582
5.5341 1.2238 5.40582
5.5116 1.21477 5.40582
5.51882 1.2174 5.40582
5.52153 1.21983 5.40582
5.53284 1.22303 5.40582
5.53181 1.22281 5.40582
5.555 1.23256 5.40582
5.54068 1.22533 5.40582
5.55321 1.23054 5.40582
5.55667 1.2325 5.40582
5.55951 1.23497 5.40582
5.55557 1.23299 5.40582
5.53945 1.22777 5.40582
5.53736 1.22746 5.40582
5.55104 1.23408 5.40582
5.5428 1.22998 5.40582
5.53679 1.22615 5.40582
5.52708 1.22209 5.40582
5.52811 1.22266 5.40582
5.52212 1.22079 5.40582
5.52683 1.22259 5.40582
5.53888 1.2274 5.40582
5.55345 1.23284 5.40582
5.61924 1.26674 5.40582
5.61427 1.26214 5.40582
5.60127 1.25138 5.40582
5.56698 1.23575 5.40582
5.56746 1.23344 5.40582
5.58961 1.24358 5.40582
5.53274 1.2221 5.40582
5.52027 1.21886 5.40582
5.54394 1.22816 5.40582
5.54073 1.22581 5.40582
5.55162 1.23131 5.40582
5.56443 1.23764 5.40582
5.57358 1.24057 5.40582
5.58447 1.24714 5.40582
5.57082 1.24077 5.40582
5.57444 1.24248 5.40582
5.55614 1.23225 5.40582
5.5658 1.23596 5.40582
5.6413 1.28087 5.40582
5.62083 1.26638 5.40582
5.58027 1.2439 5.40582
5.5525 1.23068 5.40582
5.53977 1.22353 5.40582
5.56402 1.23615 5.40582
5.5966 1.25484 5.40582
5.58714 1.24954 5.40582
5.63318 1.27427 5.40582
5.58106 1.25084 5.40582
5.56539 1.24371 5.40582
5.56266 1.2421 5.40582
5.57101 1.24446 5.40582
5.58315 1.25124 5.40582
5.53813 1.22867 5.40582
5.53784 1.22987 5.40582
5.54239 1.23016 5.40582
5.54453 1.23027 5.40582
5.54604 1.23119 5.40582
5.54312 1.22947 5.40582
5.53242 1.22144 5.40582
5.52705 1.2179 5.40582
5.52254 1.21551 5.40582
5.52005 1.21414 5.40582
5.52765 1.21744 5.40582
5.53718 1.22015 5.40582
5.53172 1.21847 5.40582
5.52387 1.2164 5.40582
5.55293 1.22452 5.40582
5.54356 1.22102 5.40582
5.51826 1.21495 5.40582
5.52242 1.21579 5.40582
5.52398 1.21636 5.40582
5.5348 1.22137 5.40582
5.51743 1.21645 5.40582
5.51597 1.21571 5.40582
5.52495 1.21882 5.40582
5.53957 1.22994 5.40582
5.53831 1.22596 5.40582
5.58034 1.24886 5.40582
5.54002 1.22595 5.40582
5.53143 1.22371 5.40582
5.50459 1.21181 5.40582
5.5189 1.21571 5.40582
5.51913 1.21552 5.40582
5.52604 1.21702 5.40582
5.53332 1.22042 5.40582
5.52762 1.21765 5.40582
5.56396 1.23708 5.40582
5.5623 1.23865 5.40582
5.54115 1.2288 5.40582
5.53227 1.22251 5.40582
5.53392 1.22406 5.40582
5.51518 1.21779 5.40582
5.51873 1.21829 5.40582
5.5133 1.21545 5.40582
5.50489 1.2126 5.40582
5.52209 1.21971 5.40582
5.54631 1.23173 5.40582
5.53396 1.22328 5.40582
5.51573 1.21686 5.40582
5.51195 1.21523 5.40582
5.52136 1.21886 5.40582
5.53438 1.22469 5.40582
5.52136 1.22145 5.40582
5.51297 1.21887 5.40582
5.48146 1.20687 5.40582
5.53141 1.23218 5.40582
5.48132 1.2072 5.40582
5.4734 1.20526 5.40582
5.49537 1.21876 5.40582
5.51444 1.22743 5.40582
5.52628 1.23576 5.40582
5.5297 1.23392 5.40582
5.55204 1.24632 5.40582
5.51748 1.22719 5.40582
5.49412 1.21536 5.40582
5.5046 1.22095 5.40582
5.49043 1.21012 5.40582
5.48363 1.20814 5.40582
5.4818 1.20705 5.40582
5.46759 1.20273 5.40582
5.49336 1.21209 5.40582
5.49265 1.21153 5.40582
5.49892 1.2141 5.40582
5.4851 1.20871 5.40582
5.50677 1.21613 5.40582
5.49909 1.21399 5.40582
5.4984 1.21411 5.40582
5.49235 1.21248 5.40582
5.53541 1.22926 5.40582
5.49244 1.2119 5.40582
5.50047 1.21435 5.40582
5.5007 1.21518 5.40582
5.49209 1.21154 5.40582
5.50603 1.21542 5.40582
5.4983 1.21402 5.40582
5.61245 1.27103 5.40582
5.55026 1.23504 5.40582
5.55592 1.23493 5.40582
5.59983 1.26019 5.40582
5.54658 1.23204 5.40582
5.53222 1.22722 5.40582
5.52346 1.22349 5.40582
5.55168 1.23311 5.40582
5.52461 1.22342 5.40582
5.53363 1.22736 5.40582
5.53146 1.22696 5.40582
5.54191 1.23221 5.40582
5.52558 1.22567 5.40582
5.54521 1.23266 5.40582
5.51979 1.22168 5.40582
5.51713 1.22013 5.40582
5.48806 1.21031 5.40582
5.46246 1.20305 5.40582
5.44465 1.19684 5.40582
5.44591 1.19695 5.40582
5.44866 1.19743 5.40582
5.455 1.19992 5.40582
5.47172 1.20915 5.40582
5.45119 1.19783 5.40582
5.45188 1.19795 5.40582
5.45848 1.20046 5.40582
5.46531 1.2029 5.40582
5.46272 1.20307 5.40582
5.48169 1.20901 5.40582
5.49052 1.21544 5.40582
5.45608 1.19871 5.40582
5.46445 1.20235 5.40582
5.46402 1.20151 5.40582
5.4568 1.19883 5.40582
5.47494 1.20448 5.40582
5.47888 1.20665 5.40582
5.45802 1.19906 5.40582
5.46291 1.20056 5.40582
5.4621 1.20077 5.40582
5.48068 1.20607 5.40582
5.48059 1.20584 5.40582
5.49909 1.21395 5.40582
5.49702 1.22038 5.40582
5.48115 1.21029 5.40582
5.48335 1.20992 5.40582
5.4883 1.21191 5.40582
5.47708 1.20715 5.40582
5.48552 1.20952 5.40582
5.49962 1.214 5.40582
5.49286 1.2095 5.40582
5.49129 1.20834 5.40582
5.49675 1.21163 5.40582
5.50456 1.21586 5.40582
5.50038 1.21338 5.40582
5.50575 1.21723 5.40582
5.51536 1.21977 5.40582
5.49829 1.21245 5.40582
5.51735 1.21744 5.40582
5.51371 1.21582 5.40582
5.5266 1.22188 5.40582
5.53079 1.22245 5.40582
5.59493 1.25366 5.40582
5.64387 1.27811 5.40582
5.62349 1.27828 5.40582
5.56229 1.23761 5.40582
5.5435 1.22693 5.40582
5.5832 1.24216 5.40582
5.55089 1.22774 5.40582
5.58159 1.24041 5.40582
5.55502 1.22937 5.40582
5.56263 1.23238 5.40582
5.57852 1.23907 5.40582
5.58044 1.24112 5.40582
5.57518 1.23924 5.40582
5.59474 1.25127 5.40582
5.60431 1.25919 5.40582
5.57539 1.24196 5.40582
5.64582 1.28512 5.40582
5.59466 1.25891 5.40582
5.59855 1.26084 5.40582
5.54901 1.23275 5.40582
5.54047 1.22695 5.40582
5.54732 1.22852 5.40582
5.54745 1.22819 5.40582
5.53471 1.22361 5.40582
5.54354 1.22871 5.40582
5.51301 1.2154 5.40582
5.52635 1.22099 5.40582
5.52058 1.21914 5.40582
5.53182 1.22341 5.40582
5.52125 1.21937 5.40582
5.54045 1.22803 5.40582
5.53017 1.22209 5.40582
5.53387 1.2247 5.40582
5.53408 1.22362 5.40582
5.54082 1.22662 5.40582
5.59192 1.25785 5.40582
5.56736 1.24017 5.40582
5.56123 1.23399 5.40582
5.59224 1.25068 5.40582
5.57397 1.2382 5.40582
5.56104 1.23396 5.40582
5.56309 1.23592 5.40582
5.55821 1.23481 5.40582
5.53585 1.2272 5.40582
5.55434 1.23298 5.40582
5.55118 1.23153 5.40582
5.55132 1.23085 5.40582
5.55111 1.23138 5.40582
5.56546 1.23552 5.40582
5.56313 1.23536 5.40582
5.55993 1.23484 5.40582
5.5613 1.23648 5.40582
5.59128 1.2512 5.40582
5.53907 1.22815 5.40582
5.55638 1.23306 5.40582
5.54421 1.22948 5.40582
5.53884 1.2276 5.40582
5.54693 1.23179 5.40582
5.53975 1.22983 5.40582
5.53772 1.23006 5.40582
5.54307 1.23152 5.40582
5.59623 1.26204 5.40582
5.54607 1.23484 5.40582
5.53826 1.22945 5.40582
5.53231 1.22738 5.40582
5.52074 1.22432 5.40582
5.52928 1.22653 5.40582
5.54469 1.22984 5.40582
5.54746 1.22953 5.40582
5.5486 1.2307 5.40582
5.54043 1.22724 5.40582
5.54619 1.22934 5.40582
5.55472 1.23445 5.40582
5.56842 1.24098 5.40582
5.56103 1.23388 5.40582
5.55432 1.23191 5.40582
5.53916 1.22754 5.37132
5.57717 1.24302 5.37132
5.57204 1.24016 5.37132
5.61529 1.26196 5.37132
5.55062 1.23355 5.37132
5.55139 1.23298 5.37132
5.52681 1.22609 5.37132
5.55412 1.23821 5.37132
5.55815 1.23942 5.37132
5.55597 1.23501 5.37132
5.58249 1.2464 5.37132
5.57783 1.243 5.37132
5.57244 1.23927 5.37132
5.57835 1.24042 5.37132
5.63229 1.27089 5.37132
5.58901 1.24622 5.37132
5.59256 1.2473 5.37132
5.59869 1.2507 5.37132
5.60016 1.25432 5.37132
5.59704 1.25447 5.37132
5.58665 1.24998 5.37132
5.58086 1.24944 5.37132
5.5904 1.2539 5.37132
5.59414 1.25567 5.37132
5.61225 1.26242 5.37132
5.57652 1.2459 5.37132
5.60007 1.25899 5.37132
5.59221 1.25269 5.37132
5.57146 1.24342 5.37132
5.58087 1.24482 5.37132
5.57735 1.24463 5.37132
5.55661 1.23513 5.37132
5.55919 1.23598 5.37132
5.55596 1.23534 5.37132
5.55554 1.23506 5.37132
5.60017 1.25836 5.37132
5.57616 1.24745 5.37132
5.55109 1.23367 5.37132
5.54066 1.22944 5.37132
5.55722 1.23585 5.37132
5.54154 1.22944 5.37132
5.54195 1.22955 5.37132
5.54824 1.23133 5.37132
5.54943 1.23104 5.37132
5.54717 1.22973 5.37132
5.66956 1.2934 5.37132
5.58872 1.24736 5.37132
5.565 1.23697 5.37132
5.55288 1.23187 5.37132
5.54543 1.22981 5.37132
5.5502 1.2314 5.37132
5.55038 1.23133 5.37132
5.56843 1.23703 5.37132
5.57812 1.24417 5.37132
5.58679 1.24715 5.37132
5.5782 1.24572 5.37132
5.58205 1.24619 5.37132
5.55248 1.23335 5.37132
5.54571 1.231 5.37132
5.53992 1.22798 5.37132
5.53209 1.22568 5.37132
5.52689 1.22414 5.37132
5.53244 1.22732 5.37132
5.51886 1.22133 5.37132
5.53535 1.23594 5.37132
