15.8523 9.71655 13.9166
15.091 8.74417 13.2988
14.8312 8.45237 13.2988
14.7027 8.27199 13.2988
14.4858 8.03095 12.6823
14.1688 7.72445 12.5262
14.1211 7.75338 12.5262
13.985 7.6502 12.4682
13.7208 7.44436 11.5505
13.5238 7.16944 11.5505
13.165 6.8208 11.5505
12.8028 6.54765 11.008
12.571 6.33745 11.008
12.1311 5.94908 10.9389
12.0683 5.84655 10.6615
11.3905 5.12302 9.99397
11.2966 5.01913 9.99397
11.3091 5.04812 9.99397
11.1708 4.91316 9.99397
11.2437 5.00918 9.99397
11.2338 4.98201 9.99397
11.1914 4.9807 9.99397
11.1131 4.91615 9.99397
11.028 4.86819 9.99397
10.8951 4.73629 9.99397
10.8454 4.67022 9.99397
10.7544 4.6374 9.99397
10.6238 4.52659 9.75781
10.3351 4.27613 9.75781
10.2694 4.22732 9.75781
10.349 4.27574 9.49772
10.3259 4.27488 9.49772
10.3079 4.20602 9.49772
10.3305 4.21069 9.49772
10.4215 4.28242 9.49772
10.4018 4.27554 9.49096
10.3815 4.26932 9.49096
10.3747 4.25534 9.2904
10.3162 4.21141 9.2904
10.2354 4.12836 9.2904
10.1728 4.08382 9.2904
10.1251 4.03014 9.2904
10.1918 4.07429 9.2904
10.1332 4.00288 9.2904
10.1462 4.02304 9.2904
10.0964 3.94758 9.2904
10.2023 4.02295 9.2904
10.1421 3.97122 9.2904
10.1385 3.98437 9.25069
9.9801 3.86502 9.25069
9.99085 3.9077 9.20568
9.96195 3.88054 9.18558
10.0025 3.93142 9.18558
10.1072 4.01584 9.18558
10.1427 4.04094 9.18558
10.0434 3.98068 9.12225
9.91954 3.87009 9.12225
9.94654 3.89103 9.12225
10.077 4.00873 9.12225
9.98548 3.89068 9.09162
9.89175 3.80491 8.99584
9.74823 3.70541 8.99584
9.72751 3.70042 8.99584
9.67833 3.71658 8.99584
9.62935 3.68513 8.93267
9.70304 3.74074 8.48834
9.68729 3.76365 8.48834
9.63532 3.7698 8.48834
9.55367 3.75 8.48834
9.46733 3.70166 8.48834
9.44154 3.66729 8.48834
9.49776 3.696 8.48834
9.50493 3.67894 8.48834
9.45665 3.60229 8.48834
9.4435 3.57257 8.48834
9.43153 3.59009 8.48834
9.39535 3.51937 8.48834
9.40556 3.51249 8.48834
9.41968 3.50823 8.48834
9.35402 3.45032 7.58677
9.26679 3.39624 7.58677
9.16261 3.33166 7.58677
9.22047 3.35514 7.58677
9.2403 3.36791 7.58677
9.26004 3.36146 7.58677
9.31321 3.43502 7.58677
9.26211 3.40566 7.58677
9.17097 3.31848 7.58677
9.16305 3.32709 7.58677
9.00934 3.23347 7.58677
9.03089 3.2294 7.58677
8.95794 3.22552 7.58677
8.93706 3.20341 7.58677
8.81901 3.09337 7.58677
8.81476 3.12995 7.58677
8.75598 3.05752 7.58677
8.7783 3.05232 7.58677
8.83259 3.1192 7.58677
8.78009 3.12904 7.58677
8.73558 3.06825 7.58677
8.72758 3.10255 7.58677
8.73456 3.1341 7.58677
8.72995 3.11004 7.58677
8.79303 3.19304 7.58677
8.78859 3.19065 7.58677
8.77413 3.17453 7.58677
8.76243 3.15226 7.58677
8.6827 3.08443 7.58677
8.62775 3.0571 7.58677
8.57231 2.99163 7.58677
8.59677 3.02721 7.58677
8.63008 3.02848 7.58677
8.58533 2.98865 7.58677
8.53996 2.93256 7.56391
8.59575 3.00061 7.56391
8.49678 2.95182 7.56391
8.58074 3.004 7.56391
8.57031 2.96198 7.56391
8.57217 2.96283 7.56391
8.61875 3.03293 7.52978
8.63991 3.04972 7.52978
8.54561 2.96563 7.52978
8.47257 2.88848 7.52978
8.19869 2.75313 7.52978
8.03123 2.65634 7.52978
8.06491 2.66813 7.45186
8.05138 2.68367 7.43951
8.02265 2.67685 7.43951
8.06062 2.76428 7.43951
8.07596 2.7301 7.43951
8.02274 2.70297 7.43951
8.10556 2.76978 7.43951
8.01244 2.69097 6.97997
8.05961 2.72935 6.97997
8.05636 2.73406 6.97997
8.03647 2.71633 6.97997
8.06487 2.74367 6.97997
8.06014 2.74224 6.97997
8.0272 2.70578 6.97997
8.01951 2.68972 6.97997
8.03005 2.68534 6.97997
7.9747 2.64271 6.97997
7.83612 2.54569 6.97997
7.81839 2.53686 6.97997
7.71144 2.45938 6.97997
7.66674 2.42142 6.86366
7.58742 2.37141 6.86366
7.58089 2.37407 6.86366
7.63827 2.41873 6.86366
7.59746 2.40509 6.86366
7.60762 2.40433 6.86366
7.62583 2.41515 6.86366
7.67935 2.44863 6.86366
7.6614 2.4343 6.86366
7.64105 2.40755 6.86366
7.66202 2.41711 6.86366
7.67839 2.41242 6.86366
7.70182 2.42262 6.86366
7.71313 2.44643 6.86366
7.72176 2.45691 6.86366
7.73653 2.44413 6.86366
7.72754 2.43526 6.86366
7.78942 2.48196 6.86366
7.81529 2.50373 6.86366
7.76951 2.47663 6.86366
7.82459 2.51807 6.86366
7.77845 2.48192 6.77876
7.67994 2.41686 6.77876
7.64381 2.40386 6.77876
7.64362 2.42024 6.70791
7.63933 2.40943 6.70791
7.48649 2.30881 6.70791
7.48468 2.30525 6.70791
7.46584 2.29293 6.70791
7.29814 2.15723 6.70791
7.29603 2.13979 6.70791
7.36825 2.20305 6.70791
7.37103 2.21261 6.70791
7.27448 2.1594 6.70791
7.08816 2.03061 6.70791
7.03112 1.98373 6.70791
6.99246 1.93794 6.70791
6.92315 1.87687 6.70791
6.94979 1.903 6.70791
6.93025 1.88049 6.70791
6.97319 1.90119 6.70791
6.99326 1.9139 6.70791
7.02945 1.94834 6.70791
6.98557 1.89959 6.70791
6.93237 1.8698 6.47909
6.86139 1.83343 6.47909
6.84708 1.82628 6.47909
6.91324 1.87348 6.47909
6.90397 1.87726 6.47909
6.90131 1.87364 6.45667
6.93879 1.89575 6.45667
6.96079 1.90058 6.45667
6.96501 1.89456 6.45667
7.00308 1.91394 6.45667
6.85694 1.81708 6.42921
6.82799 1.80741 6.42921
6.83665 1.82494 6.42921
6.84928 1.83051 6.42921
6.86114 1.83671 6.42921
6.90794 1.87479 6.42921
6.87157 1.8397 6.42921
6.94015 1.87902 6.42921
6.92303 1.87159 6.42921
6.91313 1.87305 6.42921
6.92891 1.87492 6.42921
6.88599 1.84599 6.42921
6.85934 1.83748 6.42921
6.86128 1.83854 6.42921
6.86197 1.84112 6.42921
6.90938 1.86126 6.42921
7.00869 1.93414 6.42921
6.96254 1.88912 6.42921
6.96363 1.90135 6.42921
6.94546 1.89707 6.42921
7.05012 1.9655 6.42921
6.90691 1.86047 6.42921
6.88074 1.83115 6.42921
6.85366 1.82091 6.42921
6.79648 1.7815 6.42921
6.77152 1.75894 6.42921
6.77288 1.76711 6.42921
6.81034 1.79354 6.42921
6.83059 1.80811 6.42921
6.77954 1.77633 6.42921
6.79427 1.79216 6.42921
6.79143 1.78617 6.30305
6.79224 1.79895 6.30305
6.8206 1.79619 6.30305
6.77779 1.77212 6.30305
6.77327 1.76634 6.30305
6.76361 1.76027 6.30305
6.81819 1.79217 6.30305
6.76651 1.75538 6.30305
6.72466 1.7271 6.29288
6.70457 1.71016 6.29288
6.68309 1.68783 6.29288
6.76605 1.73917 6.29288
6.80814 1.77884 6.29288
6.78579 1.7605 6.29288
6.8765 1.82233 6.29288
6.87897 1.81165 6.29288
6.83675 1.77688 6.29288
6.80931 1.75339 6.29288
6.85394 1.77912 6.29288
6.8582 1.77759 6.271
6.80774 1.73954 6.271
6.81388 1.73492 6.271
6.72748 1.69266 6.271
6.72966 1.69852 6.271
6.70929 1.68797 6.271
6.7054 1.68876 6.271
6.7497 1.71306 6.271
6.66204 1.65582 6.271
6.67783 1.66255 6.271
6.72109 1.69367 6.271
6.64385 1.6388 6.271
6.64195 1.63405 6.271
6.65033 1.63152 6.271
6.66051 1.63909 6.271
6.62592 1.62134 6.271
6.66702 1.64711 6.271
6.65031 1.63746 6.271
6.61882 1.61862 6.271
6.64038 1.63078 6.271
6.63045 1.62404 6.271
6.61904 1.61383 6.271
6.61723 1.61403 6.271
6.62554 1.62167 6.271
6.64102 1.63259 6.271
6.63315 1.62584 6.271
6.62753 1.62116 6.271
6.62637 1.62228 6.271
6.62902 1.62206 6.271
6.63482 1.62569 6.271
6.68061 1.6528 6.271
6.64491 1.628 6.271
6.63423 1.61877 6.271
6.68135 1.64664 6.271
6.66787 1.63767 6.271
6.65483 1.62497 6.271
6.64879 1.62076 6.271
6.63868 1.61427 6.271
6.6126 1.60157 6.271
6.67461 1.63886 6.271
6.68281 1.64539 6.271
6.64687 1.62097 6.271
6.65219 1.61978 6.271
6.63872 1.61295 6.271
6.66326 1.62434 6.271
6.75707 1.68575 6.271
6.74884 1.68435 6.271
6.80049 1.73681 6.271
6.64799 1.62051 6.271
6.64337 1.61775 6.271
6.62404 1.60746 6.271
6.62633 1.60925 6.271
6.61324 1.60141 6.271
6.61508 1.60277 6.271
6.61463 1.60186 6.271
6.62006 1.60685 6.271
6.62689 1.61537 6.271
6.62659 1.61818 6.271
6.64061 1.62918 6.271
6.62598 1.61628 6.271
6.60842 1.60511 6.22309
6.60515 1.60344 6.22309
6.62215 1.61528 6.22309
6.63176 1.61785 6.22309
6.6252 1.61027 6.22309
6.65133 1.62735 6.22309
6.6381 1.61747 6.22309
6.62372 1.60419 6.22309
6.63091 1.61236 6.22309
6.63063 1.61514 6.22309
6.6165 1.60456 6.22309
6.62432 1.61231 6.22309
6.62728 1.61805 6.22309
6.70664 1.6713 6.22309
6.81893 1.75466 6.22309
6.71243 1.6777 6.22309
6.65397 1.63667 6.22309
6.65412 1.63727 6.22309
6.6729 1.64531 6.22309
6.68352 1.64768 6.22309
6.69576 1.65318 6.22309
6.65393 1.6248 6.22309
6.62798 1.61265 6.22309
6.64329 1.62488 6.22309
6.66018 1.63214 6.22309
6.6396 1.62459 6.22309
6.7022 1.67196 6.22309
6.68249 1.66086 6.22309
6.59251 1.61777 6.22309
6.64076 1.64297 6.22309
6.68415 1.68012 6.22309
6.69497 1.68871 6.22309
6.65615 1.66657 6.22309
6.64063 1.66949 6.22309
6.67773 1.69616 6.22309
6.60999 1.63115 6.22309
6.58685 1.61621 6.22309
6.58734 1.61726 6.22309
6.56046 1.60134 6.22309
6.5295 1.58737 6.22309
6.54359 1.59348 6.22309
6.49228 1.57361 6.22309
6.48487 1.56882 6.22309
6.45637 1.56204 6.22309
6.46549 1.5663 6.22309
6.49176 1.57937 6.22309
6.49411 1.58285 6.22309
6.49689 1.58787 6.22309
6.5113 1.59094 6.22309
6.48701 1.57518 6.22309
6.51345 1.59658 6.22309
6.5103 1.59761 6.22309
6.49501 1.59418 6.22309
6.48622 1.58988 6.22309
6.5247 1.61154 6.22309
6.55735 1.63288 6.22309
6.496 1.60062 6.22309
6.46947 1.58238 6.22309
6.4436 1.56534 6.22309
6.4636 1.57358 6.19267
6.44808 1.5632 6.19267
6.43786 1.55615 6.19267
6.42816 1.55242 6.19267
6.43784 1.56081 6.19267
6.4244 1.55548 6.19267
6.43564 1.55879 6.19267
6.41955 1.55606 6.19267
6.40146 1.55298 6.19267
6.38892 1.54847 6.15649
6.39997 1.55067 6.15649
6.38521 1.55034 6.15649
6.39482 1.56058 6.15649
6.41535 1.56796 6.15649
6.42357 1.57047 6.15649
6.44297 1.59549 6.15649
6.43472 1.58436 6.15649
6.4334 1.57416 6.15649
6.46302 1.58299 6.15649
6.46397 1.57341 6.15649
6.50999 1.59648 6.15649
6.53074 1.61606 6.15649
6.51618 1.60111 6.15649
6.49226 1.59143 6.15649
6.52723 1.60653 6.15649
6.51092 1.59072 6.15649
6.50622 1.59038 6.15649
6.4883 1.58365 6.15649
6.46893 1.56988 6.15649
6.44607 1.56277 6.15649
6.44482 1.56534 6.15649
6.4505 1.56946 6.15649
6.44835 1.57089 6.15649
6.5015 1.60948 6.15649
6.51634 1.62084 6.15649
6.49068 1.60318 6.15649
6.46311 1.58734 6.15649
6.45858 1.59008 6.15649
6.4712 1.59895 6.15649
6.49518 1.61212 6.15649
6.49563 1.60988 6.15649
6.53958 1.63944 6.15649
6.5015 1.60572 6.15649
6.47833 1.58177 6.15649
6.4645 1.5824 6.15649
6.44949 1.57889 6.15649
6.47373 1.57942 6.15649
6.52953 1.61839 6.15649
6.51641 1.60898 6.15649
6.53413 1.62756 6.15649
6.58341 1.66104 6.15649
6.55668 1.63801 6.15649
6.50835 1.59647 6.15649
6.48778 1.5817 6.15649
6.49197 1.58205 6.15649
6.46447 1.56529 6.15649
6.45829 1.5631 6.15649
6.45923 1.56194 6.15649
6.48282 1.57593 6.15649
6.43843 1.55995 6.15649
6.44898 1.56175 6.15649
6.44583 1.55485 6.15649
6.44766 1.5607 6.15649
6.45163 1.55732 6.15649
6.44726 1.55635 6.15649
6.44524 1.5553 6.15649
6.44524 1.55255 6.15649
6.45606 1.55225 6.15649
6.46692 1.55033 6.15649
6.48267 1.5515 6.15649
6.47513 1.54464 6.15649
6.46908 1.5447 6.15649
6.53941 1.59764 6.15649
6.5059 1.57002 6.15649
6.45079 1.52949 6.15649
6.46374 1.53754 6.15649
6.47693 1.54473 6.15649
6.46548 1.53499 6.15649
6.4898 1.55372 6.15649
6.48943 1.55553 6.15649
6.50447 1.56764 6.15649
6.5068 1.56396 6.15649
6.48444 1.55521 6.15649
6.47409 1.55381 6.15649
6.45576 1.54037 6.15649
6.48243 1.56171 6.15649
6.46958 1.55406 6.15649
6.47274 1.56289 6.15649
6.43598 1.54911 6.15649
6.43436 1.54773 6.15649
6.44646 1.55213 6.15649
6.4537 1.55667 6.15649
6.45982 1.55908 6.15649
6.47315 1.56744 6.15649
6.5023 1.584 6.15649
6.49028 1.57411 6.15649
6.45578 1.55709 6.15649
6.4605 1.56029 6.15649
6.47189 1.56613 6.15649
6.44864 1.55677 6.15649
6.45465 1.56132 6.15649
6.5226 1.61211 6.15649
6.45765 1.56665 6.15649
6.43912 1.55332 6.15649
6.42207 1.54274 6.15649
6.44321 1.55737 6.15649
6.41304 1.54113 6.15649
6.41048 1.54004 6.15649
6.406 1.53784 6.15649
6.40265 1.53407 6.15649
6.39962 1.53494 6.15649
6.39899 1.53574 6.15649
6.396 1.53506 6.15649
6.4066 1.53821 6.15649
6.40541 1.54024 6.15649
6.3987 1.54188 6.15649
6.41282 1.55836 6.15649
6.41159 1.56734 6.14815
6.41504 1.57751 6.14815
6.41906 1.5713 6.14815
6.42136 1.5711 6.14815
6.41076 1.5694 6.14815
6.43902 1.59919 6.14815
6.44514 1.60386 6.14815
6.45348 1.61016 6.11725
6.45302 1.60331 6.11725
6.43797 1.59794 6.11725
6.47422 1.6246 6.11725
6.42714 1.6009 6.11725
6.35107 1.54705 6.11725
6.31236 1.52636 6.11725
6.29297 1.51799 5.91668
6.29048 1.51562 5.91668
6.30869 1.52802 5.91668
6.3273 1.54411 5.91668
6.28135 1.51117 5.91668
6.24412 1.49098 5.91668
6.25007 1.49152 5.91668
6.27192 1.50055 5.91668
6.25105 1.49201 5.91668
6.25665 1.49842 5.91668
6.25734 1.49616 5.91668
6.27346 1.50434 5.91668
6.27329 1.50718 5.91668
6.28481 1.5135 5.91668
6.29052 1.52179 5.91668
6.3318 1.54929 5.91668
6.30754 1.5318 5.91668
6.32649 1.53852 5.91668
6.31816 1.53407 5.91668
6.31847 1.53365 5.91668
6.30651 1.5239 5.91668
6.39233 1.58001 5.91668
6.30645 1.52956 5.91668
6.43656 1.61896 5.91668
6.38601 1.5817 5.91668
6.43421 1.61462 5.91668
6.38459 1.58342 5.91668
6.39732 1.59381 5.91668
6.36964 1.57526 5.91668
6.36761 1.59011 5.91668
6.37718 1.5863 5.91668
6.4323 1.6207 5.91668
6.38971 1.59381 5.91668
6.40893 1.60586 5.91668
6.37684 1.58082 5.91668
6.31121 1.54426 5.91668
6.32726 1.55358 5.91668
6.31705 1.54994 5.91668
6.3303 1.55682 5.91668
6.36974 1.58427 5.91668
6.4178 1.62099 5.91668
6.32561 1.55515 5.91668
6.3024 1.54092 5.91668
6.34264 1.56128 5.91668
6.38044 1.58306 5.91668
6.36833 1.57767 5.91668
6.35921 1.57604 5.91668
6.36589 1.58339 5.91668
6.33576 1.56044 5.91668
6.30455 1.54512 5.91668
6.31802 1.55301 5.91668
6.30424 1.54592 5.91668
6.29931 1.54377 5.91668
6.29615 1.54273 5.91668
6.32689 1.55517 5.91668
6.32844 1.5591 5.91668
6.27209 1.52825 5.91668
6.30983 1.54501 5.91668
6.28544 1.53244 5.91668
6.32355 1.5523 5.91668
6.32664 1.55552 5.91668
6.33044 1.55612 5.91668
6.34036 1.55915 5.91668
6.3645 1.56854 5.91668
6.35426 1.5681 5.91668
6.3535 1.56928 5.91668
6.41326 1.60732 5.91668
6.40505 1.6016 5.91668
6.38661 1.58335 5.91668
6.36834 1.57382 5.91668
6.35382 1.5671 5.91668
6.32919 1.55721 5.91668
6.3177 1.54875 5.91668
6.29794 1.53942 5.91668
6.30602 1.54381 5.91668
6.31604 1.54988 5.91668
6.30111 1.54084 5.91668
6.27096 1.52576 5.91668
6.31549 1.5496 5.91668
6.31553 1.54485 5.91668
6.27446 1.52425 5.91668
6.26685 1.51941 5.91668
6.24538 1.51075 5.91668
6.24661 1.51086 5.91668
6.24149 1.50675 5.91668
6.28645 1.53176 5.91668
6.22548 1.49988 5.91668
6.23181 1.50176 5.91668
6.22885 1.50331 5.91668
6.22964 1.50284 5.91668
6.2269 1.50084 5.91668
6.23048 1.50007 5.91668
6.25313 1.5131 5.91668
6.32086 1.56118 5.91668
6.33472 1.57195 5.91668
6.3034 1.54566 5.91668
6.29439 1.54128 5.91668
6.29689 1.54044 5.91668
6.31963 1.55172 5.91668
6.34192 1.56486 5.91668
6.43402 1.62679 5.91668
6.30986 1.54251 5.91668
6.30147 1.53839 5.91668
6.28183 1.52794 5.91668
6.30058 1.53745 5.91668
6.33287 1.56134 5.91668
6.35212 1.57711 5.91668
6.31663 1.55298 5.91668
6.28451 1.53635 5.91668
6.29642 1.53918 5.91668
6.31493 1.55054 5.91668
6.31263 1.54992 5.91668
6.32564 1.55493 5.91668
6.36043 1.5748 5.91668
6.35395 1.56818 5.91668
6.41791 1.60698 5.91668
6.40903 1.59941 5.91668
6.40679 1.60251 5.91668
6.43417 1.62164 5.91668
6.42583 1.61529 5.91668
6.43645 1.62028 5.91668
6.43767 1.62501 5.91668
6.43701 1.63062 5.91668
6.45815 1.641 5.91668
6.46734 1.63714 5.91668
6.43408 1.61582 5.91668
6.41411 1.60204 5.91668
6.40914 1.60156 5.91668
6.44054 1.6269 5.91668
6.42538 1.61497 5.91668
6.45212 1.63657 5.91668
6.47329 1.65726 5.91668
6.41687 1.60972 5.91668
6.32008 1.55094 5.91668
6.3413 1.56361 5.91668
6.33375 1.55751 5.91668
6.34431 1.56483 5.91668
6.30723 1.54061 5.91668
6.36342 1.58164 5.91668
6.40689 1.59231 5.91668
6.41953 1.6004 5.91668
6.37424 1.56961 5.91668
6.41126 1.59102 5.91668
6.43041 1.59121 5.91668
6.34099 1.55056 5.91668
6.35114 1.55993 5.91668
6.32468 1.54417 5.91668
6.33365 1.55066 5.91668
6.35038 1.55774 5.91668
6.3353 1.54634 5.91668
6.36473 1.56496 5.91668
6.33214 1.5407 5.91668
6.33905 1.54535 5.91668
6.29283 1.51673 5.91668
6.33399 1.54483 5.91668
6.27329 1.51024 5.91668
6.28565 1.5128 5.91668
6.32912 1.54025 5.91668
6.31284 1.53232 5.91668
6.25317 1.49791 5.91668
6.25494 1.49875 5.91668
6.26253 1.50167 5.91668
6.27449 1.51413 5.91668
6.28719 1.52012 5.91668
6.27541 1.50943 5.91668
6.2562 1.49775 5.91668
6.27917 1.51087 5.91668
6.28561 1.5184 5.91668
6.26207 1.49934 5.91668
6.25993 1.50128 5.91668
6.26961 1.50597 5.91668
6.2577 1.4941 5.91668
6.29461 1.52255 5.91668
6.30853 1.53246 5.91668
6.29935 1.52481 5.91668
6.2734 1.50989 5.91668
6.26928 1.50559 5.91668
6.32205 1.54243 5.91668
6.3269 1.55392 5.91668
6.3466 1.5702 5.91668
6.36832 1.59945 5.91668
6.42518 1.64044 5.91668
6.31871 1.55758 5.91668
6.40372 1.60916 5.91668
6.30721 1.53123 5.91668
6.36471 1.57064 5.91668
6.31731 1.53848 5.91668
6.23006 1.48334 5.91668
6.26354 1.51241 5.91668
6.24757 1.50164 5.91668
6.21019 1.48327 5.91668
6.21888 1.48511 5.91668
6.2495 1.50196 5.91668
6.24366 1.49721 5.91668
6.27942 1.51958 5.91668
6.25839 1.51056 5.91668
6.2219 1.48467 5.91668
6.20715 1.47619 5.91668
6.21161 1.48475 5.91668
6.25337 1.50819 5.91668
6.25228 1.49865 5.91668
6.25753 1.49678 5.91668
6.2532 1.49564 5.91668
6.2833 1.51656 5.91668
6.242 1.49535 5.91668
6.23825 1.49247 5.91668
6.20177 1.47341 5.91668
6.23747 1.49407 5.91668
6.26375 1.50963 5.91668
6.20051 1.47599 5.91668
6.21168 1.47771 5.91668
6.23073 1.49386 5.91668
6.22859 1.49415 5.91668
6.22796 1.49344 5.91668
6.30886 1.54448 5.91668
6.35207 1.57706 5.91668
6.26022 1.52098 5.91668
6.20755 1.48989 5.91668
6.27802 1.53821 5.91668
6.28067 1.53332 5.91668
6.31819 1.57018 5.91668
6.2617 1.52912 5.91668
6.25487 1.52585 5.91668
6.27118 1.53601 5.91668
6.31555 1.5647 5.91668
6.26575 1.54072 5.91668
6.21391 1.50495 5.91668
6.25565 1.52575 5.91668
6.20479 1.49722 5.91668
6.21768 1.50658 5.91668
6.23809 1.51553 5.91668
6.1868 1.48542 5.91668
6.1952 1.4903 5.91668
6.19773 1.49393 5.91668
6.21047 1.5011 5.91668
6.19923 1.49623 5.91668
6.1957 1.4945 5.91668
6.19853 1.49675 5.91668
6.21269 1.50832 5.91668
6.2063 1.50045 5.91668
6.22073 1.50981 5.91668
6.21577 1.50939 5.91668
6.21076 1.50813 5.91668
6.20036 1.50096 5.91668
6.1978 1.5008 5.91668
6.18295 1.49431 5.91668
6.20525 1.5068 5.91668
6.18361 1.49372 5.91668
6.18609 1.49399 5.91668
6.18676 1.49453 5.91668
6.17492 1.49378 5.91668
6.18258 1.50101 5.91668
6.19786 1.51354 5.91668
6.19487 1.51018 5.91668
6.18984 1.51003 5.91668
6.22394 1.53273 5.91668
6.18339 1.50325 5.91668
6.19931 1.51135 5.91668
6.24626 1.54132 5.91668
6.34005 1.60063 5.91668
6.22036 1.5145 5.91668
6.21855 1.51186 5.91668
6.18789 1.49506 5.91668
6.18842 1.49525 5.91668
6.19321 1.49761 5.91668
6.21403 1.50892 5.91668
6.21091 1.50754 5.91668
6.23019 1.52127 5.91668
6.22155 1.52277 5.91668
6.21362 1.51759 5.91668
6.19804 1.50861 5.91668
6.20389 1.50851 5.91668
6.22351 1.5177 5.91668
6.22201 1.51438 5.91668
6.21624 1.51143 5.91668
6.21357 1.50925 5.91668
6.2079 1.50657 5.91668
6.22178 1.51535 5.91668
6.2066 1.50621 5.91668
6.20937 1.51048 5.91668
6.20839 1.50885 5.87492
6.21175 1.51147 5.87492
6.21991 1.51431 5.87492
6.21184 1.50928 5.87492
6.22507 1.51682 5.87492
6.21176 1.50883 5.87492
6.18857 1.49529 5.87492
6.19563 1.49819 5.87492
6.20144 1.50437 5.87492
6.20888 1.50902 5.87492
6.25872 1.54563 5.87492
6.22224 1.51742 5.87492
6.2408 1.52921 5.87492
6.26342 1.54327 5.87492
6.21483 1.50998 5.87492
6.19808 1.49776 5.87492
6.20409 1.50121 5.87492
6.20993 1.50278 5.87492
6.20043 1.49782 5.87492
6.2008 1.49614 5.87492
6.21714 1.50248 5.87492
6.22243 1.50514 5.87492
6.20852 1.49908 5.87492
6.2076 1.49887 5.87492
6.1942 1.49503 5.87492
6.20998 1.50045 5.87492
6.26347 1.52712 5.87492
6.26559 1.52841 5.87492
6.26732 1.53086 5.87492
6.28892 1.54399 5.87492
6.35941 1.58603 5.87492
6.3136 1.55147 5.87492
6.29219 1.53279 5.87492
6.35233 1.56081 5.87492
6.32963 1.55365 5.87492
6.35051 1.56917 5.87492
6.4271 1.62501 5.87492
6.37708 1.58802 5.87492
6.41909 1.61437 5.87492
6.36892 1.58959 5.87492
6.27689 1.53024 5.87492
6.25876 1.52258 5.87492
6.29578 1.53868 5.87492
6.27484 1.53001 5.87492
6.31194 1.54887 5.87492
6.34716 1.57177 5.87492
6.29385 1.53771 5.87492
6.29615 1.53829 5.87492
6.35284 1.57511 5.87492
6.33265 1.56231 5.87492
6.29764 1.54638 5.87492
6.28238 1.5378 5.87492
6.33896 1.57872 5.87492
6.318 1.56485 5.87492
6.27476 1.52961 5.87492
6.3351 1.56563 5.87492
6.33849 1.56432 5.87492
6.28533 1.53734 5.87492
6.25387 1.5255 5.87492
6.2459 1.52718 5.87492
6.28715 1.55095 5.87492
6.24541 1.53942 5.87492
6.2679 1.55199 5.87492
6.28124 1.55754 5.87492
6.24247 1.54227 5.87492
6.23207 1.5438 5.87492
6.23018 1.55095 5.87492
6.23401 1.54466 5.87492
6.25849 1.56038 5.87492
6.23401 1.54175 5.87492
6.28096 1.55991 5.87492
6.2766 1.54894 5.87492
6.24703 1.54018 5.87492
6.2619 1.5499 5.87492
6.29041 1.56701 5.87492
6.31048 1.58245 5.87492
6.32016 1.5908 5.87492
6.27579 1.54629 5.87492
6.25156 1.53649 5.87492
6.27193 1.55974 5.87492
6.29063 1.55092 5.87492
6.41465 1.63125 5.87492
6.28886 1.56019 5.87492
6.2574 1.53707 5.87492
6.24679 1.53853 5.87492
6.24248 1.53447 5.87492
6.26511 1.55034 5.87492
6.26729 1.55498 5.87492
6.25244 1.54496 5.87492
6.20642 1.52017 5.87492
6.23984 1.53872 5.86249
6.23799 1.53854 5.86249
6.2058 1.52573 5.86249
6.2007 1.5237 5.86249
6.20118 1.52792 5.86249
6.22805 1.54802 5.86249
6.22673 1.54854 5.86249
6.21524 1.53607 5.86249
6.20562 1.52739 5.86249
6.21085 1.52737 5.86249
6.20558 1.52018 5.86249
6.22138 1.52681 5.86249
6.23707 1.54395 5.86249
6.22447 1.53142 5.86249
6.22737 1.52963 5.86249
6.20078 1.51858 5.86249
6.18251 1.50949 5.86249
6.24261 1.55007 5.86249
6.17019 1.50017 5.86249
6.179 1.51091 5.86249
6.23959 1.54966 5.86249
6.20113 1.53794 5.86249
6.14894 1.50385 5.86249
6.15266 1.49998 5.86249
6.11915 1.48133 5.86249
6.08152 1.46355 5.86249
6.05985 1.45551 5.86249
6.05345 1.45161 5.86249
6.07233 1.45688 5.80522
6.07127 1.45841 5.80522
6.07549 1.46181 5.80522
6.07112 1.45841 5.80522
6.05229 1.45214 5.80522
6.06592 1.45662 5.80522
6.05164 1.45051 5.80522
6.08423 1.46305 5.80522
6.0669 1.456 5.80522
6.10251 1.47796 5.80522
6.08968 1.47306 5.80522
6.10833 1.47831 5.80522
6.14845 1.49597 5.80522
6.16876 1.50845 5.80522
6.15979 1.51051 5.80522
6.10664 1.46863 5.80522
6.07016 1.45601 5.80522
6.07382 1.45765 5.80522
6.11053 1.47105 5.80522
6.08369 1.45841 5.80522
6.08747 1.46016 5.80522
6.07546 1.45829 5.80522
6.21781 1.55943 5.80522
6.12197 1.48803 5.80522
6.08345 1.46027 5.80522
6.09976 1.46594 5.80522
6.09279 1.46152 5.80522
6.09423 1.46242 5.80522
6.08441 1.46632 5.80522
6.1331 1.49244 5.80522
6.09832 1.47273 5.80522
6.11364 1.48589 5.80522
6.08568 1.46546 5.80522
6.0574 1.45192 5.80522
6.07938 1.46696 5.80522
6.1109 1.47752 5.80522
6.1335 1.4936 5.80522
6.12799 1.48903 5.80522
6.19655 1.52306 5.80522
6.19404 1.5272 5.80522
6.20456 1.5305 5.80522
6.20387 1.51914 5.80522
6.19808 1.51189 5.80522
6.19966 1.51186 5.80522
6.1888 1.50665 5.80522
6.1912 1.50471 5.80522
6.19934 1.51678 5.80522
6.16559 1.49028 5.80522
6.18358 1.50316 5.80522
6.20668 1.51987 5.80522
6.20874 1.51451 5.80522
6.17074 1.49182 5.66469
6.20705 1.5163 5.66469
6.20453 1.51149 5.66469
6.1434 1.48216 5.66469
6.16917 1.49606 5.66469
6.20265 1.5231 5.66469
6.16001 1.49497 5.66469
6.20012 1.52177 5.66469
6.2559 1.55435 5.66469
6.24525 1.54412 5.66469
6.30185 1.58318 5.66469
6.344 1.62076 5.66469
6.3157 1.59797 5.66469
6.28838 1.58614 5.66469
6.21576 1.53375 5.66469
6.31024 1.61077 5.66469
6.38335 1.65343 5.66469
6.33995 1.6329 5.66469
6.19574 1.53546 5.66469
6.2143 1.55221 5.66469
6.20219 1.53826 5.66469
6.09806 1.47284 5.66469
6.08824 1.47023 5.66469
6.0849 1.46768 5.66469
6.06122 1.45457 5.66469
6.0341 1.43831 5.66469
6.0113 1.42474 5.66469
6.00645 1.41787 5.66469
6.042 1.43733 5.66469
6.04729 1.4371 5.66469
6.00796 1.41756 5.66469
6.00145 1.41439 5.66469
5.97866 1.39949 5.66469
5.96826 1.39453 5.66469
5.94892 1.3812 5.66469
5.94116 1.37594 5.66469
5.93068 1.37246 5.66469
5.93428 1.37424 5.66469
5.97301 1.39294 5.66469
5.94999 1.38138 5.66469
5.93583 1.37532 5.66469
5.91737 1.36513 5.66469
5.90196 1.35907 5.66469
5.92756 1.37241 5.66469
5.91663 1.36681 5.66469
5.88888 1.35481 5.66469
5.88341 1.35475 5.66469
5.88451 1.35674 5.66469
5.9349 1.38767 5.66469
5.95679 1.3998 5.66469
5.96853 1.40322 5.66469
5.96986 1.40579 5.66469
5.96676 1.4011 5.66469
5.96353 1.3991 5.61241
5.91699 1.37462 5.61241
5.91778 1.37342 5.61241
5.89253 1.36005 5.61241
5.87414 1.35096 5.61241
5.88751 1.35725 5.61241
5.87129 1.34964 5.61241
5.86461 1.34663 5.61241
5.88295 1.35552 5.61241
5.88863 1.35842 5.54675
5.83427 1.33659 5.54675
5.86213 1.34983 5.54675
5.84069 1.33942 5.54675
5.81377 1.32776 5.54675
5.8009 1.32102 5.54675
5.82262 1.33022 5.54675
5.79489 1.31782 5.54675
5.81037 1.32372 5.54675
5.80996 1.32239 5.54675
5.77928 1.31049 5.54675
5.78037 1.31222 5.54675
5.78201 1.31223 5.54675
5.79407 1.31824 5.54675
5.78511 1.31492 5.54675
5.78132 1.31154 5.54675
5.79735 1.31901 5.54675
5.74745 1.30007 5.54675
5.7564 1.3028 5.54675
5.78904 1.31605 5.54675
5.77317 1.3088 5.54675
5.78281 1.31052 5.54675
5.83959 1.33874 5.54675
5.81723 1.32689 5.54675
5.82891 1.33229 5.54675
5.80772 1.32 5.54675
5.81893 1.32478 5.54675
5.82929 1.33086 5.54675
5.83436 1.33396 5.54675
5.81679 1.32883 5.54675
5.82154 1.32884 5.54675
5.82906 1.33184 5.54675
5.82173 1.3306 5.54675
5.82666 1.33028 5.54675
5.86685 1.34662 5.54675
5.84784 1.33973 5.54675
5.85136 1.34205 5.54675
5.8549 1.34255 5.54675
5.87292 1.35077 5.54675
5.86649 1.35041 5.54675
5.87654 1.34935 5.54675
5.87628 1.3498 5.54675
5.87799 1.35003 5.54675
5.87871 1.34521 5.54675
5.87005 1.34364 5.54675
5.86453 1.34101 5.54675
5.87215 1.3444 5.54675
5.88224 1.34897 5.54675
5.88127 1.34719 5.54675
5.88618 1.35 5.54675
5.89265 1.3525 5.54675
5.89102 1.34874 5.54675
5.88828 1.35491 5.54675
5.88221 1.34699 5.54675
5.86767 1.34296 5.54675
5.87291 1.35131 5.54675
5.92687 1.38108 5.54675
5.8745 1.35193 5.54675
5.88275 1.35293 5.54675
5.88848 1.35702 5.54675
5.89059 1.35607 5.54675
5.86217 1.33994 5.54675
5.89912 1.36126 5.54675
5.89547 1.35602 5.54675
5.88805 1.35774 5.54675
5.87019 1.35057 5.54675
5.88385 1.35187 5.54675
5.89009 1.35624 5.54675
5.88228 1.3516 5.54675
5.89893 1.36123 5.54675
5.88837 1.35948 5.54675
5.87706 1.35091 5.54675
5.85493 1.34144 5.54675
5.86373 1.34511 5.54675
5.94402 1.38469 5.54675
5.90467 1.36134 5.54675
5.90187 1.35954 5.54675
5.91819 1.36801 5.54675
5.93854 1.38282 5.54675
5.91777 1.36664 5.54675
5.89551 1.35532 5.54675
5.88375 1.34991 5.54675
5.8213 1.31327 5.54675
5.85616 1.3301 5.54675
5.83243 1.31574 5.54675
5.8615 1.32989 5.54675
5.85381 1.32451 5.54675
5.82082 1.30662 5.54675
5.79114 1.29108 5.54675
5.79027 1.2914 5.54675
5.7947 1.29533 5.54675
5.79493 1.29462 5.54675
5.80532 1.3 5.54675
5.79687 1.29855 5.54675
5.78747 1.29737 5.54675
5.81899 1.31446 5.54675
5.81475 1.31229 5.54675
5.78963 1.30101 5.54675
5.79455 1.30718 5.54675
5.81897 1.31469 5.54675
5.80852 1.30951 5.54675
5.82709 1.31735 5.54675
5.80941 1.31025 5.54675
5.77755 1.29499 5.54675
5.75473 1.28312 5.54675
5.74473 1.27755 5.54675
5.76455 1.28893 5.54675
5.80814 1.3095 5.54675
5.79446 1.30636 5.54675
5.76866 1.29317 5.54675
5.76809 1.29308 5.54675
5.76964 1.29206 5.54675
5.75288 1.28174 5.54675
5.75336 1.28371 5.54675
5.72611 1.27313 5.54675
5.69303 1.25922 5.42893
5.68263 1.25489 5.42893
5.70751 1.26738 5.42893
5.69359 1.2618 5.42893
5.71093 1.27111 5.42893
5.73349 1.28432 5.42893
5.7867 1.30645 5.42893
5.74395 1.28598 5.42893
5.73402 1.27385 5.42893
5.72045 1.26777 5.42893
5.71063 1.26426 5.42893
5.6995 1.25952 5.42893
5.70712 1.26175 5.42893
5.71069 1.25998 5.42893
5.72188 1.27536 5.42893
5.72938 1.28191 5.42893
5.70602 1.26814 5.42893
5.7028 1.26318 5.42893
5.68307 1.25078 5.42893
5.67591 1.24982 5.42893
5.68193 1.25297 5.42893
5.6971 1.2575 5.42893
5.70067 1.25971 5.42893
5.73779 1.28141 5.42893
5.76069 1.29641 5.42893
5.74047 1.29325 5.42893
5.7235 1.28195 5.42893
5.75182 1.29487 5.42893
5.71496 1.2701 5.42893
5.72196 1.26872 5.42893
5.71283 1.26435 5.42893
5.70626 1.26165 5.42893
5.7093 1.26419 5.42893
5.75379 1.28631 5.42893
5.82249 1.3228 5.42893
5.71761 1.27537 5.42893
5.7009 1.26917 5.42893
5.70081 1.27056 5.42893
5.71031 1.27374 5.42893
5.70911 1.27088 5.42893
5.71678 1.278 5.42893
5.7397 1.28978 5.42893
5.72405 1.27981 5.42893
5.71311 1.2733 5.42893
5.72705 1.27809 5.42893
5.73532 1.27962 5.42893
5.73313 1.27906 5.42893
5.71695 1.27311 5.42893
5.71198 1.26941 5.42893
5.72368 1.27012 5.42893
5.74447 1.27829 5.42893
5.73989 1.2754 5.42893
5.76326 1.28993 5.42893
5.74407 1.27822 5.42893
5.74045 1.28066 5.42893
5.74199 1.28015 5.42893
5.74829 1.28201 5.42893
5.75444 1.28575 5.42893
5.73477 1.27607 5.42893
5.7215 1.27139 5.42893
5.70677 1.26861 5.42893
5.70944 1.27009 5.42893
5.69666 1.26949 5.42893
5.68501 1.26305 5.42893
5.67976 1.2601 5.42893
5.66364 1.25453 5.42893
5.67086 1.25752 5.42893
5.6798 1.26441 5.42893
5.70884 1.28063 5.42893
5.66504 1.26292 5.42893
5.63555 1.24838 5.42893
5.6262 1.24589 5.42893
5.62673 1.2483 5.42893
5.71005 1.29451 5.42893
5.66009 1.26384 5.42893
5.63809 1.25356 5.42893
5.63315 1.24884 5.42893
5.62889 1.24992 5.42893
5.64418 1.25689 5.42893
5.6437 1.26215 5.42893
5.59413 1.24348 5.42893
5.60086 1.24602 5.42893
5.61982 1.25206 5.42893
5.61395 1.25188 5.42893
5.59976 1.24843 5.42893
5.59946 1.25125 5.42893
5.58461 1.24417 5.42893
5.5758 1.23955 5.42893
5.5631 1.23656 5.42893
5.58019 1.24179 5.42893
5.5675 1.23536 5.42893
5.59414 1.24481 5.42893
5.59452 1.24718 5.42893
5.61751 1.26146 5.42893
5.60385 1.25666 5.42893
5.58963 1.25017 5.42893
5.59133 1.25112 5.42893
5.59354 1.25318 5.42893
5.61453 1.26461 5.42893
5.6588 1.29229 5.42893
5.59804 1.25987 5.42893
5.58616 1.25063 5.42893
5.54682 1.22972 5.42893
5.54719 1.22917 5.42893
5.58398 1.24845 5.42893
5.56864 1.24042 5.42893
5.57297 1.24145 5.42893
5.55273 1.23168 5.42893
5.5517 1.23137 5.42893
5.58173 1.24768 5.42893
5.5533 1.2318 5.42893
5.54568 1.22948 5.42893
5.58321 1.24814 5.42893
5.54509 1.23291 5.42893
5.55435 1.23818 5.42893
5.54866 1.2363 5.42893
5.55413 1.23695 5.42893
5.54033 1.22879 5.42893
5.53885 1.22994 5.42893
5.53685 1.22957 5.42893
5.55277 1.24242 5.42893
5.54842 1.23735 5.42893
5.53863 1.23137 5.42893
5.53707 1.23159 5.42893
5.53803 1.23143 5.42893
5.5318 1.22807 5.42893
5.54703 1.23432 5.42893
5.53812 1.23113 5.42893
5.57402 1.24599 5.42893
5.61326 1.26614 5.42893
5.57956 1.2522 5.42893
5.58754 1.25799 5.42893
5.60536 1.26544 5.42893
5.56478 1.24252 5.42893
5.5899 1.25847 5.42893
5.56465 1.2449 5.42893
5.56805 1.24667 5.42893
5.56441 1.24166 5.42893
5.58455 1.25083 5.42893
5.57421 1.24611 5.42893
5.56216 1.24075 5.42893
5.5881 1.24938 5.42893
5.58032 1.24729 5.42893
5.58279 1.24842 5.42893
5.57966 1.24863 5.42893
5.56043 1.23915 5.42893
5.56735 1.24185 5.42893
5.57401 1.24568 5.42893
5.58421 1.25265 5.42893
5.57974 1.24624 5.42893
5.57405 1.24372 5.42893
5.58801 1.25129 5.42893
5.58729 1.25028 5.42893
5.59332 1.25606 5.42893
5.58723 1.2529 5.42893
5.59654 1.25708 5.42893
5.60033 1.2578 5.42893
5.56751 1.24247 5.42893
5.57887 1.25007 5.42893
5.55616 1.23906 5.42893
5.57023 1.24663 5.42893
5.57841 1.24684 5.42893
5.57062 1.2418 5.42893
5.53935 1.22703 5.42893
5.54974 1.22953 5.42893
5.55865 1.23298 5.42893
5.56628 1.23472 5.42893
5.56367 1.23279 5.42893
5.56006 1.2312 5.42893
5.54949 1.22712 5.42893
5.54731 1.22675 5.42893
5.5447 1.22652 5.42893
5.54529 1.2261 5.42893
5.54868 1.22644 5.42893
5.55019 1.22709 5.42893
5.55186 1.22725 5.42893
5.57768 1.23963 5.42893
5.57315 1.23752 5.42893
5.57704 1.23882 5.42893
5.56163 1.22694 5.42893
5.56797 1.23268 5.42893
5.5731 1.23404 5.42893
5.56273 1.22672 5.42893
5.60172 1.24907 5.42893
5.62222 1.25904 5.42893
5.61908 1.25647 5.42893
5.59468 1.24556 5.42893
5.59985 1.24662 5.42893
5.62129 1.25835 5.42893
5.65247 1.27442 5.42893
5.64774 1.27001 5.42893
5.66478 1.28094 5.42893
5.63596 1.26771 5.42893
5.65975 1.28412 5.42893
5.65102 1.27846 5.42893
5.65681 1.28111 5.42893
5.68085 1.2902 5.42893
5.6681 1.28501 5.42893
5.6524 1.27798 5.42893
5.6799 1.28706 5.42893
5.67184 1.28381 5.42893
5.66064 1.27888 5.42893
5.63242 1.26543 5.42893
5.60641 1.25593 5.42893
5.61084 1.25729 5.42893
5.61433 1.2584 5.42893
5.61436 1.25963 5.42893
5.60646 1.25699 5.42893
5.60915 1.25906 5.42893
5.60841 1.25679 5.42893
5.61406 1.25771 5.42893
5.62782 1.2659 5.42893
5.6455 1.26846 5.42893
5.65842 1.27171 5.42893
5.70862 1.30144 5.42893
5.74526 1.32305 5.42893
5.72187 1.31083 5.42893
5.77084 1.33524 5.42893
5.76477 1.3482 5.42893
5.74325 1.33586 5.42893
5.67865 1.30203 5.42893
5.62076 1.27051 5.42893
5.58644 1.25423 5.42893
5.57229 1.24484 5.42893
5.56149 1.24009 5.42893
5.57408 1.24682 5.42893
5.58265 1.25198 5.42893
5.60665 1.26346 5.42893
5.5962 1.26103 5.42893
5.59394 1.26123 5.42893
5.61376 1.27371 5.42893
5.57938 1.25901 5.42893
5.55126 1.24003 5.42893
5.57071 1.25035 5.42893
5.54656 1.23553 5.42893
5.54376 1.23453 5.42893
5.52604 1.22546 5.42893
5.52601 1.22545 5.42893
5.52878 1.22585 5.42893
5.5582 1.24079 5.42893
5.56632 1.24383 5.42893
5.55809 1.23893 5.42893
5.60424 1.26072 5.42893
5.57868 1.2489 5.42893
5.59007 1.25412 5.42893
5.57559 1.24877 5.42893
5.54583 1.23244 5.42893
5.55258 1.234 5.42893
5.55886 1.23689 5.42893
5.56804 1.24065 5.42893
5.56726 1.24427 5.42893
5.55474 1.23817 5.42893
5.57395 1.24753 5.42893
5.57124 1.24567 5.42893
5.5742 1.24903 5.41272
5.5586 1.24226 5.41272
5.58787 1.25292 5.41272
5.59073 1.2571 5.41272
5.54145 1.23539 5.41272
5.50401 1.221 5.40582
5.50469 1.22109 5.40582
5.50413 1.22169 5.40582
5.50358 1.22104 5.40582
5.48709 1.21191 5.40582
5.499 1.217 5.40582
5.51319 1.22276 5.40582
5.52161 1.23352 5.40582
5.4837 1.2126 5.40582
5.48172 1.21198 5.40582
5.50044 1.22164 5.40582
5.53429 1.2411 5.40582
5.49531 1.22432 5.40582
5.48653 1.21838 5.40582
5.47568 1.21018 5.40582
5.47063 1.20667 5.40582
5.44743 1.1936 5.40582
5.45419 1.19507 5.40582
5.46889 1.19894 5.40582
5.46753 1.19998 5.40582
5.46959 1.20197 5.40582
5.45855 1.19661 5.40582
5.46159 1.19818 5.40582
5.45202 1.19466 5.40582
5.46478 1.199 5.40582
5.47288 1.20137 5.40582
5.48862 1.20922 5.40582
5.61078 1.29264 5.40582
5.48415 1.20844 5.40582
5.47882 1.20519 5.40582
5.47825 1.20493 5.40582
5.48643 1.2083 5.40582
5.46154 1.20143 5.40582
5.43949 1.1924 5.40582
5.43966 1.19336 5.40582
5.44421 1.19602 5.40582
5.45343 1.19991 5.40582
5.48251 1.21409 5.40582
5.47012 1.20521 5.40582
5.46386 1.20283 5.40582
5.46779 1.20321 5.40582
5.47576 1.20774 5.40582
5.46818 1.20608 5.40582
5.49369 1.2242 5.40582
5.45757 1.20332 5.40582
5.43437 1.19242 5.40582
5.45994 1.20628 5.40582
5.43854 1.19221 5.40582
5.44658 1.19415 5.40582
5.44358 1.193 5.40582
5.46093 1.19926 5.40582
5.45406 1.19566 5.40582
5.4553 1.19571 5.40582
5.44904 1.19445 5.40582
5.45435 1.1965 5.40582
5.46089 1.19861 5.40582
5.4609 1.19834 5.40582
5.47618 1.20374 5.40582
5.4885 1.20827 5.40582
5.49036 1.20905 5.40582
5.54503 1.23832 5.40582
5.53277 1.22921 5.40582
5.50358 1.21499 5.40582
5.5056 1.21582 5.40582
5.49892 1.21342 5.40582
5.50516 1.22195 5.40582
5.51145 1.21898 5.40582
5.50939 1.2161 5.40582
5.5145 1.22038 5.40582
5.49899 1.21249 5.40582
5.49015 1.21043 5.40582
5.50479 1.2228 5.40582
5.51207 1.22773 5.40582
5.4718 1.20194 5.40582
5.47321 1.20244 5.40582
5.4703 1.20213 5.40582
5.50101 1.21881 5.40582
5.50036 1.21902 5.40582
5.49024 1.21008 5.40582
5.47745 1.20304 5.40582
5.46912 1.1987 5.40582
5.47614 1.20059 5.40582
5.48869 1.2028 5.40582
5.47815 1.20048 5.40582
5.49461 1.20453 5.40582
5.51089 1.21125 5.40582
5.51327 1.21315 5.40582
5.5263 1.21824 5.40582
5.54656 1.2257 5.40582
5.55898 1.22809 5.40582
5.63766 1.26132 5.40582
5.68293 1.28419 5.40582
5.60676 1.24016 5.40582
5.60055 1.24009 5.40582
5.58052 1.23121 5.40582
5.57014 1.22866 5.40582
5.56623 1.22887 5.40582
5.56816 1.23388 5.40582
5.56017 1.22729 5.40582
5.52275 1.2115 5.40582
5.53982 1.21587 5.40582
5.54895 1.22017 5.40582
5.535 1.21576 5.40582
5.51341 1.20943 5.40582
5.51987 1.21084 5.40582
5.53317 1.21465 5.40582
5.5524 1.22425 5.40582
5.51648 1.21001 5.40582
5.52415 1.21185 5.40582
5.5291 1.21265 5.40582
5.54742 1.21859 5.40582
5.53953 1.21543 5.40582
5.53992 1.21635 5.40582
5.53975 1.21619 5.40582
5.54142 1.21677 5.40582
5.54337 1.21814 5.40582
5.54903 1.21958 5.40582
5.5551 1.2233 5.40582
5.55589 1.22318 5.40582
5.55802 1.22441 5.40582
5.56549 1.22772 5.40582
5.57412 1.23017 5.40582
5.58946 1.23893 5.40582
5.57193 1.22856 5.40582
5.58154 1.2295 5.40582
5.59514 1.2377 5.40582
5.58468 1.232 5.40582
5.5934 1.23342 5.40582
5.5942 1.23348 5.40582
5.60367 1.23797 5.40582
5.5932 1.2326 5.40582
5.59987 1.23329 5.40582
5.59463 1.23231 5.40582
5.59984 1.23557 5.40582
5.59601 1.23277 5.40582
5.61743 1.2423 5.40582
5.59033 1.22889 5.40582
5.61087 1.23623 5.40582
5.63018 1.24257 5.40582
5.61296 1.23506 5.40582
5.63919 1.24468 5.40582
5.64079 1.24675 5.40582
5.633 1.2414 5.40582
5.63979 1.24827 5.40582
5.66113 1.25751 5.40582
5.63637 1.24306 5.40582
5.63333 1.24029 5.40582
5.64965 1.24915 5.40582
5.68027 1.26513 5.40582
5.6671 1.25559 5.40582
5.66035 1.25298 5.40582
5.64913 1.24948 5.40582
5.64912 1.24825 5.40582
5.6503 1.24922 5.40582
5.64116 1.24447 5.40582
5.64841 1.24694 5.40582
5.65175 1.24937 5.40582
5.64854 1.24588 5.40582
5.64245 1.24283 5.40582
5.64524 1.24254 5.40582
5.67137 1.25445 5.40582
5.64163 1.24186 5.40582
5.65035 1.24728 5.40582
5.65777 1.25023 5.40582
5.63451 1.2393 5.40582
5.67637 1.25909 5.40582
5.65488 1.25236 5.40582
5.67085 1.25858 5.40582
5.67679 1.26146 5.40582
5.65521 1.2502 5.40582
5.65089 1.24784 5.40582
5.64086 1.24506 5.40582
5.61623 1.23427 5.40582
5.61426 1.23305 5.40582
5.61328 1.23288 5.40582
5.6157 1.23451 5.40582
5.60765 1.22989 5.40582
5.60711 1.23163 5.40582
5.6242 1.24073 5.40582
5.62585 1.24177 5.40582
5.66181 1.26086 5.40582
5.61641 1.2397 5.40582
5.63267 1.25004 5.40582
5.64968 1.2568 5.40582
5.65338 1.25809 5.40582
5.64968 1.25779 5.40582
5.6318 1.24655 5.40582
5.62911 1.24578 5.40582
5.62411 1.24433 5.40582
5.62875 1.24932 5.40582
5.64999 1.26032 5.40582
5.64146 1.25669 5.40582
5.64374 1.25638 5.40582
5.65848 1.26532 5.40582
5.66555 1.26698 5.40582
5.68479 1.27701 5.40582
5.64629 1.26121 5.40582
5.64011 1.25663 5.40582
5.64597 1.25998 5.40582
5.65474 1.26406 5.40582
5.65992 1.26826 5.40582
5.6767 1.27652 5.40582
5.67473 1.27907 5.40582
5.67801 1.2804 5.40582
5.66473 1.27257 5.40582
5.72777 1.30612 5.40582
5.66121 1.26737 5.40582
5.64245 1.25821 5.40582
5.627 1.24789 5.40582
5.6299 1.24852 5.40582
5.64602 1.2549 5.40582
5.66255 1.2613 5.40582
5.63363 1.24939 5.40582
5.62055 1.24388 5.40582
5.62749 1.24639 5.40582
5.63174 1.24933 5.40582
5.64017 1.25432 5.40582
5.6241 1.24683 5.40582
5.62108 1.24186 5.40582
5.63129 1.24546 5.40582
5.62573 1.24165 5.40582
5.62276 1.23813 5.40582
5.63722 1.24442 5.40582
5.61887 1.23541 5.40582
5.6138 1.23458 5.40582
5.61457 1.23371 5.40582
5.61743 1.23333 5.40582
5.62882 1.23952 5.40582
5.62778 1.23676 5.40582
5.65148 1.24641 5.40582
5.6686 1.2536 5.40582
5.65235 1.24411 5.40582
5.66509 1.2512 5.40582
5.67318 1.25506 5.40582
5.65341 1.24471 5.40582
5.64938 1.24345 5.40582
5.63353 1.23554 5.40582
5.64568 1.24035 5.40582
5.64237 1.23756 5.40582
5.61685 1.23165 5.40582
5.62338 1.23375 5.40582
5.64024 1.24123 5.40582
5.67518 1.25883 5.40582
5.67308 1.25657 5.40582
5.67609 1.25977 5.40582
5.72958 1.29006 5.40582
5.69306 1.26803 5.40582
5.65942 1.25315 5.40582
5.65681 1.25567 5.40582
5.66169 1.25741 5.40582
5.66308 1.25666 5.40582
5.68908 1.26772 5.40582
5.68226 1.26365 5.40582
5.69853 1.27065 5.40582
5.71408 1.28104 5.40582
5.68011 1.26615 5.40582
5.69739 1.27391 5.40582
5.66088 1.25912 5.40582
5.66769 1.2626 5.40582
5.67038 1.26506 5.40582
5.68267 1.27167 5.40582
5.65525 1.25831 5.40582
5.66023 1.25882 5.40582
5.66015 1.25941 5.40582
5.65596 1.25672 5.40582
5.6953 1.27765 5.40582
5.70582 1.28106 5.40582
5.67158 1.26306 5.40582
5.65623 1.25893 5.40582
5.62924 1.2486 5.40582
5.63332 1.24828 5.40582
5.67091 1.26472 5.40582
5.63984 1.25057 5.40582
5.65024 1.25487 5.40582
5.64712 1.25526 5.40582
5.64416 1.25591 5.40582
5.64552 1.25783 5.40582
5.64328 1.25673 5.40582
5.63356 1.25011 5.40582
5.63873 1.25217 5.40582
5.64252 1.25296 5.40582
5.64266 1.25318 5.40582
5.63184 1.24875 5.40582
5.63905 1.25461 5.40582
5.63839 1.25614 5.40582
5.64098 1.26294 5.40582
5.6412 1.26204 5.40582
5.64347 1.26459 5.40582
5.63379 1.25609 5.40582
5.62829 1.24891 5.40582
5.62467 1.2469 5.40582
5.62681 1.2448 5.40582
5.62956 1.24823 5.40582
5.63082 1.2495 5.40582
5.63278 1.25425 5.40582
5.63822 1.25774 5.40582
5.62546 1.24788 5.40582
5.63501 1.25324 5.40582
5.62651 1.24745 5.40582
5.62227 1.24471 5.40582
5.64439 1.25539 5.40582
5.62479 1.24836 5.40582
5.63571 1.25187 5.40582
5.61025 1.23772 5.40582
5.63917 1.25141 5.40582
5.61489 1.23829 5.40582
5.62353 1.2415 5.40582
5.64679 1.25257 5.40582
5.64233 1.24898 5.40582
5.63871 1.24786 5.40582
5.6188 1.23691 5.40582
5.61819 1.2355 5.40582
5.62558 1.23683 5.40582
5.62648 1.23669 5.40582
5.63295 1.2414 5.40582
5.64899 1.2512 5.40582
5.63191 1.24182 5.40582
5.6242 1.23841 5.40582
5.64163 1.24749 5.40582
5.65989 1.2589 5.40582
5.64725 1.25142 5.40582
5.64875 1.25371 5.40582
5.65403 1.25749 5.40582
5.65333 1.2567 5.40582
5.69096 1.27606 5.40582
5.7065 1.28686 5.40582
5.66575 1.26897 5.40582
5.66081 1.26467 5.40582
5.65641 1.26243 5.40582
5.67881 1.2744 5.40582
5.66936 1.27065 5.40582
5.67837 1.27152 5.40582
5.66687 1.26703 5.40582
5.66022 1.26222 5.40582
5.67719 1.27125 5.40582
5.67938 1.27188 5.40582
5.67956 1.26928 5.40582
5.67921 1.26852 5.40582
5.66226 1.26318 5.40582
5.66795 1.2603 5.40582
5.68901 1.26679 5.40582
5.6876 1.26434 5.40582
5.68605 1.26442 5.40582
5.66767 1.25642 5.40582
5.65727 1.25111 5.40582
5.64508 1.24542 5.40582
5.6842 1.26186 5.40582
5.67287 1.25383 5.40582
5.6515 1.24321 5.40582
5.64041 1.24093 5.40582
5.6643 1.25003 5.40582
5.6382 1.23969 5.40582
5.65188 1.24839 5.40582
5.63394 1.23876 5.40582
5.66488 1.25106 5.40582
5.63873 1.24648 5.40582
5.65279 1.25686 5.40582
5.65513 1.25956 5.40582
5.60781 1.23449 5.40582
5.62438 1.24278 5.40582
5.61618 1.23824 5.40582
5.60707 1.23492 5.40582
5.58923 1.22667 5.40582
5.59058 1.22614 5.40582
5.60722 1.23349 5.40582
5.58486 1.22402 5.40582
5.57971 1.22198 5.40582
5.57581 1.22066 5.40582
5.57267 1.22001 5.40582
5.57342 1.22043 5.40582
5.5857 1.22449 5.40582
5.58167 1.22435 5.40582
5.57831 1.22144 5.40582
5.57881 1.22111 5.40582
5.58262 1.22271 5.40582
5.57121 1.21959 5.40582
5.58348 1.22364 5.40582
5.58705 1.22413 5.40582
5.58336 1.22201 5.40582
5.59111 1.22579 5.40582
5.60532 1.232 5.40582
5.61573 1.23768 5.40582
5.60121 1.22795 5.40582
5.59605 1.22841 5.40582
5.59864 1.23297 5.40582
5.59554 1.23173 5.40582
5.5892 1.22771 5.40582
5.58029 1.22655 5.40582
5.62457 1.24529 5.40582
5.62073 1.24433 5.40582
5.59136 1.23019 5.40582
5.57042 1.22046 5.40582
5.55893 1.21598 5.40582
5.55198 1.21434 5.40582
5.54529 1.21222 5.40582
5.55104 1.21587 5.40582
5.54183 1.21135 5.40582
5.54082 1.2106 5.40582
5.53714 1.21125 5.40582
5.56792 1.22671 5.40582
5.51977 1.20578 5.40582
5.51102 1.20361 5.40582
5.56403 1.22785 5.40582
5.53667 1.21122 5.40582
5.53225 1.20875 5.40582
5.5491 1.21498 5.40582
5.54973 1.21841 5.40582
5.4998 1.19986 5.40582
5.49202 1.19803 5.40582
5.50016 1.20039 5.40582
5.48861 1.19735 5.40582
5.48155 1.19613 5.40582
5.48206 1.19637 5.40582
5.47898 1.19616 5.40582
5.47783 1.19567 5.40582
5.47446 1.19502 5.40582
5.47429 1.19509 5.40582
5.47709 1.19615 5.40582
5.4762 1.19563 5.40582
5.53521 1.22813 5.40582
5.48599 1.19934 5.40582
5.49164 1.20145 5.40582
5.47961 1.19603 5.40582
5.47628 1.19495 5.40582
5.47861 1.19553 5.40582
5.49917 1.20333 5.40582
5.47954 1.19636 5.40582
5.47193 1.19398 5.40582
5.47327 1.19426 5.40582
5.49411 1.20346 5.40582
5.4921 1.2037 5.40582
5.47684 1.19629 5.40582
5.47164 1.19391 5.40582
5.48816 1.20095 5.40582
5.50768 1.20728 5.40582
5.4857 1.19874 5.40582
5.51126 1.20963 5.40582
5.4922 1.19939 5.40582
5.50983 1.20657 5.40582
5.49288 1.19959 5.40582
5.50365 1.20196 5.40582
5.5018 1.20177 5.40582
5.50366 1.20273 5.40582
5.50079 1.20303 5.40582
5.50138 1.20298 5.40582
5.51533 1.20739 5.40582
5.52451 1.21159 5.40582
5.51178 1.20712 5.40582
5.50176 1.20436 5.40582
5.50159 1.20385 5.40582
5.48703 1.19887 5.40582
5.48935 1.19967 5.40582
5.48902 1.19984 5.40582
5.4925 1.20033 5.40582
5.49784 1.20159 5.40582
5.49526 1.20162 5.40582
5.49489 1.20183 5.40582
5.49787 1.2025 5.40582
5.50881 1.2066 5.40582
5.51514 1.2082 5.40582
5.50857 1.2053 5.40582
5.50864 1.20469 5.40582
5.50054 1.20076 5.40582
5.49743 1.19926 5.40582
5.49453 1.1981 5.40582
5.50798 1.20416 5.40582
5.51181 1.20539 5.40582
5.54281 1.21748 5.40582
5.51245 1.20618 5.40582
5.50215 1.20268 5.40582
5.50692 1.20468 5.40582
5.48697 1.19717 5.40582
5.48392 1.19633 5.40582
5.48776 1.19731 5.40582
5.51123 1.20914 5.40582
5.50924 1.20751 5.40582
5.49857 1.20038 5.40582
5.50522 1.2014 5.40582
5.52235 1.2101 5.40582
5.50956 1.20163 5.40582
5.52833 1.21242 5.40582
5.54285 1.21881 5.40582
5.54674 1.22011 5.40582
5.54164 1.21722 5.40582
5.545 1.21854 5.40582
5.54968 1.21954 5.40582
5.52834 1.20903 5.40582
5.54034 1.2144 5.40582
5.56293 1.22286 5.40582
5.54461 1.21542 5.40582
5.53231 1.21056 5.40582
5.5341 1.2115 5.40582
5.52143 1.20741 5.40582
5.51309 1.20359 5.40582
5.52158 1.20689 5.40582
5.51237 1.20474 5.40582
5.51581 1.20645 5.40582
5.52413 1.21095 5.40582
5.50943 1.20327 5.40582
5.50191 1.20126 5.40582
5.50827 1.20457 5.40582
5.50302 1.20327 5.40582
5.4936 1.20042 5.40582
5.49714 1.20017 5.40582
5.49219 1.19927 5.40582
5.49143 1.19928 5.40582
5.48668 1.19846 5.40582
5.48325 1.19755 5.40582
5.48922 1.19831 5.40582
5.4901 1.19897 5.40582
5.50255 1.20473 5.40582
5.50196 1.20627 5.40582
5.49027 1.20109 5.40582
5.48715 1.199 5.40582
5.49734 1.20199 5.40582
5.48891 1.19916 5.40582
5.52788 1.21479 5.40582
5.55002 1.22803 5.40582
5.51192 1.20682 5.40582
5.48039 1.19571 5.40582
5.49254 1.19937 5.40582
5.47799 1.19528 5.40582
5.48012 1.19566 5.40582
5.48538 1.19774 5.40582
5.48794 1.19986 5.40582
5.50238 1.207 5.40582
5.47645 1.195 5.40582
5.47645 1.195 5.40582
5.47645 1.195 5.40582
5.47645 1.195 5.40582
5.47787 1.19526 5.40582
5.49368 1.20111 5.40582
5.48943 1.2002 5.40582
5.47782 1.19523 5.40582
5.48386 1.19681 5.40582
5.48855 1.1987 5.40582
5.49245 1.20064 5.40582
5.5041 1.20867 5.40582
5.53241 1.22436 5.40582
5.50174 1.20667 5.40582
5.49528 1.20147 5.40582
5.49109 1.19934 5.40582
5.4848 1.19653 5.40582
5.49772 1.20078 5.40582
5.48371 1.19641 5.40582
5.48128 1.19644 5.40582
5.48331 1.19793 5.40582
5.51969 1.21159 5.40582
5.49725 1.20183 5.40582
5.49215 1.20015 5.40582
5.4807 1.19576 5.40582
5.47792 1.19527 5.40582
5.50164 1.2089 5.40582
5.48048 1.19665 5.40582
5.47645 1.195 5.40582
5.48296 1.19761 5.40582
5.49893 1.20469 5.40582
5.498 1.20339 5.40582
5.49979 1.20253 5.40582
5.53142 1.22299 5.40582
5.5312 1.22314 5.40582
5.50932 1.2074 5.40582
5.5004 1.20141 5.40582
5.50117 1.20124 5.40582
5.50962 1.20481 5.40582
5.50229 1.20157 5.40582
5.50203 1.20187 5.40582
5.505 1.20399 5.40582
5.51682 1.20792 5.40582
5.54795 1.22518 5.40582
5.49572 1.19831 5.40582
5.50202 1.19952 5.40582
5.50381 1.19987 5.40582
5.49853 1.19881 5.40582
5.49743 1.19861 5.40582
5.50347 1.19973 5.40582
5.50897 1.20644 5.40582
5.50653 1.20804 5.40582
5.49709 1.20213 5.40582
5.50043 1.2038 5.40582
5.49353 1.19858 5.40582
5.49717 1.20075 5.40582
5.49514 1.199 5.40582
5.49725 1.19938 5.40582
5.53561 1.21761 5.40582
5.57251 1.23414 5.40582
5.57153 1.23116 5.40582
5.56184 1.22609 5.40582
5.52728 1.20991 5.40582
5.51533 1.20601 5.40582
5.50171 1.20127 5.40582
5.50056 1.20175 5.40582
5.50621 1.20249 5.40582
5.50189 1.20134 5.40582
5.50223 1.20048 5.40582
5.5185 1.20711 5.40582
5.52959 1.21339 5.40582
5.50443 1.2024 5.40582
5.49927 1.19941 5.40582
5.4976 1.19903 5.40582
5.51412 1.20391 5.40582
5.51867 1.20413 5.40582
5.51734 1.20443 5.40582
5.5133 1.20274 5.40582
5.53017 1.21016 5.40582
5.52395 1.20545 5.40582
5.54755 1.21701 5.40582
5.5425 1.21612 5.40582
5.53007 1.20875 5.40582
5.52252 1.20669 5.40582
5.52258 1.20695 5.40582
5.52844 1.21052 5.40582
5.51414 1.20524 5.40582
5.51851 1.20841 5.40582
5.58687 1.24462 5.40582
5.5492 1.22549 5.40582
