15.8711 9.79376 12.9117
15.3375 9.19817 12.9117
15.3521 9.16595 12.9117
15.154 9.06697 12.9117
15.1379 8.98931 12.9117
14.9197 8.84095 12.9117
14.367 8.18595 12.881
14.1741 7.96959 12.881
13.9909 7.76873 12.881
13.8505 7.66843 12.3949
13.6034 7.54988 12.3949
13.5141 7.46077 12.3949
13.259 7.08291 12.3048
12.7494 6.59761 10.5504
12.4886 6.47966 10.5504
12.1148 6.09554 10.5504
11.6642 5.73036 10.4885
11.5649 5.68775 10.4885
11.4593 5.56856 10.4885
11.3219 5.35285 9.80099
11.1775 5.20153 9.80099
10.9882 5.00946 9.80099
10.9743 4.98669 9.80099
10.9093 4.92801 9.80099
10.8823 4.92904 9.80099
10.8439 4.85888 9.80099
10.8348 4.82268 9.80099
10.7425 4.74209 9.65343
10.9313 4.85327 9.65343
10.9754 4.90345 9.65343
10.9426 4.89195 9.65343
10.8493 4.73035 9.65343
10.8267 4.6942 9.65343
10.8733 4.74551 9.65343
10.8101 4.70291 9.65343
10.7062 4.70948 9.56183
10.5728 4.56932 9.56183
10.4633 4.49941 9.56183
10.3445 4.40031 9.56183
10.3037 4.35006 9.43369
10.25 4.29876 9.37131
10.2262 4.30504 9.37004
10.2177 4.36541 9.37004
10.1294 4.30464 9.37004
10.0558 4.23528 9.00218
10.0021 4.23813 8.99213
9.92813 4.19508 8.86779
9.80317 4.10041 8.86779
9.73035 4.06425 8.86208
9.64377 3.98107 8.67868
9.59619 3.91972 8.67868
9.55299 3.90041 8.67868
9.45006 3.83011 8.67868
9.39469 3.78845 8.67868
9.47071 3.83977 8.67868
9.46105 3.77322 8.67868
9.36829 3.70581 8.5616
9.3684 3.6989 8.5616
9.45645 3.73777 8.5616
9.45942 3.73779 8.5616
9.44916 3.75088 8.5616
9.4074 3.71669 8.5616
9.28316 3.6533 8.5616
9.2683 3.62052 8.5616
9.40173 3.77158 8.5616
9.25204 3.62323 8.53693
9.16875 3.5167 8.35924
9.06048 3.40406 8.35924
9.03439 3.36061 8.35924
9.08049 3.39104 8.35924
9.18742 3.46957 8.35232
9.12802 3.39289 8.35232
9.12515 3.41155 8.35232
9.14259 3.40539 8.1793
9.26571 3.51245 8.1793
9.19171 3.42141 8.1793
9.14713 3.35625 8.1793
9.03697 3.31346 8.1793
9.04852 3.32429 8.05335
8.99713 3.30703 8.05335
8.89564 3.19253 8.05119
8.82566 3.14331 8.01594
8.78528 3.09218 8.01594
8.69499 2.97164 7.94402
8.60307 2.89427 7.94402
8.57331 2.86988 7.94402
8.55559 2.87797 7.94402
8.3788 2.77008 7.94402
8.31492 2.71445 7.65671
8.33948 2.72795 7.36463
8.3351 2.72855 7.36463
8.35055 2.74362 7.36463
8.3703 2.75916 7.36463
8.34967 2.76097 7.36463
8.31142 2.74294 7.36463
8.28806 2.72956 7.36463
8.27746 2.7191 7.36463
8.27512 2.71886 7.36463
8.27111 2.71865 7.36463
8.29733 2.72968 7.36463
8.3359 2.7603 7.36463
8.31973 2.7541 7.36463
8.34287 2.77371 7.36463
8.38468 2.81634 7.36463
8.32548 2.77896 7.36463
8.30128 2.77004 7.36463
8.24602 2.72285 7.36463
8.22493 2.70644 7.36463
8.21322 2.68735 7.36463
8.17097 2.66336 7.36463
8.16405 2.6663 7.36463
8.20342 2.69667 7.1843
8.30479 2.77887 7.1843
8.23861 2.76627 7.1843
8.08704 2.66596 7.1843
7.99479 2.62252 6.93249
8.01922 2.63452 6.93249
7.87195 2.5335 6.93249
7.78633 2.48868 6.93249
7.61598 2.35601 6.77295
7.43647 2.23716 6.77295
7.4373 2.22959 6.77295
7.51056 2.27343 6.77295
7.54481 2.29503 6.77295
7.54993 2.29666 6.67402
7.53011 2.28305 6.67402
7.52637 2.28082 6.67402
7.49981 2.25902 6.67402
7.51138 2.26274 6.67402
7.46656 2.24213 6.67402
7.52712 2.27053 6.67402
7.4541 2.23163 6.67402
7.44873 2.23426 6.67402
7.38784 2.18179 6.67402
7.3796 2.17117 6.67402
7.26239 2.09481 6.67402
7.24294 2.09662 6.67402
7.25016 2.10723 6.67402
7.26273 2.11974 6.67402
7.28489 2.13457 6.67402
7.30327 2.13946 6.67402
7.32807 2.15876 6.67402
7.21466 2.08719 6.67402
7.20811 2.08559 6.67402
7.27225 2.12028 6.67402
7.26019 2.10586 6.67402
7.3312 2.16693 6.67402
7.36394 2.18255 6.67402
7.40656 2.19394 6.67402
7.38801 2.16457 6.62249
7.3313 2.13923 6.62249
7.37337 2.17216 6.62249
7.31173 2.13103 6.62249
7.29177 2.11693 6.62249
7.32247 2.13924 6.62249
7.19317 2.07878 6.62249
7.10165 2.01988 6.56896
6.76293 1.84586 6.56896
6.79949 1.8802 6.56896
6.76304 1.85145 6.56896
6.80028 1.87531 6.56896
6.82307 1.89009 6.54602
6.75908 1.85147 6.54602
6.73242 1.83446 6.52005
6.77085 1.86644 6.52005
6.76401 1.85426 6.52005
6.70564 1.82512 6.52005
6.70197 1.82421 6.52005
6.69717 1.8224 6.52005
6.68374 1.81543 6.52005
6.6896 1.81904 6.52005
6.70888 1.83021 6.52005
6.69627 1.81894 6.52005
6.7073 1.82598 6.52005
6.68264 1.80638 6.52005
6.68125 1.80269 6.52005
6.66221 1.79173 6.52005
6.66392 1.79363 6.52005
6.65278 1.78522 6.46295
6.66971 1.796 6.46295
6.65341 1.78435 6.46295
6.66462 1.79111 6.42531
6.71194 1.82571 6.42531
6.69448 1.80874 6.42531
6.68317 1.80411 6.42531
6.66648 1.7983 6.42531
6.68379 1.80762 6.42531
6.66214 1.79005 6.42531
6.67107 1.79316 6.42531
6.67504 1.79447 6.42531
6.67307 1.792 6.42531
6.66305 1.78674 6.42531
6.65631 1.78449 6.42531
6.64569 1.77733 6.41341
6.64187 1.77541 6.41341
6.63862 1.77581 6.41341
6.63736 1.77766 6.41341
6.64812 1.78335 6.41341
6.65099 1.78502 6.41341
6.65948 1.78945 6.41341
6.70286 1.81406 6.41341
6.76857 1.86909 6.41341
6.7964 1.88416 6.41341
6.69758 1.81388 6.41341
6.68131 1.80167 6.41341
6.68058 1.80045 6.41341
6.70212 1.81424 6.41341
6.71141 1.82422 6.41341
6.743 1.8462 6.41341
6.69303 1.81334 6.41341
6.69935 1.81513 6.41341
6.71343 1.81766 6.41341
6.66177 1.79062 6.41341
6.65368 1.78483 6.41341
6.64884 1.78291 6.41341
6.73141 1.83593 6.41341
6.69922 1.81339 6.41341
6.71095 1.81709 6.41341
6.73683 1.83225 6.41341
6.77655 1.85822 6.41341
6.74084 1.82842 6.41341
6.69924 1.80554 6.41341
6.79375 1.86719 6.41341
6.72931 1.8232 6.41341
6.75105 1.84217 6.41341
6.86539 1.91797 6.41341
6.76356 1.83579 6.41341
6.74038 1.82755 6.41341
6.70951 1.81517 6.41341
6.69404 1.80624 6.41341
6.69689 1.81255 6.41341
6.70751 1.81713 6.41341
6.75418 1.84554 6.41341
6.70281 1.81326 6.41341
6.72487 1.8217 6.41341
6.686 1.80549 6.41341
6.73726 1.84119 6.41341
6.69072 1.80701 6.41341
6.69162 1.80719 6.41341
6.68217 1.80181 6.41341
6.70526 1.81247 6.41341
6.71531 1.81924 6.41341
6.68224 1.80193 6.41341
6.70982 1.8163 6.41341
6.7265 1.82706 6.41341
6.76272 1.85184 6.41341
6.78508 1.86819 6.41341
6.76056 1.85268 6.41341
6.72629 1.83475 6.41341
6.70701 1.82127 6.41341
6.71579 1.82642 6.41341
6.67909 1.80114 6.41341
6.67396 1.79829 6.41341
6.67607 1.80006 6.41341
6.67224 1.79708 6.41341
6.71964 1.82843 6.41341
6.74443 1.84983 6.41341
6.70993 1.82417 6.41341
6.67745 1.80019 6.41341
6.67705 1.79978 6.41341
6.67839 1.80195 6.41341
6.70478 1.81848 6.41341
6.68004 1.80482 6.41341
6.70263 1.82094 6.41341
6.67848 1.8035 6.41341
6.67328 1.80049 6.41341
6.7063 1.82248 6.41341
6.6726 1.79929 6.41341
6.68052 1.80342 6.41341
6.6755 1.79998 6.22309
6.65561 1.78422 6.22309
6.65922 1.78844 6.22309
6.63225 1.76986 6.22309
6.63523 1.7738 6.22309
6.64059 1.7785 6.22309
6.67088 1.79806 6.22309
6.665 1.7958 6.22309
6.65726 1.79242 6.22309
6.6519 1.78892 6.22309
6.6438 1.78675 6.22309
6.62074 1.77396 6.22309
6.57185 1.74305 6.22309
6.5772 1.7441 6.22309
6.59119 1.75313 6.22309
6.57489 1.74512 6.22309
6.57977 1.75052 6.22309
6.56645 1.74113 6.22309
6.58792 1.75564 6.22309
6.58838 1.75758 6.22309
6.63429 1.78226 6.22309
6.65483 1.78934 6.22309
6.66504 1.79572 6.22309
6.65295 1.79153 6.22309
6.66735 1.80052 6.22309
6.69381 1.81831 6.22309
6.72988 1.84168 6.22309
6.69706 1.82505 6.22309
6.75127 1.85686 6.22309
6.71286 1.83434 6.22309
6.72019 1.84597 6.22309
6.74323 1.86085 6.22309
6.76613 1.88566 6.22309
6.76221 1.88783 6.22309
6.8063 1.91533 6.22309
6.77756 1.89417 6.22309
6.76029 1.88158 6.22309
6.76453 1.87256 6.22309
6.74169 1.87219 6.22309
6.78675 1.91346 6.22309
6.835 1.94185 6.22309
6.83527 1.95733 6.22309
6.85108 1.9815 6.22309
6.80639 1.95897 6.22309
6.7875 1.94643 6.22309
6.82492 1.97682 6.22309
6.81049 1.9729 6.22309
6.7594 1.89013 6.22309
6.7028 1.84668 6.22309
6.69068 1.83969 6.22309
6.69581 1.84468 6.22309
6.65802 1.82051 6.22309
6.61299 1.78075 6.22309
6.62211 1.78939 6.22309
6.68157 1.83031 6.22309
6.66541 1.82357 6.22309
6.67173 1.82113 6.22309
6.72562 1.85755 6.20037
6.72002 1.8449 6.20037
6.77906 1.88507 6.20037
6.80612 1.90366 6.20037
6.84748 1.93009 6.1347
6.79304 1.90569 6.11524
6.736 1.87088 6.11524
6.76938 1.88604 6.11524
6.72969 1.85457 6.11524
6.77202 1.8849 6.11524
6.73205 1.85708 6.11524
6.60515 1.77461 6.11524
6.616 1.77114 6.11524
6.61204 1.77053 6.11524
6.58751 1.75781 6.11524
6.59346 1.76231 6.11524
6.50989 1.69679 6.11524
6.55009 1.71978 6.11524
6.49616 1.68505 6.11524
6.50079 1.68808 6.11524
6.54102 1.71209 6.11524
6.53886 1.70968 6.11524
6.55167 1.7144 6.11524
6.52479 1.69371 6.11524
6.51734 1.68846 6.11524
6.54373 1.7101 6.11524
6.55004 1.71041 6.11524
6.57885 1.72797 6.11524
6.57844 1.72325 6.11524
6.54369 1.70177 6.11524
6.53696 1.69892 6.11524
6.53908 1.69996 6.11524
6.58824 1.73852 6.11524
6.55259 1.71059 6.11524
6.65947 1.79081 6.11524
6.62323 1.74614 6.11524
6.62601 1.7454 6.11524
6.58343 1.71569 6.11524
6.57235 1.69714 6.11524
6.56667 1.69474 6.11524
6.56092 1.68009 6.11524
6.56511 1.68759 6.11524
6.51384 1.66092 6.11524
6.51167 1.65565 6.11524
6.50759 1.65509 6.11524
6.49233 1.63375 6.11524
6.50437 1.64579 6.11524
6.48754 1.62718 6.11524
6.48757 1.62451 6.11524
6.50915 1.63666 6.11524
6.51191 1.63192 6.11524
6.51376 1.62643 6.11524
6.52716 1.63803 6.11524
6.52778 1.64543 6.11524
6.62347 1.70908 6.11524
6.53716 1.63988 6.11524
6.54201 1.65437 6.11524
6.51896 1.63437 6.11524
6.54708 1.65611 6.11524
6.53075 1.65152 6.11524
6.54993 1.6546 6.11524
6.5476 1.64671 6.11524
6.60461 1.6829 6.11524
6.57452 1.66041 6.11524
6.5612 1.64708 6.11524
6.58938 1.65767 6.11524
6.61629 1.66756 6.11524
6.624 1.66595 6.11524
6.63377 1.67129 6.11524
6.61313 1.65648 6.11524
6.64051 1.66749 6.11524
6.61759 1.65727 6.11524
6.60724 1.64306 6.11524
6.59921 1.63166 6.11524
6.65002 1.66502 6.11524
6.64311 1.6608 6.11524
6.62853 1.65166 6.11524
6.60697 1.64377 6.11524
6.59868 1.63478 6.11524
6.60066 1.63781 6.11524
6.69867 1.71426 6.11524
6.65667 1.68955 6.11524
6.56561 1.63497 6.11524
6.58848 1.65722 6.11524
6.59436 1.65896 6.11524
6.60832 1.65147 6.11524
6.60072 1.64807 6.11524
6.58502 1.63192 6.11524
6.5817 1.62649 6.11524
6.59799 1.63462 6.11524
6.63744 1.66358 6.11524
6.61526 1.64908 6.11524
6.59638 1.63731 6.11524
6.54949 1.60924 6.11524
6.57286 1.62709 6.11524
6.66805 1.6884 6.11524
6.61437 1.65349 6.11524
6.53908 1.60399 6.11524
6.56904 1.6267 6.11524
6.5867 1.63486 6.11524
6.65326 1.67941 6.11524
6.53547 1.59468 6.11524
6.53901 1.59164 6.11524
6.53517 1.58762 6.11524
6.53832 1.58947 6.11524
6.55552 1.59604 6.11524
6.5529 1.59528 6.11524
6.54416 1.59258 6.11524
6.55178 1.59518 6.11524
6.56366 1.60618 6.11524
6.55277 1.5996 6.11524
6.55266 1.59879 6.11524
6.55385 1.60229 6.11524
6.54567 1.59748 6.11524
6.55546 1.60302 6.11524
6.54768 1.60139 6.11524
6.57 1.61825 6.11524
6.56182 1.61415 6.11524
6.61252 1.6435 6.11524
6.58812 1.62228 6.11524
6.55742 1.60158 6.11524
6.56711 1.6123 6.11524
6.60211 1.64044 6.11524
6.60364 1.63793 6.11524
6.56173 1.61838 6.11524
6.51437 1.59163 6.11524
6.50127 1.58507 6.11524
6.49251 1.582 6.11524
6.50261 1.5897 6.11524
6.51075 1.59252 6.11524
6.50701 1.59099 6.11524
6.50026 1.58331 6.11524
6.50333 1.5821 6.11524
6.49892 1.58108 6.11524
6.53107 1.5994 6.11524
6.53681 1.59581 6.11524
6.52882 1.59165 6.11524
6.56027 1.61153 6.11524
6.55214 1.60907 6.11524
6.59184 1.653 6.11524
6.52655 1.6032 6.11524
6.48837 1.5778 6.11524
6.48251 1.57589 6.11524
6.49768 1.5872 6.11524
6.51083 1.59938 6.11524
6.51663 1.60479 6.11524
6.52604 1.6098 6.11524
6.50337 1.59724 6.11524
6.51053 1.61763 6.11524
6.44986 1.57406 6.11524
6.40966 1.54745 6.11524
6.46494 1.58242 6.11524
6.5029 1.60725 6.11524
6.46031 1.57631 6.11524
6.43357 1.55476 6.11524
6.42661 1.55178 6.11524
6.4183 1.54802 6.11524
6.44199 1.56218 6.11524
6.412 1.54626 6.11524
6.41301 1.54779 6.11524
6.41261 1.54625 6.11524
6.42033 1.55157 6.11524
6.44683 1.5664 6.11524
6.44145 1.55994 6.11524
6.43575 1.55692 6.11524
6.45533 1.5747 6.11524
6.46204 1.57779 6.11524
6.45793 1.5748 6.11524
6.42128 1.54906 6.11524
6.41947 1.54856 6.11524
6.41899 1.54886 6.11524
6.41785 1.55009 6.11524
6.42995 1.55633 6.11524
6.42797 1.55553 6.11524
6.44063 1.56065 6.11524
6.42614 1.55348 6.11524
6.41897 1.55099 6.11524
6.42916 1.55645 6.11524
6.46676 1.58023 6.11524
6.46761 1.57969 6.11524
6.44774 1.56533 6.11524
6.46353 1.57516 6.11524
6.47393 1.5786 6.11524
6.47288 1.57574 6.11524
6.48175 1.5782 6.11524
6.47471 1.5784 6.11524
6.46974 1.57682 6.11524
6.48383 1.58248 6.11524
6.4572 1.56573 6.11524
6.44574 1.56182 6.11524
6.45396 1.56647 6.11524
6.45413 1.5696 6.11524
6.45823 1.57258 6.11524
6.44261 1.56331 6.11524
6.44863 1.5665 6.11524
6.44397 1.56247 6.11524
6.43372 1.55559 6.11524
6.44286 1.56015 6.11524
6.43848 1.55711 6.11524
6.44099 1.55764 6.11524
6.43529 1.55515 6.11524
6.43592 1.55677 6.11524
6.43871 1.56176 6.11524
6.44525 1.56623 6.11524
6.42801 1.55616 6.11524
6.43689 1.56261 6.11524
6.43587 1.56001 6.11524
6.44004 1.56262 6.11524
6.42164 1.55591 6.11524
6.42387 1.55654 6.11524
6.42021 1.55026 6.11524
6.42489 1.54977 6.11524
6.46209 1.57466 6.11524
6.48448 1.59124 6.02496
6.41377 1.55086 6.02496
6.40591 1.54921 6.02496
6.40792 1.55114 6.02496
6.40321 1.55465 6.02496
6.46453 1.59464 6.02496
6.44437 1.57466 6.02496
6.51224 1.61466 6.02496
6.50329 1.60826 6.02496
6.46419 1.58304 6.02496
6.49969 1.59864 6.02496
6.47163 1.57841 6.02496
6.44789 1.5744 6.02496
6.45364 1.57892 6.02496
6.42549 1.55921 6.02496
6.41816 1.55417 6.02496
6.42103 1.55465 6.02496
6.43331 1.55851 6.02496
6.42353 1.55651 6.02496
6.41731 1.55342 6.02496
6.40815 1.55285 6.02496
6.42024 1.55579 6.02496
6.4525 1.57426 6.02496
6.47751 1.59194 6.02496
6.47173 1.58722 6.02496
6.40609 1.54879 6.02496
6.41706 1.55221 6.02496
6.42824 1.55479 6.02496
6.4475 1.56548 6.02496
6.45974 1.57764 6.02496
6.49319 1.60335 6.02496
6.47492 1.58924 6.02496
6.43947 1.56458 6.02496
6.41608 1.55541 6.02496
6.42188 1.55771 6.02496
6.41211 1.55835 6.02496
6.43799 1.58383 6.02496
6.44814 1.58728 6.02496
6.46639 1.59524 6.02496
6.42387 1.57017 6.02496
6.41817 1.56701 6.02496
6.41379 1.56952 6.02496
6.42621 1.58034 6.02496
6.43995 1.58103 6.02496
6.44929 1.58357 6.02496
6.43737 1.57475 6.02496
6.42272 1.57113 6.02496
6.42704 1.57375 6.02496
6.39121 1.55687 6.02496
6.37076 1.55157 6.02496
6.39042 1.56648 6.02496
6.40545 1.57434 6.02496
6.45367 1.61285 6.02496
6.48554 1.63074 6.02496
6.46113 1.6181 6.02496
6.39584 1.58257 6.02496
6.43401 1.60206 6.02496
6.4877 1.63962 6.02496
6.49856 1.64223 6.02496
6.48239 1.63543 6.02496
6.4984 1.64856 6.02496
6.55446 1.69351 6.02496
6.616 1.7117 6.02496
6.60435 1.69536 6.02496
6.56179 1.65465 6.02496
6.4705 1.59234 6.02496
6.48359 1.60033 6.02496
6.46127 1.58573 6.02496
6.47455 1.59987 6.02496
6.46823 1.59394 6.02496
6.48442 1.59803 6.02496
6.49481 1.60814 6.02496
6.46081 1.58569 6.02496
6.45426 1.58165 6.02496
6.42342 1.56474 6.02496
6.47099 1.59111 6.02496
6.50353 1.61205 6.02496
6.48598 1.60331 6.02496
6.48256 1.6027 6.02496
6.48108 1.59871 6.02496
6.49136 1.59358 6.02496
6.51852 1.60641 6.02496
6.53791 1.61599 6.02496
6.51146 1.60298 6.02496
6.52096 1.61039 6.02496
6.56101 1.63847 6.02496
6.55278 1.62731 6.02496
6.53031 1.60815 6.02496
6.59182 1.645 6.02496
6.58681 1.63231 6.02496
6.56757 1.6218 6.02496
6.58036 1.63681 6.02496
6.58014 1.63562 6.02496
6.61972 1.66859 6.02496
6.66671 1.69704 6.02496
6.59315 1.64713 6.02496
6.63081 1.678 6.02496
6.63358 1.68806 6.02496
6.59797 1.66446 6.02496
6.53355 1.60558 6.02496
6.51864 1.59986 6.02496
6.50393 1.59445 6.02496
6.50042 1.59272 6.02496
6.49182 1.58778 6.02496
6.49071 1.5853 6.02496
6.51602 1.59377 6.02496
6.50796 1.58909 6.02496
6.52232 1.59822 6.02496
6.58804 1.64332 6.02496
6.53952 1.61157 6.02496
6.52415 1.60288 6.02496
6.51057 1.60288 6.02496
6.56436 1.64536 6.02496
6.51451 1.61577 6.02496
6.49011 1.59341 6.02496
6.5667 1.65107 6.02496
6.50428 1.60605 6.02496
6.51047 1.61519 6.02496
6.46902 1.59503 6.02496
6.42886 1.57857 6.02496
6.47652 1.6117 6.02496
6.40379 1.56634 6.02496
6.42441 1.57437 6.02496
6.43252 1.57158 6.02496
6.42184 1.57182 6.02496
6.4339 1.57469 6.02496
6.48025 1.6019 6.02496
6.47886 1.59775 6.02496
6.43811 1.57573 6.02496
6.4476 1.58134 6.02496
6.45302 1.59268 6.02496
6.45213 1.59256 6.02496
6.46065 1.59618 6.02496
6.49147 1.61367 6.02496
6.51095 1.61644 6.02496
6.53162 1.62362 6.02496
6.5615 1.65073 6.02496
6.53059 1.62331 6.02496
6.55018 1.64598 6.02496
6.53421 1.63206 6.02496
6.56641 1.64924 6.02496
6.52556 1.61191 6.02496
6.55438 1.62859 6.02496
6.531 1.60606 6.02496
6.60225 1.64707 6.02496
6.62315 1.66944 6.02496
6.67228 1.7081 6.02496
6.69063 1.72489 6.02496
6.64754 1.6857 6.02496
6.65131 1.68464 6.02496
6.60195 1.63769 6.02496
6.57145 1.62454 6.02496
6.55584 1.61928 6.02496
6.53989 1.61005 6.02496
6.5636 1.62484 6.02496
6.57187 1.6386 6.02496
6.57928 1.63701 6.02496
6.56566 1.62475 6.02496
6.61431 1.6572 6.02496
6.6274 1.67568 6.02496
6.56476 1.62657 6.02496
6.56192 1.62731 6.02496
6.57474 1.63694 6.02496
6.61823 1.65722 6.02496
6.62037 1.66339 6.02496
6.59882 1.6471 6.02496
6.58317 1.63511 6.02496
6.63209 1.66863 6.02496
6.59438 1.64347 6.02496
6.6121 1.65406 6.02496
6.58958 1.64832 6.02496
6.5462 1.61666 6.02496
6.54213 1.61278 6.02496
6.56227 1.61812 6.02496
6.56952 1.62327 6.02496
6.57672 1.6261 6.02496
6.58815 1.63401 6.02496
6.61924 1.6563 6.02496
6.66878 1.68828 6.02496
6.6409 1.67868 6.02496
6.6373 1.6732 6.02496
6.63526 1.67549 6.02496
6.62349 1.67528 6.02496
6.60579 1.66512 6.02496
6.6039 1.66097 6.02496
6.60311 1.67377 6.02496
6.60307 1.6658 6.02496
6.58809 1.65785 6.02496
6.58157 1.65642 6.02496
6.55533 1.63921 6.02496
6.56947 1.6463 6.02496
6.56297 1.64708 6.02496
6.55546 1.64178 6.02496
6.51609 1.62737 6.02496
6.54178 1.64076 6.02496
6.52848 1.63641 6.02496
6.53946 1.65085 6.02496
6.53676 1.6471 6.02496
6.56027 1.65937 6.02496
6.48858 1.60631 6.02496
6.51052 1.6229 5.96951
6.49386 1.61561 5.96951
6.49786 1.61141 5.96951
6.47096 1.59915 5.96951
6.48557 1.60825 5.96951
6.52326 1.6364 5.96951
6.47208 1.59906 5.96951
6.50288 1.62915 5.96951
6.48955 1.61763 5.96951
6.49766 1.6209 5.96951
6.48588 1.61063 5.96951
6.47488 1.60153 5.96951
6.454 1.58856 5.96951
6.46379 1.59907 5.96951
6.46559 1.60175 5.96951
6.54576 1.66541 5.96951
6.53741 1.6446 5.96951
6.57153 1.66713 5.96951
6.5362 1.63603 5.96951
6.56024 1.66363 5.96951
6.57693 1.67968 5.96951
6.54644 1.65195 5.96951
6.54201 1.64913 5.96951
6.45542 1.60282 5.96951
6.53099 1.65917 5.96951
6.48545 1.62351 5.96951
6.4304 1.58871 5.96951
6.446 1.60114 5.96951
6.4626 1.61208 5.96951
6.42135 1.58404 5.96951
6.38144 1.55469 5.96951
6.3629 1.54191 5.96951
6.3385 1.53503 5.96951
6.33834 1.53886 5.96951
6.36898 1.55834 5.96951
6.46589 1.63621 5.96951
6.41839 1.60562 5.96951
6.39496 1.58734 5.96951
6.37524 1.5727 5.96951
6.37706 1.5838 5.96951
6.39924 1.61001 5.96951
6.41436 1.62656 5.96951
6.37619 1.58965 5.96951
6.36847 1.56771 5.96951
6.37702 1.58364 5.96951
6.38359 1.58881 5.96951
6.38984 1.60198 5.96951
6.33278 1.56788 5.96951
6.28096 1.53134 5.96951
6.27666 1.52789 5.96951
6.23528 1.50569 5.96951
6.24883 1.52487 5.96951
6.19026 1.48793 5.96951
6.14736 1.46319 5.96951
6.16492 1.47313 5.96951
6.15514 1.46947 5.96951
6.17344 1.47845 5.96951
6.16016 1.47215 5.96951
6.27486 1.55691 5.96951
6.18147 1.4886 5.96951
6.15732 1.47262 5.96951
6.16662 1.4763 5.96951
6.1457 1.46524 5.96951
6.17576 1.48289 5.96951
6.18067 1.48699 5.96951
6.19792 1.48933 5.96951
6.21833 1.49849 5.96951
6.16652 1.47389 5.96951
6.2137 1.50447 5.96951
6.37149 1.62841 5.96951
6.25221 1.53918 5.96951
6.24945 1.52532 5.96951
6.29 1.54507 5.96951
6.22435 1.51478 5.96951
6.14297 1.46553 5.96951
6.1424 1.46488 5.96951
6.14827 1.46942 5.96951
6.21025 1.50694 5.96951
6.20577 1.50663 5.96951
6.16867 1.48111 5.96951
6.23959 1.5302 5.96951
6.16988 1.48829 5.96951
6.24425 1.53466 5.96951
6.17097 1.48636 5.96951
6.15839 1.47826 5.85831
6.15058 1.47345 5.85831
6.15927 1.48059 5.85831
6.17137 1.48685 5.85831
6.12957 1.4628 5.85831
6.11895 1.45692 5.85831
6.1121 1.45396 5.85831
6.11359 1.4551 5.85831
6.11029 1.45237 5.85831
6.09852 1.44661 5.85831
6.09893 1.44739 5.85831
6.10912 1.45236 5.85831
6.14292 1.47177 5.85831
6.10426 1.45185 5.85831
6.11552 1.45649 5.85831
6.11282 1.45725 5.85831
6.11223 1.45671 5.85831
6.12717 1.46797 5.85831
6.12263 1.46702 5.85831
6.10313 1.45834 5.85831
6.11131 1.46242 5.85831
6.11868 1.4701 5.85831
6.14501 1.48334 5.85831
6.11944 1.46365 5.85831
6.08599 1.44726 5.85831
6.08879 1.44819 5.85831
6.08065 1.44402 5.85831
6.09305 1.45289 5.85831
6.08431 1.45082 5.85831
6.07908 1.44986 5.85831
6.11926 1.46459 5.79264
6.09423 1.44814 5.79264
6.09109 1.44485 5.79264
6.08187 1.44203 5.79264
6.08943 1.44379 5.79264
6.07768 1.43999 5.79264
6.09093 1.44408 5.79264
6.10291 1.44734 5.79264
6.08543 1.441 5.79264
6.08118 1.43865 5.79264
6.10656 1.45009 5.79264
6.11077 1.45175 5.79264
6.11476 1.45389 5.79264
6.10782 1.4492 5.79264
6.11315 1.45104 5.79264
6.13405 1.46318 5.79264
6.12708 1.45823 5.79264
6.1042 1.44793 5.79264
6.11341 1.45163 5.79264
6.11158 1.45035 5.79264
6.10722 1.44898 5.79264
6.10373 1.44776 5.79264
6.10431 1.44787 5.79264
6.11376 1.45261 5.79264
6.14931 1.47746 5.79264
6.1184 1.45779 5.79264
6.12324 1.46383 5.79264
6.13492 1.47181 5.79264
6.22943 1.53865 5.79264
6.12277 1.46023 5.79264
6.14327 1.47655 5.79264
6.13897 1.47358 5.79264
6.21939 1.52477 5.79264
6.15708 1.48717 5.79264
6.1219 1.45879 5.79264
6.15641 1.48307 5.79264
6.11678 1.45568 5.79264
6.11426 1.455 5.79264
6.11603 1.45319 5.79264
6.10939 1.45272 5.79264
6.14378 1.46829 5.79264
6.15812 1.47692 5.79264
6.15303 1.4736 5.79264
6.1821 1.48705 5.79264
6.17805 1.48202 5.79264
6.18668 1.48786 5.79264
6.20411 1.50635 5.79264
6.16805 1.48181 5.79264
6.16994 1.48742 5.79264
6.14402 1.47032 5.79264
6.10666 1.45009 5.79264
6.10421 1.44864 5.79264
6.12585 1.46796 5.79264
6.19024 1.51297 5.79264
6.19163 1.51253 5.79264
6.16298 1.50004 5.79264
6.19551 1.50922 5.79264
6.16547 1.50341 5.79264
6.19482 1.52648 5.79264
6.12516 1.48297 5.79264
6.12012 1.49067 5.79264
6.11252 1.48508 5.79264
6.10542 1.48308 5.79264
6.1203 1.48941 5.79264
6.13887 1.50554 5.79264
6.1168 1.47945 5.79264
6.12367 1.48314 5.79264
6.12573 1.48426 5.79264
6.13287 1.48054 5.79264
6.12436 1.47062 5.79264
6.13432 1.48699 5.79264
6.1139 1.47808 5.79264
6.1647 1.5061 5.79264
6.14261 1.49764 5.79264
6.15856 1.505 5.79264
6.13674 1.4904 5.79264
6.13747 1.48116 5.79264
6.15449 1.49536 5.79264
6.13823 1.48565 5.79264
6.11561 1.47589 5.79264
6.10991 1.48069 5.79264
6.13231 1.49559 5.79264
6.16352 1.50778 5.79264
6.15552 1.50571 5.79264
6.1598 1.51265 5.79264
6.22424 1.54722 5.79264
6.19103 1.51837 5.79264
6.19774 1.52283 5.79264
6.21648 1.54946 5.79264
6.20335 1.53162 5.79264
6.18639 1.51436 5.79264
6.21262 1.52333 5.79264
6.21759 1.5184 5.79264
6.2126 1.52327 5.79264
6.18993 1.51811 5.79264
6.19941 1.53837 5.79264
6.19635 1.54386 5.79264
6.16881 1.53559 5.79264
6.13536 1.52528 5.79264
6.18596 1.54895 5.79264
6.17476 1.53702 5.79264
6.17767 1.54589 5.79264
6.19434 1.55897 5.79264
6.2065 1.56418 5.79264
6.28102 1.61499 5.79264
6.24796 1.59911 5.79264
6.22023 1.57398 5.79264
6.1845 1.55147 5.79264
6.13299 1.52821 5.79264
6.16174 1.54614 5.79264
6.09975 1.51203 5.70547
6.09321 1.50893 5.70547
6.12143 1.52207 5.70547
6.13404 1.52507 5.70547
6.08992 1.50272 5.70547
6.09692 1.50475 5.70547
6.09472 1.50778 5.70547
6.14011 1.54735 5.70547
6.09616 1.51338 5.70547
6.16578 1.56223 5.70547
6.12202 1.52723 5.70547
6.11626 1.52903 5.70547
6.10018 1.51795 5.70547
6.11659 1.53107 5.70547
6.13238 1.54325 5.70547
6.10105 1.52592 5.70547
6.14428 1.54922 5.70547
6.15287 1.55833 5.70547
6.15783 1.55685 5.70547
6.13052 1.54349 5.70547
6.12753 1.54124 5.70547
6.11611 1.53267 5.70547
6.11536 1.52803 5.70547
6.10808 1.52829 5.70547
6.11557 1.54221 5.70547
6.13966 1.54918 5.70547
6.1029 1.53254 5.70547
6.09059 1.52665 5.70547
6.06774 1.52598 5.70547
6.05475 1.52219 5.70547
6.01049 1.50502 5.70547
6.04086 1.50947 5.70547
6.03382 1.50138 5.70547
6.04852 1.51083 5.70547
6.04866 1.51406 5.70547
6.06755 1.53548 5.70547
6.03503 1.5072 5.70547
6.00119 1.4902 5.70547
6.02258 1.50851 5.70547
6.0012 1.50389 5.70547
5.99902 1.49824 5.70547
6.01541 1.50068 5.70547
5.99096 1.49007 5.70547
6.02517 1.51239 5.70547
6.04366 1.52213 5.70547
6.03265 1.51171 5.681
6.06605 1.52573 5.681
6.07812 1.53454 5.681
6.09983 1.54016 5.681
6.12714 1.5548 5.681
6.13346 1.55193 5.681
6.12049 1.55318 5.681
6.11473 1.55382 5.681
6.12195 1.56839 5.681
6.09484 1.54628 5.681
6.09443 1.55307 5.681
6.0701 1.53287 5.681
6.11951 1.56136 5.681
6.13116 1.57349 5.681
6.18343 1.58755 5.681
6.24055 1.62167 5.681
6.30703 1.68839 5.681
6.2391 1.6436 5.681
6.27717 1.65724 5.681
6.31742 1.67249 5.681
6.35516 1.69268 5.681
6.31957 1.66447 5.681
6.34414 1.67719 5.681
6.31145 1.64121 5.681
6.30201 1.64247 5.681
6.31278 1.64715 5.681
6.34469 1.67659 5.681
6.33787 1.66472 5.681
6.29369 1.62004 5.681
6.31433 1.64204 5.681
6.34121 1.65847 5.681
6.34352 1.64957 5.681
6.33741 1.63048 5.681
6.30065 1.59303 5.681
6.29922 1.59503 5.681
6.28256 1.58799 5.681
6.20695 1.54278 5.681
6.14436 1.47405 5.681
6.12911 1.46287 5.681
6.15053 1.47038 5.681
6.13485 1.4614 5.681
6.16063 1.47604 5.681
6.18736 1.49289 5.681
6.20149 1.50678 5.681
6.1644 1.48286 5.681
6.20962 1.5047 5.681
6.20914 1.49479 5.681
6.17379 1.4699 5.681
6.22629 1.50373 5.681
6.25672 1.52405 5.681
6.22548 1.50118 5.681
6.18921 1.48024 5.681
6.182 1.47859 5.681
6.1984 1.48901 5.681
6.14263 1.46096 5.681
6.1015 1.43559 5.681
6.19589 1.49229 5.681
6.1663 1.47878 5.681
6.20312 1.50336 5.681
6.26067 1.53995 5.681
6.27977 1.54446 5.681
6.20794 1.50797 5.681
6.17974 1.49038 5.681
6.17159 1.48213 5.681
6.19216 1.49229 5.681
6.20202 1.49949 5.681
6.25967 1.52688 5.681
6.24324 1.528 5.681
6.20898 1.50078 5.681
6.2045 1.50119 5.681
6.17275 1.48859 5.681
6.19154 1.51138 5.681
6.07564 1.44685 5.681
6.01404 1.42338 5.681
5.98886 1.41113 5.681
5.98067 1.41342 5.681
5.86106 1.3566 5.681
5.81949 1.3343 5.681
5.85314 1.37016 5.681
5.7755 1.32593 5.681
5.76001 1.31098 5.681
5.75301 1.30664 5.681
5.7582 1.30917 5.681
5.79911 1.33078 5.54675
5.75912 1.3081 5.54675
5.74892 1.30457 5.54675
5.74103 1.30133 5.54675
5.7532 1.30683 5.54675
5.75043 1.30507 5.54675
5.73839 1.30086 5.54675
5.74977 1.30604 5.54675
5.76571 1.31326 5.54675
5.77312 1.31816 5.54675
5.76884 1.31692 5.54675
5.79189 1.32784 5.54675
5.81411 1.33799 5.54675
5.80124 1.32988 5.54675
5.8195 1.33924 5.54675
5.81295 1.33431 5.54675
5.80693 1.33059 5.54675
5.8303 1.3426 5.54675
5.82624 1.33974 5.54675
5.82731 1.34104 5.54675
5.81806 1.33748 5.54675
5.82712 1.34252 5.54675
5.84434 1.3519 5.54675
5.79022 1.32611 5.54675
5.76574 1.31496 5.54675
5.78721 1.32433 5.54675
5.76202 1.31276 5.54675
5.7772 1.3193 5.54675
5.7977 1.32931 5.54675
5.81444 1.33991 5.54675
5.82421 1.3476 5.54675
5.84272 1.35922 5.54675
5.83153 1.35432 5.54675
5.78216 1.32571 5.54675
5.76325 1.30999 5.54675
5.80629 1.33476 5.54675
5.79934 1.32703 5.54675
5.79696 1.32482 5.54675
5.81075 1.3305 5.54675
5.82367 1.33833 5.54675
5.80244 1.32878 5.54675
5.86301 1.3642 5.54675
5.89677 1.38766 5.54675
5.82388 1.3377 5.54675
5.83702 1.34346 5.54675
5.8094 1.3327 5.54675
5.77213 1.318 5.54675
5.77706 1.32056 5.54675
5.78514 1.32556 5.54675
5.7837 1.32467 5.54675
5.78644 1.32658 5.54675
5.7873 1.32657 5.54675
5.77833 1.32184 5.54675
5.7821 1.32318 5.54675
5.7915 1.32762 5.54675
5.79474 1.32885 5.54675
5.79686 1.32923 5.54675
5.76369 1.31098 5.54675
5.74723 1.30371 5.52681
5.75176 1.3063 5.52681
5.74922 1.30482 5.52681
5.74286 1.30158 5.52681
5.72684 1.29391 5.52681
5.71524 1.28917 5.49459
5.71243 1.28414 5.49459
5.74818 1.29866 5.49459
5.72027 1.28231 5.49459
5.71476 1.27869 5.49459
5.75551 1.29919 5.49459
5.9131 1.40723 5.49459
5.80002 1.32332 5.49459
5.75116 1.29777 5.49459
5.76243 1.3044 5.49459
5.77433 1.31035 5.49459
5.77762 1.31184 5.49459
5.76115 1.30321 5.49459
5.72219 1.28516 5.49459
5.68983 1.269 5.49459
5.6703 1.25825 5.49459
5.66165 1.25448 5.49459
5.67044 1.2602 5.49459
5.69829 1.27254 5.49459
5.67963 1.26247 5.49459
5.68643 1.26718 5.49459
5.71509 1.2798 5.49459
5.69894 1.27213 5.49459
5.66861 1.25755 5.49459
5.66433 1.25614 5.49459
5.65297 1.2481 5.49459
5.6452 1.24432 5.49459
5.64904 1.24648 5.49459
5.65608 1.25078 5.49459
5.66905 1.2584 5.49459
5.67194 1.25974 5.49459
5.66055 1.25458 5.49459
5.71504 1.28654 5.49459
5.63782 1.24436 5.49459
5.63275 1.24396 5.49459
5.62336 1.24071 5.49459
5.63979 1.24788 5.49459
5.63443 1.24852 5.49459
5.61887 1.23816 5.49459
5.63006 1.24338 5.49459
5.6178 1.233 5.49459
5.62983 1.24499 5.49459
5.61753 1.23278 5.49459
5.64441 1.24804 5.49459
5.64008 1.24606 5.49459
5.61196 1.23163 5.49459
5.62592 1.23639 5.49459
5.62106 1.23302 5.49459
5.61652 1.23026 5.49459
5.62031 1.23193 5.49459
5.61561 1.2314 5.49459
5.61427 1.23255 5.49459
5.63139 1.23966 5.49459
5.63314 1.23988 5.49459
5.62905 1.23926 5.49459
5.62362 1.23512 5.49459
5.6257 1.23533 5.49459
5.6207 1.23522 5.49459
5.61147 1.2319 5.49459
5.62242 1.239 5.49459
5.61488 1.23597 5.48626
5.61976 1.23942 5.48626
5.62905 1.24092 5.48626
5.63967 1.25098 5.48626
5.63814 1.24947 5.48626
5.64368 1.25557 5.48626
5.64415 1.25769 5.48626
5.64896 1.253 5.48626
5.64734 1.24802 5.48626
5.63496 1.23865 5.48626
5.64118 1.23939 5.48626
5.65717 1.24996 5.48626
5.67464 1.25876 5.48626
5.68472 1.26589 5.48626
5.69501 1.27006 5.48626
5.72486 1.28534 5.48626
5.68309 1.26576 5.48626
5.66935 1.25904 5.48626
5.67033 1.25675 5.48626
5.67424 1.2627 5.48626
5.65787 1.25539 5.48626
5.64721 1.24608 5.48626
5.64682 1.24896 5.48626
5.62623 1.24027 5.48626
5.61154 1.2346 5.48626
5.61806 1.23787 5.48626
5.61362 1.23732 5.42893
5.64008 1.25102 5.42893
5.59838 1.22729 5.42893
5.61765 1.23458 5.42893
5.61243 1.23276 5.42893
5.61461 1.23339 5.42893
5.61308 1.23218 5.42893
5.60213 1.2286 5.42893
5.62583 1.24174 5.42893
5.61807 1.23691 5.42893
5.61376 1.23317 5.42893
5.63299 1.24199 5.42893
5.6377 1.2425 5.42893
5.63902 1.24489 5.42893
5.63964 1.24532 5.42893
5.62872 1.24115 5.42893
5.62537 1.23892 5.42893
5.61234 1.23555 5.42893
5.61381 1.23683 5.42893
5.60184 1.23165 5.42893
5.61411 1.23815 5.42893
5.62901 1.24131 5.42893
5.64242 1.24745 5.42893
5.60594 1.23552 5.42893
5.60882 1.238 5.42893
5.62341 1.24866 5.42893
5.62373 1.25072 5.42893
5.59765 1.23491 5.42893
5.61206 1.23795 5.42893
5.58969 1.23061 5.42893
5.6459 1.26063 5.42893
5.61931 1.25041 5.42893
5.57037 1.22881 5.42893
5.56331 1.22164 5.42893
5.57891 1.2308 5.42893
5.58327 1.23449 5.42893
5.57223 1.23198 5.42893
5.55633 1.22167 5.42893
5.56171 1.22845 5.42893
5.5731 1.23196 5.42893
5.5892 1.23668 5.42893
5.58382 1.23386 5.42893
5.59013 1.23259 5.42893
5.60534 1.23853 5.42893
5.62365 1.24864 5.42893
5.65046 1.25878 5.42893
5.63678 1.25358 5.42893
5.59944 1.23476 5.42893
5.6192 1.24408 5.42893
5.5941 1.23158 5.42893
5.57628 1.2246 5.42893
5.57197 1.22441 5.42893
5.57611 1.2278 5.42893
5.57957 1.23041 5.42893
5.59911 1.23631 5.42893
5.58303 1.22966 5.42893
5.59704 1.23412 5.42893
5.60782 1.23909 5.42893
5.60749 1.24236 5.42893
5.62134 1.25335 5.42893
5.57877 1.22751 5.42893
5.56824 1.22448 5.42893
5.5577 1.22051 5.42893
5.55095 1.21658 5.42893
5.55315 1.21918 5.42893
5.56576 1.2239 5.42893
5.55768 1.22317 5.42893
5.55896 1.22569 5.42893
5.56553 1.22819 5.42893
5.57465 1.23385 5.42893
5.58212 1.23788 5.42893
5.58513 1.23918 5.42893
5.5671 1.23098 5.42893
5.56738 1.23169 5.42893
5.59139 1.24614 5.42893
5.56721 1.23046 5.42893
5.56677 1.22827 5.42893
5.57445 1.23167 5.42893
5.56368 1.22712 5.42893
5.58995 1.23756 5.42893
5.59604 1.24015 5.42893
5.60732 1.24833 5.42893
5.59057 1.23634 5.42893
5.6427 1.26638 5.42893
5.64707 1.26996 5.42893
5.55866 1.22513 5.42893
5.58166 1.2365 5.42893
5.57634 1.23363 5.42893
5.57324 1.23204 5.42893
5.61675 1.25232 5.42893
5.60507 1.25107 5.42893
5.58065 1.23889 5.42893
5.52758 1.21636 5.42893
5.52581 1.21331 5.42893
5.50019 1.20474 5.42893
5.49594 1.20291 5.42893
5.48925 1.20183 5.42893
5.5027 1.20555 5.42893
5.49211 1.20279 5.41272
5.48646 1.2015 5.41272
5.49707 1.20539 5.41272
5.51226 1.21283 5.41272
5.48779 1.20254 5.41272
5.47369 1.19868 5.41272
5.48934 1.20397 5.41272
5.4927 1.20476 5.41272
5.48839 1.20214 5.41272
5.49485 1.20349 5.41272
5.49205 1.20427 5.41272
5.49536 1.20755 5.41272
5.47743 1.19938 5.41272
5.48691 1.20168 5.41272
5.48868 1.20265 5.41272
5.48763 1.20273 5.41272
5.48159 1.20011 5.41272
5.48408 1.20047 5.41272
5.48487 1.20061 5.41272
5.48624 1.20161 5.41272
5.48181 1.20025 5.41272
5.47992 1.19992 5.41272
5.48036 1.20035 5.41272
5.49352 1.20592 5.41272
5.52419 1.22 5.41272
5.49953 1.20888 5.41272
5.47728 1.19922 5.41272
5.47711 1.19937 5.41272
5.48991 1.20369 5.41272
5.48182 1.20002 5.41272
5.48625 1.20138 5.41272
5.5012 1.2077 5.41272
5.50095 1.20849 5.41272
5.49006 1.20251 5.41272
5.4889 1.20194 5.41272
5.50732 1.20812 5.41272
5.49741 1.20342 5.41272
5.49472 1.20233 5.41272
5.49239 1.20185 5.41272
5.49432 1.20216 5.41272
5.50307 1.20911 5.41272
5.50112 1.2073 5.41272
5.52986 1.22593 5.41272
5.49839 1.20297 5.41272
5.50748 1.20736 5.41272
5.50645 1.20483 5.41272
5.50927 1.20576 5.41272
5.51152 1.20692 5.41272
5.55209 1.23159 5.41272
5.53312 1.21995 5.41272
5.52495 1.21545 5.41272
5.50707 1.20545 5.41272
5.49923 1.20321 5.41272
5.50598 1.20474 5.41272
5.50299 1.20397 5.41272
5.51111 1.20602 5.41272
5.51253 1.20653 5.41272
5.56594 1.23253 5.41272
5.53057 1.21278 5.41272
5.52683 1.21166 5.41272
5.54644 1.22217 5.41272
5.5205 1.20973 5.41272
5.52376 1.21126 5.41272
5.52782 1.21238 5.41272
5.53578 1.2159 5.41272
5.54381 1.21916 5.41272
5.58078 1.23752 5.41272
5.53907 1.21757 5.41272
5.54408 1.21986 5.41272
5.54084 1.21879 5.41272
5.53807 1.21692 5.41272
5.54298 1.2194 5.41272
5.56625 1.23219 5.41272
5.55522 1.22252 5.41272
5.55276 1.22204 5.41272
5.55581 1.22458 5.41272
5.53763 1.21647 5.41272
5.53969 1.21806 5.41272
5.53247 1.21447 5.41272
5.55379 1.22641 5.41272
5.56654 1.23603 5.41272
5.5502 1.22867 5.41272
5.53122 1.21843 5.41272
5.58681 1.24808 5.41272
5.59056 1.25041 5.41272
5.51827 1.21107 5.41272
5.50816 1.20679 5.41272
5.5142 1.20914 5.41272
5.53932 1.22141 5.41272
5.53389 1.21848 5.41272
5.52942 1.21545 5.41272
5.52878 1.21508 5.41272
5.53086 1.21699 5.41272
5.51569 1.21114 5.41272
5.51676 1.21077 5.41272
5.51197 1.20929 5.41272
5.49613 1.20247 5.41272
5.4901 1.20143 5.41272
5.49355 1.20315 5.41272
5.49838 1.20606 5.41272
5.49157 1.20322 5.41272
5.50896 1.21051 5.41272
5.51667 1.21288 5.41272
5.5128 1.21097 5.41272
5.49701 1.20419 5.41272
5.50322 1.20566 5.41272
5.49627 1.20411 5.40582
5.50737 1.20905 5.40582
5.49463 1.20308 5.40582
5.5157 1.21039 5.40582
5.50526 1.20605 5.40582
5.49749 1.20432 5.40582
5.52281 1.21797 5.40582
5.52637 1.22166 5.40582
5.5048 1.21114 5.40582
5.49094 1.20409 5.40582
5.48629 1.20202 5.40582
5.48832 1.20255 5.40582
5.491 1.20343 5.40582
5.4898 1.20251 5.40582
5.48424 1.20023 5.40582
5.48494 1.20019 5.40582
5.48379 1.20003 5.40582
5.48142 1.19982 5.40582
5.47961 1.19941 5.40582
5.48206 1.19988 5.40582
5.48369 1.20013 5.40582
5.49456 1.20434 5.40582
5.48686 1.20127 5.40582
5.48895 1.20243 5.40582
5.50052 1.20719 5.40582
5.4984 1.20601 5.40582
5.49789 1.20598 5.40582
5.52649 1.22058 5.40582
5.49569 1.20549 5.40582
5.4972 1.20671 5.40582
5.54915 1.23474 5.40582
5.5242 1.22017 5.40582
5.52712 1.21959 5.40582
5.50182 1.20804 5.40582
5.50043 1.20728 5.40582
5.52683 1.21919 5.40582
5.54381 1.22748 5.40582
5.50889 1.21146 5.40582
5.52378 1.21709 5.40582
5.52161 1.21611 5.40582
5.52064 1.21547 5.40582
5.52277 1.21608 5.40582
5.52469 1.21672 5.40582
5.52253 1.216 5.40582
5.52791 1.218 5.40582
5.53262 1.22041 5.40582
5.54777 1.2281 5.40582
5.53581 1.22099 5.40582
5.55361 1.22995 5.40582
5.55599 1.23114 5.40582
5.55003 1.22695 5.40582
5.55942 1.23214 5.40582
5.53793 1.22286 5.40582
5.58911 1.24677 5.40582
5.61759 1.25896 5.40582
5.58514 1.24734 5.40582
5.58048 1.24437 5.40582
5.55837 1.23237 5.40582
5.55963 1.2329 5.40582
5.55843 1.23268 5.40582
5.54265 1.22644 5.40582
5.55446 1.23116 5.40582
5.56479 1.2341 5.40582
5.56996 1.23661 5.40582
5.57436 1.23813 5.40582
5.58107 1.23854 5.40582
5.57777 1.23803 5.40582
5.59351 1.24562 5.40582
5.58059 1.24031 5.40582
5.58774 1.24242 5.40582
5.59776 1.24777 5.40582
5.59262 1.24412 5.40582
5.60799 1.25211 5.40582
5.59916 1.24704 5.40582
5.59735 1.24596 5.40582
5.58749 1.24257 5.40582
5.59665 1.24468 5.40582
5.60891 1.25273 5.40582
5.59557 1.243 5.40582
5.5963 1.24333 5.40582
5.62473 1.25839 5.40582
5.71553 1.30356 5.40582
5.62873 1.2557 5.40582
5.6221 1.25231 5.40582
5.61534 1.24893 5.40582
5.62203 1.25044 5.40582
5.6264 1.25193 5.40582
5.62248 1.25087 5.40582
5.62577 1.26007 5.40582
5.62369 1.25803 5.40582
5.61128 1.25554 5.40582
5.6212 1.26157 5.40582
5.6135 1.25776 5.40582
5.60197 1.25337 5.40582
5.62495 1.2669 5.40582
5.63751 1.26903 5.40582
5.63353 1.26807 5.40582
5.63012 1.26021 5.40582
5.63306 1.2652 5.40582
5.6165 1.25438 5.40582
5.60211 1.2515 5.40582
5.60271 1.25316 5.40582
5.61377 1.25961 5.40582
5.6022 1.25579 5.40582
5.58429 1.24555 5.40582
5.6033 1.25304 5.40582
5.63034 1.26921 5.40582
5.62375 1.26692 5.40582
5.62955 1.27104 5.40582
5.62996 1.27166 5.40582
5.61554 1.26517 5.40582
5.65003 1.284 5.40582
5.64535 1.28225 5.40582
5.6152 1.26261 5.40582
5.61447 1.26161 5.40582
5.62032 1.26681 5.40582
5.6158 1.26139 5.40582
5.616 1.25807 5.40582
5.62845 1.2627 5.40582
5.62916 1.2601 5.40582
5.63717 1.26651 5.40582
5.64649 1.27225 5.40582
5.64624 1.27315 5.40582
5.65602 1.26789 5.40582
5.65456 1.26619 5.40582
5.66922 1.27304 5.40582
5.67765 1.27645 5.40582
5.68583 1.27879 5.40582
5.69373 1.27978 5.40582
5.65786 1.25803 5.40582
5.66384 1.25997 5.40582
5.66521 1.26379 5.40582
5.6608 1.26272 5.40582
5.67684 1.27122 5.40582
5.65562 1.26071 5.40582
5.64909 1.25686 5.40582
5.65169 1.25792 5.40582
5.66261 1.26476 5.40582
5.65997 1.26271 5.40582
5.65065 1.26081 5.40582
5.64282 1.25509 5.40582
5.65373 1.26089 5.40582
5.64457 1.25709 5.40582
5.65382 1.26176 5.40582
5.64865 1.25998 5.40582
5.64297 1.25749 5.40582
5.64043 1.25973 5.40582
5.65996 1.26508 5.40582
5.6508 1.26072 5.40582
5.62512 1.2493 5.40582
5.61756 1.24744 5.40582
5.62158 1.24665 5.40582
5.62456 1.2474 5.40582
5.62916 1.25189 5.40582
5.62944 1.25375 5.40582
5.62628 1.25102 5.40582
5.61988 1.24538 5.40582
5.62288 1.24999 5.40582
5.63423 1.25753 5.40582
5.60894 1.243 5.40582
5.60785 1.24161 5.40582
5.61669 1.24445 5.40582
5.63873 1.25388 5.40582
5.64362 1.25475 5.40582
5.63815 1.25199 5.40582
5.62943 1.24824 5.40582
5.66495 1.26607 5.40582
5.63104 1.25157 5.40582
5.60143 1.2403 5.40582
5.60283 1.24241 5.40582
5.61072 1.24582 5.40582
5.58654 1.23753 5.40582
5.60017 1.24553 5.40582
5.59384 1.24094 5.40582
5.59625 1.24292 5.40582
5.59759 1.245 5.40582
5.58376 1.23735 5.40582
5.59679 1.24525 5.40582
5.60059 1.24386 5.40582
5.60372 1.24813 5.40582
5.5943 1.2448 5.40582
5.58497 1.23756 5.40582
5.60034 1.23988 5.40582
5.6076 1.24259 5.40582
5.60461 1.24139 5.40582
5.60957 1.24763 5.40582
5.5819 1.2345 5.40582
5.58942 1.2387 5.40582
5.59658 1.23987 5.40582
5.59642 1.24043 5.40582
5.59673 1.2431 5.40582
5.58837 1.24081 5.40582
5.56843 1.23281 5.40582
5.56208 1.23304 5.40582
5.57726 1.2389 5.40582
5.56621 1.23312 5.40582
5.56206 1.22926 5.40582
5.57312 1.23598 5.40582
5.56284 1.22848 5.40582
5.57451 1.23562 5.40582
5.59268 1.24653 5.40582
5.58321 1.23777 5.40582
5.58364 1.24162 5.40582
5.56944 1.23589 5.40582
5.55602 1.22792 5.40582
5.56491 1.23074 5.40582
5.60136 1.24917 5.40582
5.58587 1.24359 5.40582
5.59054 1.24386 5.40582
5.57511 1.23874 5.40582
5.52475 1.21804 5.40582
5.50238 1.21052 5.40582
5.49753 1.20826 5.40582
5.49545 1.20634 5.40582
5.49621 1.20663 5.40582
5.50576 1.21035 5.40582
5.49946 1.20773 5.40582
5.50557 1.21105 5.40582
5.49272 1.20712 5.40582
5.50311 1.2107 5.40582
5.52918 1.21825 5.40582
5.54897 1.22347 5.40582
5.54478 1.22233 5.40582
5.56016 1.23022 5.40582
5.52796 1.21611 5.40582
5.52282 1.21478 5.40582
5.50578 1.20971 5.40582
5.50869 1.21055 5.40582
5.50143 1.20846 5.40582
5.52111 1.21608 5.40582
5.51106 1.21092 5.40582
5.52796 1.21651 5.40582
5.58052 1.239 5.40582
5.55164 1.22416 5.40582
5.53681 1.21841 5.40582
5.542 1.22016 5.40582
5.54603 1.22123 5.40582
5.52838 1.21539 5.40582
5.53576 1.22025 5.40582
5.5081 1.20802 5.40582
5.50283 1.20482 5.40582
5.5276 1.21343 5.40582
5.51769 1.20953 5.40582
5.50323 1.2052 5.40582
5.51244 1.2084 5.40582
5.51419 1.209 5.40582
5.5185 1.20904 5.40582
5.52618 1.21307 5.40582
5.54682 1.22004 5.40582
5.56414 1.22699 5.40582
5.56162 1.22826 5.40582
5.56839 1.23222 5.40582
5.559 1.2253 5.40582
5.56007 1.22415 5.40582
5.56261 1.22543 5.40582
5.54631 1.22014 5.40582
5.55061 1.22114 5.40582
5.54439 1.21746 5.40582
5.61623 1.254 5.40582
5.58463 1.23753 5.40582
5.56574 1.22697 5.40582
5.57201 1.2286 5.40582
5.6172 1.25223 5.40582
5.60095 1.2424 5.40582
5.59191 1.23473 5.40582
5.6067 1.24287 5.40582
5.58785 1.23486 5.40582
5.59901 1.23874 5.40582
5.58627 1.23432 5.40582
5.58542 1.23288 5.40582
5.5947 1.23741 5.40582
5.59399 1.2374 5.40582
5.60235 1.24214 5.40582
5.62502 1.25382 5.40582
5.64606 1.26329 5.40582
5.63976 1.26172 5.40582
5.64438 1.26209 5.40582
5.69825 1.29385 5.40582
5.62361 1.2525 5.40582
5.60498 1.24706 5.40582
5.62515 1.25741 5.40582
5.5983 1.24607 5.40582
5.63629 1.2632 5.40582
5.61726 1.25554 5.40582
5.66244 1.27646 5.40582
5.61856 1.25032 5.40582
5.60316 1.24061 5.40582
5.59522 1.23886 5.40582
5.59439 1.23865 5.40582
5.61192 1.24773 5.40582
5.60388 1.24339 5.40582
5.58949 1.23568 5.40582
5.59172 1.23549 5.40582
5.59017 1.23603 5.40582
5.58077 1.23081 5.40582
5.5814 1.22967 5.40582
5.58175 1.2315 5.40582
5.58684 1.23516 5.40582
5.59352 1.23834 5.40582
5.60369 1.24109 5.40582
5.62523 1.24731 5.40582
5.66229 1.266 5.40582
5.62073 1.24366 5.40582
5.61833 1.24199 5.40582
5.62635 1.24387 5.40582
5.61683 1.23959 5.40582
5.62756 1.24342 5.40582
5.63823 1.24929 5.40582
5.63688 1.24841 5.40582
5.63311 1.24764 5.40582
5.64533 1.25163 5.40582
5.6492 1.25171 5.40582
5.65626 1.25528 5.40582
5.65587 1.25449 5.40582
5.65339 1.25362 5.40582
5.64876 1.25215 5.40582
5.65106 1.25271 5.40582
5.65046 1.25141 5.40582
5.65355 1.25322 5.40582
5.68252 1.26595 5.40582
5.70208 1.27513 5.40582
5.6549 1.25443 5.40582
5.65577 1.25525 5.40582
5.66781 1.26019 5.40582
5.71085 1.28116 5.40582
5.68578 1.27106 5.40582
5.69271 1.27544 5.40582
5.7075 1.28218 5.40582
5.67336 1.26777 5.40582
5.67554 1.27079 5.40582
5.69655 1.28244 5.40582
5.69302 1.28239 5.40582
5.66828 1.27051 5.40582
5.67114 1.27475 5.40582
5.66699 1.26918 5.40582
5.66505 1.2726 5.40582
5.67815 1.27957 5.40582
5.70185 1.28796 5.40582
5.6919 1.28289 5.40582
5.71255 1.29417 5.40582
5.6997 1.28668 5.40582
5.66138 1.27046 5.40582
5.65413 1.26784 5.40582
5.6772 1.27791 5.40582
5.66178 1.27279 5.40582
5.65726 1.27139 5.40582
5.65384 1.2689 5.40582
5.66504 1.2724 5.40582
5.65866 1.26861 5.40582
5.66248 1.27035 5.40582
5.64686 1.26628 5.40582
5.64716 1.26466 5.40582
5.65482 1.27047 5.40582
5.64816 1.26475 5.40582
5.63194 1.26045 5.40582
5.63271 1.26204 5.40582
5.61979 1.25482 5.40582
5.63881 1.2638 5.40582
5.62023 1.25248 5.40582
5.6366 1.26228 5.40582
5.64113 1.26815 5.40582
5.62725 1.26204 5.40582
5.61804 1.25829 5.40582
5.63525 1.26536 5.40582
5.68921 1.29277 5.40582
5.70637 1.29876 5.40582
5.62921 1.26474 5.40582
5.67806 1.28427 5.40582
5.68268 1.28583 5.40582
5.68354 1.29161 5.40582
5.68214 1.29204 5.40582
5.71428 1.31756 5.40582
5.65199 1.27297 5.40582
5.64335 1.27255 5.40582
5.63155 1.27005 5.40582
5.628 1.26757 5.40582
5.6586 1.28351 5.40582
5.64877 1.27898 5.40582
5.62591 1.26633 5.40582
5.61666 1.26139 5.40582
5.61405 1.25865 5.40582
5.63233 1.269 5.40582
5.61148 1.25762 5.40582
5.61327 1.25974 5.40582
5.61146 1.26081 5.40582
5.62132 1.26569 5.40582
5.63917 1.27601 5.40582
5.63945 1.27814 5.40582
5.64194 1.27881 5.40582
5.63016 1.27027 5.40582
5.63054 1.26935 5.40582
5.63855 1.27311 5.40582
5.62517 1.26752 5.40582
5.6217 1.26641 5.40582
5.61023 1.26105 5.40582
5.6503 1.28069 5.40582
5.61939 1.26238 5.40582
5.61363 1.2575 5.40582
5.62574 1.26292 5.40582
5.62607 1.26343 5.40582
5.642 1.27017 5.40582
5.60353 1.25049 5.40582
5.6133 1.25113 5.40582
5.59635 1.24159 5.40582
5.6357 1.26286 5.40582
5.61304 1.25016 5.40582
5.5941 1.23966 5.40582
5.59032 1.23929 5.40582
5.59284 1.24027 5.40582
5.59655 1.24162 5.40582
5.60094 1.24385 5.40582
5.60454 1.24721 5.40582
5.60296 1.24439 5.40582
5.61057 1.24674 5.40582
5.62551 1.25137 5.40582
5.66145 1.27621 5.40582
5.63486 1.26074 5.40582
5.62314 1.25084 5.40582
5.60421 1.24169 5.40582
5.62413 1.2523 5.40582
5.60205 1.24401 5.40582
5.59963 1.24116 5.40582
5.60871 1.24508 5.40582
5.61803 1.248 5.40582
5.61751 1.2453 5.40582
5.6301 1.25212 5.40582
5.64813 1.2644 5.40582
5.64699 1.26076 5.40582
5.64865 1.26003 5.40582
5.62595 1.25065 5.40582
5.64689 1.25869 5.40582
5.64937 1.26138 5.40582
5.63346 1.25127 5.40582
5.62956 1.24839 5.40582
5.62589 1.24439 5.40582
5.62118 1.24162 5.40582
5.63 1.24561 5.40582
5.64212 1.2521 5.40582
5.6298 1.24551 5.40582
5.63534 1.24764 5.40582
5.62999 1.24523 5.40582
5.63445 1.24808 5.40582
5.61109 1.2371 5.40582
5.61245 1.23752 5.40582
5.61819 1.24177 5.40582
5.59686 1.22955 5.40582
5.59604 1.2294 5.40582
5.59095 1.22849 5.40582
5.59131 1.22883 5.40582
5.58828 1.22851 5.40582
5.58424 1.2275 5.40582
5.5856 1.22935 5.40582
5.58557 1.22927 5.40582
5.57896 1.22669 5.40582
5.58472 1.22832 5.40582
5.57705 1.22598 5.40582
5.57802 1.22514 5.40582
5.5751 1.22339 5.40582
5.59031 1.22822 5.40582
5.58035 1.22489 5.40582
5.57319 1.22366 5.40582
5.57233 1.22313 5.40582
5.57344 1.22373 5.40582
5.5838 1.22649 5.40582
5.5728 1.22335 5.40582
5.57419 1.22363 5.40582
5.58106 1.22523 5.40582
5.58797 1.22696 5.40582
5.5923 1.23081 5.40582
5.6232 1.24583 5.40582
5.5801 1.22465 5.40582
5.58322 1.22627 5.40582
5.58324 1.22695 5.40582
5.58182 1.22653 5.40582
5.59207 1.22884 5.40582
5.60251 1.23178 5.40582
5.59244 1.22804 5.40582
5.58478 1.22623 5.40582
5.58168 1.2256 5.40582
5.5739 1.22209 5.40582
5.60006 1.23615 5.40582
5.58009 1.22551 5.40582
5.58224 1.2296 5.40582
5.54746 1.21386 5.40582
5.53724 1.21064 5.40582
5.53049 1.20899 5.40582
5.52085 1.20623 5.40582
5.51852 1.20556 5.40582
5.52608 1.20765 5.40582
5.54851 1.21932 5.40582
5.54359 1.21451 5.40582
5.56019 1.2229 5.40582
5.5364 1.21179 5.40582
5.56834 1.23106 5.40582
5.52699 1.21033 5.40582
5.54521 1.22528 5.40582
5.51402 1.20807 5.40582
5.50949 1.20405 5.40582
5.51842 1.21032 5.40582
5.51716 1.20905 5.40582
5.53732 1.21833 5.40582
5.53569 1.21703 5.40582
5.53453 1.21691 5.40582
5.52662 1.21495 5.40582
5.53595 1.21812 5.40582
5.54681 1.22444 5.40582
5.56664 1.23639 5.40582
5.51502 1.21027 5.40582
5.51562 1.21087 5.40582
5.53365 1.22163 5.40582
5.56122 1.23587 5.40582
5.53944 1.22674 5.40582
5.51952 1.21633 5.40582
5.50437 1.2081 5.40582
5.49236 1.20391 5.40582
5.52303 1.21539 5.40582
5.50678 1.20731 5.40582
5.52084 1.21262 5.40582
5.52401 1.21444 5.40582
5.52929 1.21564 5.40582
5.51898 1.21106 5.40582
5.51573 1.21079 5.40582
5.52362 1.21278 5.40582
5.54333 1.22485 5.40582
5.51317 1.20963 5.40582
5.50681 1.20822 5.40582
5.53917 1.22631 5.40582
5.52719 1.21624 5.40582
5.53667 1.21904 5.40582
5.55514 1.23119 5.40582
5.54857 1.22375 5.40582
5.54104 1.22122 5.40582
5.54741 1.22366 5.40582
5.53626 1.21754 5.40582
5.54837 1.2241 5.40582
5.53148 1.21607 5.40582
5.52757 1.21468 5.40582
5.53418 1.21686 5.40582
5.53681 1.21736 5.40582
5.59497 1.24969 5.40582
5.58548 1.24887 5.40582
5.52392 1.21281 5.40582
5.52885 1.21545 5.40582
5.51573 1.21062 5.40582
5.51126 1.20829 5.40582
5.52861 1.21647 5.40582
5.51168 1.21132 5.40582
5.50881 1.20973 5.40582
5.51587 1.21227 5.40582
5.49846 1.20275 5.40582
5.50631 1.20618 5.40582
5.50581 1.20714 5.40582
5.49319 1.20159 5.40582
5.49195 1.20037 5.40582
5.4831 1.19831 5.40582
5.48184 1.19723 5.40582
